VERSION:    3.1
ELEMENTS:              1
DATE:       MAR 10, 2010 20:51:51.297
CHANNELS:           4000
ROIS:        0
REAL_TIME:   250.0099945
LIVE_TIME:   200.4299927
CAL_OFFSET:  8.8112198e-002
CAL_SLOPE:   3.1493530e-002
CAL_QUAD:    0.0000000e+000
TWO_THETA:   9.9946346
DATA: 
 0
 0
 0
 0
 0
 0
 0
 0
 0
 0
 0
 0
 0
 0
 0
 0
 0
 0
 0
 0
 0
 0
 0
 0
 0
 0
 0
 0
 0
 0
 0
 0
 0
 0
 0
 0
 0
 0
 0
 0
 0
 0
 0
 0
 0
 0
 0
 0
 0
 0
 0
 0
 0
 0
 0
 0
 0
 0
 0
 0
 0
 0
 0
 0
 0
 0
 0
 0
 0
 0
 0
 20
 57
 53
 53
 46
 44
 47
 51
 42
 51
 53
 58
 50
 45
 56
 58
 50
 46
 52
 56
 63
 50
 62
 64
 59
 51
 56
 52
 62
 59
 56
 64
 58
 45
 58
 62
 65
 65
 47
 72
 85
 79
 54
 67
 54
 60
 56
 53
 59
 68
 57
 64
 86
 60
 68
 69
 76
 61
 72
 66
 66
 72
 60
 77
 91
 69
 61
 75
 54
 63
 67
 86
 63
 68
 73
 71
 78
 88
 89
 68
 77
 75
 79
 86
 66
 70
 64
 72
 83
 90
 62
 83
 77
 68
 75
 71
 61
 83
 71
 90
 62
 74
 72
 79
 67
 69
 80
 81
 87
 95
 77
 92
 91
 84
 81
 89
 91
 78
 73
 79
 72
 77
 78
 75
 87
 69
 89
 90
 85
 76
 83
 89
 76
 85
 99
 80
 75
 76
 71
 93
 76
 78
 85
 78
 76
 64
 67
 93
 73
 84
 64
 83
 74
 83
 80
 80
 84
 86
 79
 99
 82
 84
 95
 89
 93
 83
 86
 86
 109
 79
 90
 86
 89
 81
 95
 87
 88
 86
 73
 65
 71
 81
 69
 103
 91
 84
 81
 72
 90
 100
 81
 90
 75
 89
 94
 75
 92
 93
 90
 85
 72
 82
 73
 84
 93
 92
 80
 84
 93
 84
 81
 89
 95
 91
 85
 68
 76
 81
 72
 93
 75
 91
 95
 87
 91
 93
 85
 86
 81
 87
 99
 91
 87
 95
 87
 98
 105
 89
 95
 97
 95
 83
 87
 84
 103
 78
 106
 85
 82
 83
 98
 99
 109
 86
 99
 99
 82
 99
 117
 87
 89
 100
 101
 109
 112
 82
 96
 77
 100
 97
 97
 110
 96
 103
 94
 94
 97
 103
 100
 111
 92
 91
 84
 100
 77
 103
 97
 106
 109
 107
 89
 125
 94
 107
 98
 92
 113
 102
 99
 117
 100
 110
 100
 100
 109
 104
 133
 118
 115
 118
 118
 117
 129
 100
 125
 107
 106
 126
 114
 122
 89
 121
 125
 130
 117
 117
 108
 125
 129
 115
 106
 118
 131
 117
 112
 114
 122
 103
 113
 122
 108
 122
 132
 131
 117
 97
 110
 128
 125
 115
 124
 115
 121
 132
 128
 120
 124
 131
 129
 129
 123
 115
 130
 133
 134
 146
 121
 140
 122
 135
 131
 139
 143
 117
 136
 133
 109
 135
 135
 127
 133
 127
 125
 157
 130
 119
 134
 143
 117
 144
 124
 128
 156
 140
 157
 133
 156
 145
 148
 135
 149
 148
 140
 123
 129
 149
 154
 147
 142
 152
 158
 159
 153
 136
 167
 164
 151
 123
 150
 162
 162
 185
 185
 188
 178
 199
 185
 192
 197
 196
 149
 176
 198
 184
 175
 198
 152
 202
 196
 175
 177
 192
 193
 196
 175
 170
 202
 202
 201
 215
 198
 208
 231
 197
 191
 185
 191
 215
 180
 190
 229
 218
 223
 243
 210
 202
 247
 217
 234
 242
 232
 228
 240
 211
 237
 271
 258
 240
 271
 253
 284
 295
 317
 297
 266
 272
 275
 255
 269
 278
 265
 242
 295
 276
 292
 273
 279
 299
 272
 280
 310
 334
 292
 314
 310
 300
 314
 329
 278
 315
 325
 313
 330
 337
 334
 346
 308
 380
 357
 379
 337
 340
 354
 359
 345
 392
 368
 373
 399
 392
 394
 396
 416
 344
 383
 398
 381
 413
 438
 457
 402
 406
 398
 415
 384
 455
 477
 454
 462
 471
 457
 478
 461
 489
 451
 435
 462
 487
 461
 477
 517
 507
 485
 488
 491
 503
 495
 534
 497
 505
 554
 506
 572
 509
 493
 542
 559
 537
 525
 581
 583
 590
 594
 563
 563
 587
 628
 580
 557
 551
 593
 594
 575
 608
 576
 613
 615
 669
 661
 648
 655
 614
 661
 653
 685
 676
 700
 639
 699
 676
 639
 708
 686
 753
 678
 644
 673
 718
 713
 710
 716
 680
 708
 744
 738
 730
 749
 727
 701
 746
 782
 766
 782
 786
 763
 762
 843
 781
 755
 828
 827
 844
 823
 813
 773
 835
 836
 841
 789
 798
 864
 849
 818
 892
 834
 897
 875
 863
 887
 871
 888
 939
 916
 905
 932
 948
 864
 909
 944
 945
 890
 920
 910
 953
 897
 947
 938
 938
 954
 965
 972
 966
 969
 995
 1001
 961
 981
 981
 982
 1006
 1015
 1049
 1033
 1013
 970
 1023
 1033
 1026
 1031
 1016
 1002
 1066
 1048
 1054
 1051
 1016
 1044
 1087
 1051
 1059
 979
 1057
 1077
 1075
 1100
 1126
 1148
 1141
 1101
 1112
 1134
 1115
 1126
 1145
 1160
 1080
 1161
 1148
 1129
 1192
 1127
 1115
 1188
 1188
 1201
 1172
 1151
 1150
 1213
 1200
 1243
 1190
 1186
 1223
 1303
 1243
 1264
 1206
 1184
 1244
 1301
 1199
 1293
 1310
 1251
 1322
 1253
 1339
 1244
 1270
 1376
 1303
 1280
 1289
 1293
 1247
 1280
 1252
 1333
 1344
 1360
 1314
 1344
 1356
 1406
 1255
 1297
 1326
 1355
 1281
 1306
 1375
 1307
 1302
 1367
 1413
 1365
 1348
 1395
 1365
 1428
 1381
 1415
 1409
 1410
 1328
 1439
 1442
 1391
 1424
 1430
 1333
 1441
 1399
 1415
 1484
 1433
 1469
 1539
 1471
 1443
 1423
 1493
 1383
 1447
 1434
 1450
 1489
 1444
 1499
 1423
 1508
 1483
 1462
 1508
 1549
 1535
 1508
 1531
 1631
 1588
 1560
 1479
 1498
 1538
 1589
 1405
 1583
 1535
 1535
 1560
 1544
 1626
 1573
 1532
 1607
 1571
 1555
 1625
 1631
 1602
 1508
 1615
 1611
 1619
 1647
 1619
 1632
 1617
 1604
 1678
 1614
 1592
 1666
 1636
 1669
 1764
 1680
 1622
 1664
 1713
 1638
 1682
 1690
 1661
 1738
 1663
 1829
 1724
 1774
 1730
 1781
 1744
 1763
 1738
 1787
 1724
 1823
 1782
 1792
 1756
 1865
 1784
 1820
 1785
 1826
 1793
 1883
 1806
 1825
 1816
 1896
 1816
 1796
 1879
 1819
 1836
 1769
 1926
 1866
 1910
 1878
 1866
 1866
 1873
 1953
 1902
 1881
 1875
 1972
 1911
 1878
 1950
 1888
 1951
 1945
 1978
 1966
 1943
 1937
 1993
 2052
 1956
 1945
 1955
 1987
 1973
 2046
 2001
 1935
 2021
 1992
 2077
 2001
 2046
 1997
 2067
 2087
 2063
 2083
 2109
 2069
 2145
 2037
 2140
 2122
 2083
 2264
 2125
 2104
 2106
 2133
 2235
 2159
 2268
 2153
 2216
 2129
 2215
 2236
 2209
 2170
 2201
 2245
 2229
 2171
 2269
 2192
 2148
 2234
 2238
 2254
 2212
 2263
 2342
 2308
 2268
 2288
 2331
 2387
 2319
 2337
 2405
 2290
 2310
 2373
 2307
 2319
 2428
 2378
 2359
 2378
 2427
 2387
 2396
 2433
 2352
 2382
 2460
 2388
 2433
 2423
 2472
 2442
 2507
 2469
 2538
 2552
 2517
 2502
 2627
 2572
 2606
 2515
 2510
 2579
 2577
 2640
 2530
 2597
 2529
 2622
 2673
 2608
 2602
 2607
 2657
 2657
 2669
 2725
 2711
 2714
 2629
 2705
 2777
 2693
 2775
 2616
 2715
 2728
 2794
 2674
 2715
 2724
 2781
 2728
 2741
 2746
 2764
 2821
 2788
 2786
 2852
 2845
 2854
 2824
 2796
 2845
 2872
 2916
 2930
 2798
 2898
 2924
 2848
 2819
 2924
 2784
 2872
 2957
 2908
 2968
 2987
 2968
 3004
 2985
 3050
 3123
 3048
 3096
 3154
 3050
 3049
 3066
 3053
 3074
 3065
 3064
 3030
 3090
 3065
 3134
 3174
 3196
 3106
 3187
 3137
 3209
 3248
 3157
 3211
 3354
 3277
 3262
 3247
 3207
 3209
 3294
 3226
 3337
 3270
 3266
 3364
 3338
 3341
 3339
 3227
 3173
 3385
 3279
 3463
 3459
 3338
 3461
 3381
 3378
 3522
 3438
 3471
 3334
 3497
 3481
 3530
 3306
 3467
 3514
 3421
 3357
 3447
 3483
 3384
 3523
 3510
 3566
 3557
 3559
 3631
 3568
 3478
 3600
 3655
 3492
 3558
 3651
 3545
 3645
 3566
 3542
 3539
 3629
 3617
 3630
 3692
 3696
 3757
 3691
 3733
 3732
 3657
 3666
 3663
 3749
 3707
 3740
 3735
 3738
 3762
 3772
 3684
 3696
 3867
 3720
 3960
 3823
 3938
 3866
 3893
 3854
 3811
 3870
 3842
 3803
 3904
 3747
 3825
 3942
 3991
 3816
 3919
 3902
 3877
 3856
 3873
 3850
 3875
 3826
 3788
 3886
 3770
 3826
 3975
 3978
 3873
 3779
 3848
 3937
 3803
 3811
 3903
 3859
 3884
 3941
 3782
 3878
 3904
 3912
 3884
 3775
 3807
 3795
 3912
 3868
 4032
 3931
 3951
 3925
 4029
 3867
 3919
 3845
 3868
 3832
 3929
 3856
 3754
 3874
 3850
 3837
 3806
 3974
 3874
 4032
 3891
 3834
 4025
 3899
 3868
 3918
 3917
 3778
 3886
 3777
 3957
 3841
 3897
 3895
 3817
 3853
 3742
 3824
 3786
 3732
 3821
 3743
 3879
 3804
 3688
 3740
 3772
 3815
 3806
 3701
 3789
 3816
 3783
 3673
 3738
 3705
 3738
 3801
 3747
 3850
 3754
 3715
 3741
 3638
 3803
 3797
 3680
 3651
 3694
 3783
 3640
 3510
 3639
 3704
 3674
 3648
 3634
 3594
 3623
 3653
 3558
 3644
 3645
 3621
 3438
 3499
 3546
 3500
 3459
 3628
 3475
 3481
 3448
 3378
 3567
 3420
 3453
 3323
 3523
 3493
 3351
 3438
 3365
 3307
 3405
 3332
 3337
 3275
 3374
 3352
 3401
 3276
 3439
 3302
 3194
 3261
 3330
 3301
 3189
 3326
 3280
 3133
 3181
 3224
 3184
 3117
 3222
 3125
 3198
 3112
 3157
 3176
 3196
 3174
 3116
 3123
 3140
 3061
 3126
 2996
 3085
 3093
 2952
 3009
 3054
 3065
 2932
 2979
 2993
 2883
 3010
 2900
 2984
 2955
 2921
 2905
 2770
 2878
 2847
 2893
 3001
 2845
 2857
 2801
 2881
 2858
 2780
 2854
 2699
 2773
 2698
 2801
 2863
 2731
 2729
 2638
 2611
 2723
 2688
 2650
 2611
 2634
 2750
 2594
 2677
 2632
 2571
 2611
 2631
 2628
 2542
 2490
 2524
 2598
 2540
 2582
 2540
 2580
 2482
 2560
 2520
 2539
 2465
 2426
 2395
 2497
 2541
 2397
 2390
 2410
 2399
 2389
 2342
 2343
 2373
 2310
 2291
 2387
 2295
 2373
 2311
 2294
 2266
 2272
 2301
 2318
 2296
 2340
 2218
 2257
 2236
 2204
 2240
 2179
 2140
 2173
 2176
 2183
 2213
 2168
 2151
 2169
 2132
 2169
 2063
 2106
 2096
 2045
 2182
 2104
 2140
 2043
 2056
 2093
 1937
 1955
 1998
 2068
 1977
 2010
 1968
 2131
 2016
 1925
 1968
 1980
 1920
 1934
 1952
 1964
 2001
 1929
 1862
 1917
 1947
 1945
 1860
 1871
 1919
 1876
 1875
 1871
 1864
 1793
 1740
 1882
 1822
 1857
 1834
 1897
 1873
 1884
 1960
 1862
 1803
 1746
 1770
 1831
 1820
 1843
 1717
 1806
 1755
 1785
 1750
 1758
 1758
 1643
 1746
 1760
 1695
 1696
 1758
 1788
 1773
 1774
 1786
 1735
 1757
 1826
 1763
 1786
 1861
 1835
 1860
 1815
 1890
 1818
 1924
 1810
 1957
 1934
 2004
 2010
 2066
 2180
 2123
 2142
 2276
 2256
 2373
 2400
 2405
 2473
 2560
 2635
 2632
 2686
 2740
 2770
 2624
 2829
 2869
 2819
 2839
 2842
 2711
 2863
 2849
 2850
 2894
 2797
 3015
 3029
 3231
 3605
 3783
 4135
 4664
 5092
 5632
 5908
 6277
 6681
 6836
 6724
 6741
 6582
 6200
 5707
 5231
 4653
 4187
 3598
 3152
 2825
 2406
 2250
 2001
 1700
 1631
 1471
 1495
 1415
 1388
 1332
 1329
 1327
 1292
 1283
 1243
 1206
 1257
 1235
 1222
 1151
 1203
 1177
 1263
 1138
 1224
 1147
 1170
 1153
 1201
 1158
 1195
 1126
 1129
 1180
 1203
 1162
 1161
 1113
 1073
 1114
 1143
 1115
 1135
 1124
 1090
 1088
 1108
 1090
 1134
 1102
 1077
 1073
 1067
 1098
 1128
 1071
 1041
 1044
 1040
 1045
 1001
 1078
 1061
 1033
 1084
 1032
 1112
 1060
 1059
 995
 1017
 1030
 1033
 1021
 985
 1017
 972
 955
 1046
 993
 1033
 952
 969
 1002
 970
 986
 979
 880
 992
 963
 941
 973
 926
 911
 929
 917
 975
 936
 936
 945
 930
 918
 933
 937
 942
 925
 897
 957
 950
 884
 867
 872
 852
 878
 881
 936
 890
 911
 887
 888
 882
 798
 953
 886
 885
 922
 847
 915
 893
 835
 856
 850
 850
 833
 845
 855
 854
 882
 783
 850
 875
 825
 829
 865
 863
 768
 827
 812
 828
 798
 796
 824
 793
 841
 780
 824
 777
 816
 827
 841
 816
 789
 786
 769
 805
 807
 746
 798
 781
 755
 751
 779
 767
 731
 771
 816
 792
 802
 802
 764
 845
 743
 738
 747
 757
 723
 722
 759
 727
 730
 769
 715
 766
 704
 751
 774
 712
 743
 708
 793
 710
 733
 734
 665
 628
 716
 701
 694
 653
 713
 684
 695
 740
 721
 715
 679
 690
 700
 627
 679
 677
 699
 661
 655
 711
 613
 706
 656
 687
 680
 652
 697
 655
 672
 653
 692
 625
 646
 675
 653
 689
 620
 651
 680
 663
 622
 630
 651
 671
 621
 683
 666
 611
 648
 616
 663
 617
 626
 640
 635
 632
 621
 659
 613
 635
 634
 634
 637
 589
 623
 575
 581
 593
 622
 656
 637
 646
 560
 629
 586
 672
 562
 571
 575
 583
 568
 578
 635
 598
 597
 602
 573
 567
 571
 588
 563
 577
 588
 569
 576
 568
 558
 580
 543
 565
 612
 584
 565
 544
 632
 574
 574
 567
 568
 564
 579
 535
 598
 584
 594
 556
 589
 555
 574
 544
 517
 530
 530
 520
 586
 520
 540
 539
 533
 530
 579
 551
 549
 545
 530
 499
 532
 542
 514
 529
 504
 520
 502
 478
 514
 574
 532
 542
 506
 525
 483
 545
 481
 520
 519
 520
 514
 534
 528
 503
 523
 500
 532
 514
 486
 511
 549
 493
 503
 520
 521
 486
 511
 533
 497
 499
 498
 441
 559
 511
 494
 491
 517
 479
 497
 529
 512
 540
 507
 532
 454
 482
 456
 519
 511
 497
 547
 480
 526
 464
 479
 489
 477
 482
 448
 488
 499
 457
 479
 488
 451
 473
 493
 446
 518
 494
 480
 503
 510
 474
 500
 472
 443
 461
 465
 480
 454
 445
 443
 435
 486
 440
 453
 450
 454
 483
 458
 476
 473
 466
 458
 467
 452
 479
 429
 456
 439
 435
 453
 410
 423
 422
 437
 450
 474
 449
 458
 417
 419
 478
 434
 444
 409
 434
 486
 425
 453
 437
 424
 423
 422
 443
 443
 409
 420
 424
 419
 409
 424
 413
 432
 409
 422
 399
 401
 446
 427
 404
 423
 362
 385
 424
 378
 373
 357
 373
 377
 371
 342
 342
 350
 315
 327
 333
 311
 327
 311
 345
 289
 290
 294
 267
 306
 308
 316
 281
 332
 272
 278
 291
 300
 265
 282
 275
 263
 269
 286
 290
 280
 296
 274
 268
 265
 283
 302
 277
 258
 271
 286
 245
 304
 290
 298
 272
 293
 272
 275
 291
 232
 284
 259
 285
 260
 298
 280
 250
 263
 295
 293
 287
 280
 266
 276
 265
 268
 257
 255
 253
 260
 249
 250
 242
 251
 260
 285
 280
 269
 266
 264
 250
 232
 257
 277
 272
 265
 253
 275
 274
 266
 248
 244
 254
 268
 260
 237
 280
 238
 260
 259
 273
 250
 253
 291
 289
 280
 305
 312
 291
 263
 279
 284
 276
 301
 281
 279
 315
 249
 277
 272
 257
 275
 248
 260
 244
 255
 247
 276
 264
 255
 261
 242
 235
 208
 238
 213
 203
 221
 238
 242
 225
 235
 259
 250
 202
 206
 196
 235
 229
 245
 224
 227
 232
 203
 222
 225
 214
 238
 213
 217
 218
 226
 214
 225
 220
 214
 200
 226
 232
 221
 205
 202
 224
 219
 219
 210
 238
 222
 219
 227
 213
 199
 205
 188
 176
 219
 203
 191
 220
 197
 187
 215
 206
 203
 210
 196
 185
 213
 208
 209
 197
 197
 209
 196
 192
 213
 206
 202
 163
 189
 189
 201
 189
 196
 174
 204
 225
 179
 174
 205
 199
 226
 171
 199
 200
 194
 202
 188
 189
 193
 170
 179
 204
 188
 197
 195
 196
 196
 178
 188
 191
 195
 177
 190
 170
 166
 203
 178
 162
 181
 204
 215
 178
 184
 190
 197
 177
 171
 187
 175
 189
 170
 155
 165
 186
 207
 205
 178
 173
 187
 176
 172
 184
 159
 184
 173
 169
 179
 176
 175
 143
 172
 208
 170
 183
 180
 175
 176
 181
 171
 173
 187
 184
 172
 161
 170
 162
 168
 189
 186
 164
 161
 157
 166
 184
 164
 169
 187
 179
 158
 162
 167
 157
 166
 179
 182
 138
 166
 169
 175
 184
 193
 170
 158
 174
 160
 173
 132
 163
 204
 162
 172
 177
 155
 171
 168
 158
 153
 166
 153
 179
 180
 158
 169
 133
 168
 146
 177
 170
 190
 177
 162
 170
 168
 166
 162
 179
 155
 161
 139
 179
 155
 160
 163
 178
 177
 187
 163
 157
 158
 138
 137
 150
 177
 156
 175
 158
 178
 173
 190
 185
 188
 184
 192
 210
 189
 191
 248
 210
 245
 254
 229
 241
 271
 228
 241
 251
 237
 237
 238
 207
 210
 199
 198
 200
 183
 199
 200
 163
 185
 136
 133
 142
 164
 149
 153
 152
 134
 142
 156
 155
 139
 166
 148
 143
 141
 158
 166
 154
 145
 185
 169
 178
 166
 162
 147
 157
 143
 174
 159
 159
 135
 154
 137
 151
 167
 176
 173
 180
 170
 184
 194
 206
 211
 226
 241
 279
 274
 291
 377
 387
 458
 462
 484
 521
 560
 608
 601
 639
 624
 652
 603
 605
 538
 490
 534
 444
 402
 449
 393
 398
 342
 293
 297
 237
 237
 206
 218
 205
 209
 161
 162
 160
 154
 148
 167
 169
 150
 163
 144
 148
 152
 135
 149
 149
 147
 153
 121
 131
 152
 148
 156
 165
 151
 152
 151
 145
 155
 191
 149
 161
 176
 190
 164
 185
 158
 171
 177
 170
 167
 152
 189
 162
 177
 186
 159
 150
 162
 151
 134
 149
 142
 148
 133
 128
 166
 134
 145
 138
 162
 173
 138
 166
 135
 160
 150
 149
 147
 141
 142
 150
 152
 143
 133
 145
 142
 145
 142
 135
 150
 124
 129
 132
 144
 111
 119
 136
 131
 149
 131
 150
 127
 128
 125
 148
 140
 161
 137
 133
 114
 108
 144
 131
 133
 137
 132
 128
 118
 129
 131
 155
 130
 141
 138
 136
 135
 128
 138
 154
 134
 95
 117
 125
 142
 151
 119
 99
 102
 133
 123
 120
 109
 124
 119
 129
 132
 116
 112
 127
 114
 129
 126
 118
 96
 110
 133
 119
 136
 123
 127
 92
 112
 137
 118
 100
 140
 115
 131
 106
 114
 134
 117
 139
 118
 105
 103
 132
 111
 117
 113
 138
 112
 114
 139
 106
 107
 97
 103
 124
 116
 110
 92
 113
 123
 104
 110
 105
 103
 99
 108
 93
 88
 124
 109
 107
 96
 117
 117
 98
 113
 107
 149
 121
 103
 121
 122
 106
 98
 108
 109
 119
 101
 105
 104
 101
 89
 115
 126
 112
 99
 121
 93
 103
 106
 106
 105
 122
 106
 113
 120
 91
 111
 110
 122
 100
 99
 100
 104
 127
 100
 114
 117
 88
 96
 101
 128
 95
 94
 97
 103
 90
 95
 101
 92
 100
 99
 96
 102
 94
 98
 117
 100
 102
 103
 112
 110
 96
 78
 100
 113
 104
 95
 102
 111
 86
 101
 110
 103
 112
 98
 89
 91
 111
 90
 90
 91
 91
 107
 101
 91
 115
 89
 95
 97
 103
 93
 87
 81
 100
 94
 93
 96
 86
 97
 104
 100
 97
 87
 100
 92
 95
 92
 92
 82
 93
 88
 82
 90
 96
 98
 75
 81
 91
 91
 83
 94
 78
 84
 86
 88
 101
 95
 80
 75
 91
 80
 84
 90
 91
 76
 92
 85
 76
 96
 104
 99
 100
 86
 89
 76
 84
 94
 80
 82
 76
 80
 91
 76
 82
 79
 88
 66
 77
 82
 82
 91
 65
 74
 63
 85
 71
 92
 82
 71
 88
 84
 77
 87
 81
 79
 82
 81
 83
 91
 73
 71
 81
 98
 84
 81
 101
 74
 74
 84
 88
 90
 96
 93
 94
 85
 82
 85
 118
 95
 100
 102
 101
 96
 118
 78
 88
 100
 103
 86
 77
 103
 83
 85
 86
 79
 87
 99
 88
 78
 74
 74
 69
 74
 70
 71
 82
 68
 67
 74
 60
 86
 57
 77
 77
 75
 64
 75
 72
 62
 61
 84
 70
 66
 73
 76
 73
 78
 66
 75
 55
 67
 55
 64
 67
 73
 70
 61
 72
 66
 63
 60
 71
 81
 71
 79
 63
 67
 70
 66
 68
 79
 78
 65
 69
 65
 63
 73
 56
 60
 69
 63
 66
 61
 63
 78
 69
 66
 78
 53
 51
 67
 51
 69
 75
 65
 61
 64
 67
 47
 63
 62
 58
 56
 65
 55
 62
 55
 63
 57
 65
 66
 66
 57
 58
 76
 61
 53
 47
 55
 71
 60
 68
 63
 65
 56
 56
 61
 40
 69
 57
 58
 55
 50
 55
 60
 62
 46
 44
 47
 65
 47
 78
 67
 60
 67
 60
 59
 58
 54
 60
 61
 50
 56
 54
 50
 48
 46
 58
 44
 52
 57
 41
 46
 56
 64
 41
 65
 60
 71
 57
 64
 60
 47
 67
 63
 68
 53
 66
 64
 52
 56
 49
 57
 57
 60
 52
 44
 46
 59
 51
 65
 63
 64
 62
 63
 53
 60
 49
 62
 57
 49
 52
 55
 54
 62
 54
 49
 59
 50
 68
 50
 46
 59
 62
 59
 62
 50
 51
 53
 41
 53
 61
 50
 55
 44
 54
 54
 49
 52
 54
 41
 50
 47
 61
 54
 54
 65
 60
 48
 54
 56
 39
 48
 50
 52
 67
 58
 43
 55
 52
 59
 61
 56
 61
 64
 54
 45
 48
 40
 46
 54
 50
 53
 44
 51
 46
 55
 51
 44
 31
 52
 45
 51
 55
 46
 53
 64
 41
 66
 62
 48
 58
 53
 64
 68
 65
 60
 55
 60
 52
 31
 45
 61
 53
 60
 49
 52
 34
 49
 42
 50
 52
 45
 50
 42
 47
 59
 39
 39
 40
 43
 40
 46
 49
 41
 45
 44
 35
 43
 46
 35
 43
 42
 38
 35
 52
 41
 50
 42
 33
 33
 42
 28
 38
 37
 45
 46
 41
 54
 51
 33
 40
 44
 38
 40
 39
 33
 38
 38
 42
 40
 45
 42
 47
 36
 44
 31
 37
 36
 33
 30
 39
 35
 42
 49
 32
 52
 42
 44
 28
 37
 24
 39
 47
 31
 37
 28
 34
 45
 36
 44
 48
 36
 34
 31
 35
 31
 43
 38
 27
 48
 31
 40
 37
 37
 34
 31
 31
 34
 33
 30
 29
 38
 37
 30
 44
 31
 43
 22
 35
 30
 44
 36
 43
 44
 30
 27
 45
 30
 38
 45
 30
 40
 47
 42
 42
 33
 33
 36
 31
 34
 38
 34
 41
 35
 34
 46
 37
 30
 37
 36
 39
 33
 30
 33
 33
 42
 34
 37
 34
 36
 32
 38
 30
 37
 32
 32
 33
 36
 25
 27
 33
 28
 30
 35
 40
 34
 34
 34
 23
 38
 37
 26
 27
 35
 30
 31
 34
 22
 51
 39
 29
 27
 39
 35
 35
 27
 30
 39
 38
 26
 27
 28
 36
 30
 25
 30
 36
 36
 29
 36
 35
 21
 29
 42
 29
 34
 25
 24
 32
 36
 33
 30
 36
 42
 25
 36
 40
 22
 30
 26
 37
 28
 32
 37
 36
 28
 37
 31
 26
 37
 34
 28
 42
 29
 23
 21
 34
 41
 36
 25
 41
 35
 32
 35
 29
 34
 19
 26
 31
 22
 25
 25
 30
 26
 26
 28
 38
 41
 34
 27
 27
 25
 31
 32
 23
 27
 25
 28
 35
 34
 20
 29
 35
 37
 26
 33
 23
 23
 31
 21
 30
 30
 23
 33
 42
 31
 20
 34
 25
 30
 26
 32
 31
 23
 25
 31
 30
 28
 32
 26
 19
 32
 23
 28
 20
 25
 27
 28
 22
 24
 22
 26
 26
 25
 25
 30
 33
 24
 23
 32
 29
 22
 24
 24
 25
 19
 35
 25
 32
 32
 35
 26
 17
 24
 35
 27
 22
 26
 29
 25
 19
 28
 25
 22
 29
 31
 23
 30
 29
 29
 16
 24
 26
 23
 29
 26
 18
 21
 29
 24
 24
 33
 37
 29
 32
 36
 29
 27
 26
 27
 44
 38
 39
 35
 38
 37
 50
 38
 36
 33
 38
 33
 31
 31
 46
 37
 44
 35
 42
 36
 35
 43
 41
 32
 37
 27
 32
 30
 30
 40
 26
 28
 25
 26
 29
 28
 22
 31
 16
 27
 22
 28
 25
 25
 26
 16
 26
 19
 22
 22
 24
 21
 24
 25
 26
 21
 26
 22
 14
 24
 17
 25
 28
 25
 23
 27
 18
 30
 26
 27
 17
 26
 25
 20
 18
 25
 13
 22
 19
 23
 25
 22
 20
 21
 22
 24
 16
 19
 11
 23
 17
 20
 19
 22
 26
 26
 22
 30
 20
 28
 19
 25
 19
 18
 18
 26
 29
 24
 20
 28
 19
 25
 22
 16
 19
 13
 23
 13
 27
 21
 21
 19
 30
 21
 20
 17
 22
 17
 21
 11
 11
 22
 20
 22
 22
 23
 9
 23
 10
 15
 18
 24
 17
 24
 15
 24
 21
 16
 24
 22
 24
 29
 16
 18
 26
 13
 19
 17
 15
 22
 15
 18
 15
 13
 20
 27
 15
 18
 21
 19
 27
 22
 20
 15
 28
 29
 17
 12
 17
 16
 18
 22
 16
 14
 22
 15
 20
 13
 12
 16
 17
 20
 16
 11
 27
 14
 28
 18
 16
 19
 21
 24
 17
 18
 22
 18
 13
 20
 18
 18
 15
 18
 13
 21
 17
 16
 15
 18
 13
 19
 16
 21
 22
 21
 17
 18
 11
 17
 22
 25
 18
