VERSION:    3.1
ELEMENTS:              1
DATE:       MAR 11, 2010 06:56:06.183
CHANNELS:           4000
ROIS:        0
REAL_TIME:   817.3400269
LIVE_TIME:   800.3099976
CAL_OFFSET:  8.8112198e-002
CAL_SLOPE:   3.1493530e-002
CAL_QUAD:    0.0000000e+000
TWO_THETA:   9.9946346
DATA: 
 0
 0
 0
 0
 0
 0
 0
 0
 0
 0
 0
 0
 0
 0
 0
 0
 0
 0
 0
 0
 0
 0
 0
 0
 0
 0
 0
 0
 0
 0
 0
 0
 0
 0
 0
 0
 0
 0
 0
 0
 0
 0
 0
 0
 0
 0
 0
 0
 0
 0
 0
 0
 0
 0
 0
 0
 0
 0
 0
 0
 0
 0
 0
 0
 0
 0
 0
 0
 0
 0
 1
 14
 20
 27
 19
 18
 11
 15
 23
 14
 20
 24
 19
 24
 16
 21
 27
 25
 27
 22
 22
 23
 14
 27
 20
 25
 21
 21
 18
 24
 26
 35
 24
 23
 22
 14
 24
 29
 18
 29
 16
 26
 23
 28
 23
 25
 26
 17
 27
 24
 21
 33
 20
 29
 28
 19
 26
 32
 25
 18
 18
 18
 25
 33
 23
 25
 23
 15
 28
 22
 33
 26
 38
 35
 24
 35
 31
 21
 23
 33
 34
 26
 38
 39
 27
 27
 26
 32
 26
 33
 21
 37
 30
 28
 28
 27
 25
 24
 23
 25
 39
 35
 21
 31
 32
 25
 36
 29
 35
 28
 39
 46
 33
 39
 36
 38
 37
 45
 31
 31
 41
 33
 41
 46
 32
 45
 31
 44
 41
 39
 40
 38
 47
 49
 44
 36
 44
 40
 36
 43
 35
 39
 33
 49
 36
 36
 41
 46
 43
 54
 39
 50
 30
 58
 39
 47
 49
 33
 59
 33
 45
 48
 42
 77
 39
 45
 53
 55
 57
 55
 47
 60
 52
 55
 46
 66
 43
 55
 53
 44
 52
 52
 63
 51
 43
 48
 64
 47
 58
 71
 60
 48
 56
 50
 50
 56
 62
 60
 65
 53
 55
 58
 53
 50
 53
 62
 64
 68
 61
 55
 55
 70
 44
 59
 57
 67
 54
 59
 56
 77
 58
 57
 64
 68
 70
 80
 60
 64
 67
 70
 67
 68
 63
 68
 73
 90
 76
 71
 69
 73
 67
 60
 87
 81
 74
 80
 75
 66
 69
 69
 85
 56
 58
 69
 64
 67
 80
 78
 75
 66
 70
 73
 73
 63
 73
 56
 88
 63
 67
 70
 75
 79
 72
 81
 76
 77
 82
 65
 62
 71
 74
 85
 66
 78
 85
 70
 83
 73
 84
 78
 71
 84
 82
 77
 83
 86
 70
 74
 84
 89
 61
 90
 69
 81
 86
 85
 85
 67
 89
 58
 72
 73
 79
 72
 85
 65
 88
 92
 76
 81
 71
 86
 71
 73
 80
 92
 77
 89
 78
 89
 98
 94
 82
 79
 68
 99
 75
 81
 84
 84
 98
 95
 97
 75
 94
 88
 80
 100
 88
 85
 78
 83
 110
 103
 85
 82
 106
 101
 102
 106
 86
 70
 105
 87
 108
 99
 100
 99
 107
 98
 128
 90
 103
 100
 101
 104
 103
 128
 99
 117
 110
 100
 125
 112
 116
 116
 105
 104
 117
 149
 138
 124
 135
 131
 131
 135
 125
 118
 162
 143
 129
 146
 135
 134
 152
 135
 146
 156
 128
 148
 156
 172
 136
 157
 163
 185
 168
 192
 174
 199
 177
 196
 221
 212
 212
 218
 235
 253
 258
 252
 230
 217
 244
 221
 190
 214
 187
 210
 214
 240
 209
 206
 213
 222
 222
 229
 224
 215
 215
 247
 221
 259
 251
 204
 245
 233
 247
 233
 221
 259
 233
 259
 233
 215
 233
 263
 256
 261
 263
 277
 281
 256
 278
 307
 312
 280
 312
 316
 360
 411
 338
 382
 367
 425
 361
 397
 379
 386
 344
 338
 327
 324
 275
 323
 316
 315
 366
 339
 376
 320
 290
 364
 359
 314
 329
 349
 378
 363
 348
 342
 362
 393
 373
 394
 354
 372
 404
 392
 401
 419
 375
 429
 392
 433
 431
 468
 432
 436
 445
 438
 438
 457
 468
 443
 476
 467
 452
 462
 445
 477
 488
 461
 533
 475
 471
 497
 514
 507
 563
 554
 565
 563
 576
 604
 511
 574
 590
 595
 573
 506
 606
 581
 542
 575
 580
 597
 568
 600
 589
 561
 595
 575
 593
 599
 596
 665
 665
 620
 636
 600
 629
 612
 684
 673
 610
 635
 640
 635
 658
 651
 643
 672
 673
 693
 670
 626
 685
 693
 634
 692
 756
 729
 713
 730
 695
 708
 763
 743
 748
 700
 799
 797
 732
 705
 727
 738
 789
 736
 771
 765
 802
 716
 812
 770
 816
 741
 747
 748
 773
 757
 780
 857
 777
 809
 866
 881
 844
 839
 825
 865
 861
 841
 821
 843
 861
 866
 883
 810
 817
 910
 845
 882
 879
 932
 922
 832
 892
 902
 886
 879
 874
 942
 841
 941
 909
 953
 881
 979
 959
 903
 930
 919
 987
 929
 916
 922
 931
 988
 1004
 962
 953
 932
 996
 936
 1002
 986
 1008
 1020
 1004
 1015
 978
 1040
 967
 1018
 1046
 1013
 997
 980
 1050
 1013
 1064
 1050
 1013
 984
 1016
 1087
 1023
 1031
 1055
 1074
 1087
 1054
 1096
 1092
 1057
 1121
 1081
 1117
 1057
 1079
 1135
 1146
 1127
 1152
 1087
 1096
 1097
 1106
 1145
 1071
 1148
 1133
 1135
 1136
 1151
 1191
 1161
 1118
 1173
 1203
 1246
 1150
 1193
 1229
 1225
 1166
 1218
 1246
 1214
 1232
 1236
 1259
 1260
 1246
 1217
 1260
 1316
 1254
 1254
 1290
 1291
 1260
 1268
 1285
 1224
 1263
 1296
 1284
 1386
 1261
 1318
 1300
 1313
 1338
 1323
 1327
 1332
 1221
 1292
 1247
 1367
 1352
 1335
 1330
 1328
 1378
 1340
 1293
 1350
 1403
 1414
 1369
 1381
 1455
 1341
 1405
 1332
 1443
 1366
 1363
 1320
 1370
 1400
 1382
 1423
 1333
 1394
 1366
 1353
 1391
 1425
 1407
 1430
 1495
 1370
 1410
 1404
 1394
 1410
 1405
 1395
 1434
 1472
 1424
 1440
 1407
 1394
 1387
 1448
 1400
 1420
 1357
 1430
 1469
 1381
 1396
 1471
 1357
 1354
 1358
 1492
 1372
 1430
 1486
 1427
 1464
 1407
 1428
 1453
 1470
 1457
 1422
 1444
 1466
 1390
 1455
 1419
 1500
 1389
 1419
 1421
 1466
 1437
 1503
 1463
 1423
 1465
 1482
 1436
 1441
 1423
 1424
 1485
 1523
 1455
 1488
 1430
 1434
 1500
 1411
 1432
 1491
 1427
 1485
 1470
 1453
 1454
 1462
 1418
 1418
 1440
 1430
 1468
 1409
 1430
 1461
 1452
 1437
 1418
 1377
 1357
 1413
 1453
 1439
 1487
 1438
 1476
 1482
 1446
 1440
 1457
 1366
 1424
 1485
 1457
 1452
 1457
 1411
 1458
 1534
 1483
 1464
 1477
 1463
 1411
 1498
 1448
 1485
 1516
 1493
 1488
 1465
 1495
 1454
 1505
 1575
 1529
 1496
 1497
 1506
 1460
 1523
 1457
 1532
 1532
 1524
 1485
 1459
 1455
 1480
 1499
 1477
 1465
 1482
 1437
 1449
 1497
 1467
 1415
 1513
 1444
 1442
 1471
 1501
 1485
 1511
 1538
 1435
 1412
 1461
 1427
 1463
 1431
 1415
 1505
 1407
 1424
 1441
 1392
 1400
 1365
 1336
 1382
 1403
 1368
 1354
 1356
 1303
 1285
 1287
 1327
 1345
 1278
 1330
 1261
 1301
 1234
 1260
 1247
 1209
 1268
 1182
 1243
 1159
 1215
 1192
 1170
 1169
 1239
 1162
 1199
 1179
 1197
 1179
 1178
 1161
 1096
 1129
 1033
 1104
 1098
 1039
 1084
 1002
 1075
 960
 1050
 992
 992
 979
 988
 952
 1041
 940
 954
 1013
 935
 980
 860
 961
 978
 908
 895
 859
 919
 924
 880
 882
 911
 869
 873
 830
 904
 935
 869
 852
 848
 824
 825
 856
 809
 785
 859
 828
 888
 875
 826
 797
 853
 859
 845
 864
 773
 851
 782
 787
 810
 833
 756
 831
 788
 786
 721
 779
 755
 743
 788
 761
 728
 735
 748
 743
 726
 731
 757
 762
 693
 756
 739
 797
 745
 722
 703
 775
 759
 694
 747
 729
 769
 745
 710
 747
 752
 709
 748
 740
 770
 722
 724
 769
 752
 720
 737
 707
 748
 706
 785
 743
 710
 747
 703
 681
 711
 751
 689
 754
 783
 727
 655
 710
 712
 702
 685
 740
 660
 713
 728
 771
 726
 697
 697
 687
 761
 691
 697
 723
 678
 717
 731
 690
 734
 729
 676
 730
 746
 656
 703
 702
 709
 748
 661
 649
 675
 719
 692
 739
 742
 706
 725
 674
 711
 680
 691
 704
 689
 720
 677
 718
 655
 657
 732
 671
 670
 672
 702
 673
 643
 678
 685
 679
 660
 676
 707
 664
 706
 662
 741
 658
 640
 701
 669
 663
 664
 672
 702
 689
 710
 625
 679
 635
 620
 658
 633
 655
 661
 681
 646
 647
 661
 642
 699
 648
 670
 619
 659
 669
 682
 659
 613
 691
 697
 630
 629
 631
 641
 613
 668
 636
 657
 690
 663
 632
 637
 691
 626
 638
 644
 654
 575
 651
 621
 615
 588
 612
 594
 607
 630
 603
 608
 604
 555
 598
 587
 625
 601
 611
 592
 597
 607
 541
 599
 606
 598
 573
 591
 600
 549
 573
 604
 586
 608
 546
 557
 548
 593
 538
 532
 540
 587
 572
 524
 548
 542
 594
 561
 567
 502
 589
 502
 609
 522
 555
 525
 542
 572
 494
 549
 505
 531
 528
 504
 510
 518
 542
 552
 543
 486
 514
 498
 554
 541
 571
 521
 505
 543
 542
 527
 510
 544
 507
 525
 527
 484
 531
 477
 475
 498
 452
 473
 498
 493
 490
 488
 435
 472
 497
 455
 458
 492
 507
 485
 452
 466
 410
 454
 483
 479
 466
 481
 456
 463
 436
 465
 461
 490
 442
 414
 444
 450
 458
 472
 445
 453
 426
 405
 458
 448
 425
 439
 515
 440
 463
 433
 446
 442
 433
 440
 414
 460
 464
 426
 426
 471
 427
 457
 425
 429
 449
 430
 420
 429
 472
 434
 440
 437
 442
 441
 437
 413
 447
 428
 471
 454
 420
 435
 422
 446
 472
 398
 414
 409
 441
 406
 457
 434
 432
 467
 401
 441
 445
 428
 459
 441
 436
 428
 428
 418
 431
 412
 469
 468
 444
 382
 447
 423
 441
 426
 435
 443
 445
 424
 456
 413
 446
 412
 462
 399
 406
 430
 436
 380
 389
 445
 432
 408
 431
 446
 442
 393
 402
 442
 438
 402
 409
 444
 414
 427
 420
 432
 407
 430
 414
 416
 428
 450
 433
 426
 429
 418
 417
 398
 407
 401
 427
 418
 391
 419
 380
 382
 435
 407
 415
 420
 431
 414
 415
 409
 394
 438
 436
 388
 409
 427
 409
 445
 422
 466
 415
 365
 445
 408
 397
 433
 406
 400
 430
 419
 383
 411
 404
 440
 372
 448
 422
 367
 401
 408
 409
 398
 423
 421
 432
 390
 392
 427
 384
 385
 409
 389
 425
 409
 360
 411
 416
 438
 374
 384
 394
 409
 420
 398
 395
 428
 363
 408
 367
 390
 403
 397
 412
 394
 372
 383
 383
 370
 386
 364
 371
 421
 367
 374
 387
 377
 369
 410
 378
 391
 365
 436
 377
 391
 357
 366
 345
 369
 367
 369
 374
 380
 396
 369
 383
 366
 391
 379
 350
 378
 338
 372
 347
 368
 369
 370
 356
 386
 315
 362
 355
 340
 356
 335
 359
 374
 339
 368
 349
 365
 415
 317
 372
 361
 364
 349
 338
 333
 335
 336
 352
 349
 324
 329
 350
 349
 338
 332
 321
 335
 339
 344
 337
 315
 330
 333
 347
 333
 312
 317
 351
 300
 344
 342
 293
 317
 345
 337
 326
 346
 325
 331
 349
 303
 352
 319
 342
 347
 321
 290
 298
 307
 327
 302
 317
 320
 288
 287
 302
 314
 333
 284
 327
 309
 319
 318
 276
 285
 283
 306
 300
 299
 312
 325
 319
 303
 318
 300
 305
 284
 279
 290
 297
 275
 307
 302
 318
 257
 255
 278
 286
 284
 280
 290
 298
 257
 259
 293
 285
 299
 289
 312
 298
 287
 277
 305
 266
 258
 309
 275
 257
 300
 264
 298
 270
 306
 303
 294
 286
 259
 263
 277
 294
 274
 248
 290
 284
 255
 258
 277
 291
 271
 237
 273
 270
 264
 259
 238
 249
 277
 246
 257
 252
 246
 262
 235
 264
 263
 270
 251
 226
 264
 254
 260
 243
 236
 276
 259
 236
 244
 244
 238
 262
 267
 254
 238
 244
 235
 231
 212
 253
 269
 259
 253
 237
 250
 250
 238
 232
 248
 238
 207
 232
 275
 230
 234
 237
 242
 213
 239
 220
 241
 232
 211
 232
 239
 237
 219
 207
 213
 245
 225
 217
 224
 208
 202
 183
 224
 208
 218
 234
 242
 220
 217
 219
 205
 196
 240
 203
 204
 218
 213
 218
 194
 193
 193
 230
 218
 203
 207
 224
 207
 212
 197
 224
 202
 202
 221
 209
 201
 220
 227
 204
 203
 223
 218
 194
 205
 188
 199
 201
 207
 195
 195
 190
 203
 213
 182
 184
 194
 216
 188
 222
 203
 228
 195
 186
 195
 230
 174
 218
 213
 212
 214
 178
 184
 167
 195
 181
 184
 175
 210
 167
 197
 194
 184
 220
 173
 187
 211
 188
 181
 178
 166
 199
 199
 195
 174
 214
 173
 176
 179
 182
 188
 203
 172
 182
 203
 157
 189
 190
 195
 195
 168
 189
 174
 171
 156
 185
 175
 157
 184
 202
 204
 162
 170
 168
 180
 167
 163
 204
 173
 170
 176
 179
 171
 163
 163
 161
 197
 166
 180
 155
 181
 183
 165
 184
 161
 191
 169
 167
 169
 167
 164
 176
 147
 170
 171
 171
 179
 163
 167
 168
 175
 161
 162
 172
 176
 155
 168
 156
 179
 157
 162
 160
 145
 178
 180
 182
 153
 156
 151
 175
 163
 146
 155
 150
 150
 155
 157
 173
 151
 155
 162
 145
 141
 182
 158
 168
 157
 151
 162
 179
 158
 177
 147
 154
 135
 146
 151
 151
 151
 161
 149
 151
 162
 164
 161
 145
 157
 171
 151
 160
 150
 176
 179
 145
 170
 157
 144
 165
 169
 172
 165
 130
 150
 137
 125
 143
 152
 158
 147
 177
 142
 159
 148
 140
 157
 129
 128
 112
 141
 160
 131
 171
 140
 159
 121
 160
 135
 137
 147
 133
 140
 133
 173
 144
 139
 134
 143
 130
 142
 143
 128
 140
 137
 137
 153
 124
 134
 151
 135
 130
 135
 124
 129
 135
 154
 128
 122
 133
 126
 135
 127
 123
 104
 114
 116
 84
 96
 98
 92
 94
 86
 92
 89
 102
 97
 81
 79
 84
 99
 100
 84
 105
 93
 90
 77
 97
 85
 77
 89
 96
 105
 94
 91
 91
 86
 83
 95
 70
 82
 85
 93
 86
 81
 96
 86
 95
 76
 74
 81
 84
 72
 76
 86
 91
 74
 86
 77
 78
 82
 94
 84
 88
 86
 70
 78
 84
 80
 67
 98
 87
 76
 90
 68
 76
 69
 80
 76
 72
 95
 66
 97
 82
 71
 70
 87
 73
 73
 68
 90
 78
 86
 69
 78
 78
 72
 86
 79
 90
 82
 65
 84
 81
 56
 76
 72
 68
 79
 67
 77
 66
 81
 87
 77
 79
 91
 77
 85
 92
 74
 74
 78
 69
 74
 100
 62
 76
 62
 92
 98
 82
 75
 80
 81
 71
 91
 76
 73
 69
 67
 77
 80
 79
 70
 73
 69
 68
 69
 78
 79
 90
 81
 63
 68
 62
 74
 77
 77
 69
 78
 67
 72
 79
 70
 69
 72
 82
 79
 68
 76
 72
 73
 70
 63
 61
 78
 79
 75
 65
 56
 58
 76
 57
 68
 83
 65
 64
 64
 83
 82
 59
 85
 65
 47
 65
 70
 61
 69
 67
 54
 76
 51
 61
 69
 73
 78
 74
 51
 65
 63
 59
 61
 67
 63
 79
 64
 59
 59
 62
 67
 52
 50
 70
 71
 70
 72
 78
 64
 78
 57
 63
 70
 64
 60
 69
 54
 75
 57
 65
 63
 65
 66
 61
 75
 53
 67
 70
 72
 67
 57
 54
 60
 69
 58
 82
 60
 69
 56
 54
 71
 65
 52
 63
 54
 61
 57
 63
 67
 60
 70
 64
 57
 51
 75
 58
 50
 71
 66
 57
 62
 70
 61
 74
 66
 67
 66
 63
 58
 57
 60
 62
 74
 65
 51
 62
 51
 54
 67
 63
 52
 53
 62
 74
 57
 57
 52
 52
 65
 67
 56
 56
 50
 60
 57
 53
 43
 60
 49
 50
 52
 52
 73
 53
 45
 63
 55
 74
 51
 56
 68
 52
 51
 49
 58
 44
 54
 56
 51
 56
 46
 47
 56
 53
 48
 44
 53
 54
 59
 53
 47
 54
 43
 53
 53
 52
 60
 47
 70
 44
 46
 45
 48
 38
 68
 59
 49
 45
 50
 55
 60
 53
 50
 55
 47
 47
 44
 53
 44
 46
 42
 54
 43
 56
 50
 52
 48
 45
 49
 57
 56
 49
 56
 47
 40
 46
 44
 47
 49
 54
 45
 50
 53
 50
 49
 45
 44
 42
 38
 37
 54
 30
 42
 51
 48
 51
 51
 38
 49
 45
 50
 54
 45
 41
 38
 45
 42
 42
 60
 55
 33
 52
 53
 42
 53
 47
 40
 39
 44
 34
 46
 43
 45
 39
 38
 44
 43
 50
 49
 38
 46
 44
 52
 30
 50
 44
 48
 48
 38
 34
 41
 49
 41
 33
 40
 40
 31
 42
 46
 48
 40
 58
 47
 42
 46
 40
 39
 42
 39
 47
 42
 38
 38
 52
 40
 46
 49
 36
 45
 52
 40
 36
 41
 40
 41
 46
 41
 35
 35
 32
 34
 45
 38
 37
 37
 43
 48
 35
 31
 39
 31
 29
 28
 24
 39
 39
 32
 35
 36
 40
 40
 47
 29
 29
 33
 28
 40
 38
 45
 38
 27
 46
 38
 25
 38
 37
 44
 40
 42
 32
 38
 44
 29
 46
 40
 36
 35
 42
 26
 24
 40
 40
 39
 24
 39
 43
 23
 30
 40
 31
 41
 31
 47
 32
 40
 25
 28
 47
 44
 31
 29
 36
 28
 27
 40
 34
 28
 28
 44
 30
 27
 23
 29
 37
 37
 37
 31
 27
 27
 36
 43
 29
 27
 34
 38
 34
 44
 33
 26
 31
 32
 33
 25
 28
 32
 25
 29
 30
 34
 23
 24
 35
 30
 26
 30
 33
 17
 29
 28
 23
 36
 29
 36
 44
 24
 27
 27
 26
 21
 35
 27
 31
 22
 27
 43
 30
 27
 28
 24
 22
 31
 28
 29
 19
 25
 38
 28
 31
 30
 26
 26
 23
 23
 23
 29
 37
 27
 24
 28
 31
 21
 26
 25
 31
 31
 32
 25
 25
 29
 30
 25
 23
 24
 22
 29
 32
 23
 25
 21
 25
 31
 25
 37
 33
 23
 23
 21
 28
 27
 30
 20
 23
 19
 26
 24
 32
 37
 22
 19
 35
 26
 25
 25
 26
 23
 32
 26
 21
 22
 26
 30
 24
 23
 24
 30
 23
 32
 24
 25
 14
 32
 21
 22
 17
 15
 22
 24
 39
 23
 30
 28
 19
 20
 25
 23
 18
 26
 24
 30
 29
 25
 22
 32
 20
 21
 15
 32
 22
 25
 26
 28
 25
 16
 18
 18
 23
 23
 17
 21
 28
 23
 27
 28
 26
 25
 31
 26
 26
 18
 14
 27
 31
 19
 27
 16
 14
 22
 11
 20
 18
 20
 19
 17
 21
 24
 29
 22
 24
 25
 20
 19
 24
 23
 17
 18
 19
 24
 28
 24
 23
 22
 23
 16
 22
 19
 25
 30
 17
 16
 28
 20
 20
 15
 22
 19
 20
 22
 22
 24
 32
 20
 22
 22
 20
 18
 25
 15
 27
 20
 21
 24
 19
 26
 21
 11
 25
 20
 20
 22
 21
 23
 17
 15
 21
 10
 23
 17
 17
 21
 15
 15
 16
 13
 16
 25
 19
 18
 23
 24
 20
 28
 31
 19
 15
 23
 24
 19
 26
 9
 24
 20
 20
 12
 16
 21
 13
 17
 16
 17
 15
 16
 18
 28
 21
 15
 19
 16
 28
 24
 20
 18
 20
 21
 16
 22
 15
 12
 17
 17
 21
 17
 19
 20
 17
 23
 17
 21
 24
 19
 25
 15
 15
 17
 16
 23
 16
 17
 24
 17
 24
 23
 21
 13
 24
 13
 16
 16
 18
 14
 19
 14
 19
 15
 18
 18
 23
 14
 16
 18
 7
 9
 11
 19
 15
 27
 12
 16
 12
 18
 9
 18
 12
 14
 16
 15
 15
 13
 16
 18
 18
 17
 15
 18
 21
 17
 17
 19
 17
 19
 17
 9
 16
 20
 22
 16
 18
 16
 20
 14
 19
 15
 15
 15
 18
 17
 16
 16
 17
 16
 15
 20
 21
 11
 12
 13
 16
 14
 15
 11
 19
 14
 14
 15
 18
 13
 8
 14
 15
 20
 12
 14
 15
 16
 19
 13
 14
 18
 12
 9
 11
 15
 12
 8
 19
 12
 10
 23
 14
 7
 15
 8
 14
 12
 12
 18
 15
 19
 14
 10
 12
 11
 14
 14
 16
 15
 14
 10
 11
 17
 9
 22
 19
 13
 15
 8
 8
 17
 9
 9
 19
 12
 14
 13
 18
 19
 7
 11
 18
 7
 10
 13
 11
 19
 7
 20
 12
 23
 12
 12
 17
 15
 10
 14
 14
 15
 4
 9
 8
 14
 9
 15
 10
 11
 15
 17
 13
 16
 9
 14
 10
 13
 10
 8
 16
 15
 17
 11
 13
 14
 7
 13
 14
 7
 17
 6
 14
 10
 16
 12
 16
 6
 11
 9
 16
 10
 8
 11
 11
 9
 9
 17
 10
 13
 10
 13
 14
 11
 8
 9
 17
 12
 8
 13
 11
 7
 16
 12
 15
 14
 15
 20
 13
 8
 9
 11
 8
 10
 11
 11
 13
 12
 13
 6
 15
 19
 7
 10
 5
 12
 8
 12
 8
 5
 19
 14
 13
 8
 8
 13
 13
 10
 6
 13
 9
 11
 10
 8
 10
 13
 6
 11
 5
 7
 13
 11
 8
 9
 10
 13
 8
 12
 9
 9
 8
 7
 7
 10
 9
 11
 8
 12
 9
 6
 11
 8
 15
 12
 5
 15
 9
 5
 10
 6
 6
 11
 11
 17
 7
 6
 9
 8
 10
 12
 8
 12
 5
 11
 8
 8
 20
 16
 11
 9
 9
 7
 5
 15
 14
 10
 8
 10
 10
 7
 20
 6
 15
 6
 11
 11
 8
 9
 11
 7
 13
 4
 7
 7
 7
 5
 11
 15
 12
 10
 10
 7
 9
 10
 7
 4
 8
 6
 10
 8
 7
 9
 11
 14
 13
 13
 8
 10
 9
 12
 10
 6
 13
 6
 8
 9
 15
 7
 7
 3
 6
 11
 14
 11
 9
 11
 11
 9
 5
 6
 7
 5
 7
 9
 6
 12
 8
 7
 7
 9
 13
 12
 8
 9
 10
 12
 8
 11
 6
 10
 9
 4
 7
 5
 8
 9
 8
 10
 7
 16
 12
 8
 7
 10
 5
 4
 9
 10
 6
 13
 11
 2
 7
 6
 6
 11
 14
 3
 4
 6
 6
 9
 9
 8
 9
 7
 5
 4
 6
 12
 7
 8
 8
 1
 6
 3
 3
 9
 8
 8
 8
 10
 11
 9
 5
 6
 8
 11
 9
 7
 7
 11
 13
 6
 8
 8
 3
 4
 6
 6
 7
 10
 5
 5
 8
 7
 9
 8
 5
 11
 7
 8
 4
 6
 4
 5
 8
 4
 9
 8
 8
 11
 6
 4
 9
 6
 7
 7
 4
 10
 12
 4
 3
 5
 8
 9
 6
 4
 8
 3
 5
 9
 6
 9
 10
 8
 6
 4
 7
 7
 6
 9
 4
 6
 8
 6
 8
 3
 3
 10
 8
 5
 6
 8
 6
 6
 7
 4
 9
 6
 9
 1
 7
 8
 8
 7
 5
 10
 7
 6
 4
 6
 6
 3
 9
 3
 2
 6
 8
 5
 4
 2
 4
 3
 10
 3
 3
 6
 2
 6
 8
 3
 3
 9
 5
 6
 2
 6
 2
 6
 7
 8
 4
 5
 9
 9
 7
 4
 4
 9
 6
 3
 8
 6
 5
 9
 5
 2
 6
 6
 1
 7
 6
 4
 7
 7
 5
 8
 8
 1
 5
 5
 4
 11
 3
 6
 7
 5
 12
 7
 7
 8
 3
 8
 7
 5
 3
 6
 10
 11
 5
 7
 6
 7
 6
 7
 8
 4
 6
 7
 5
 10
 2
 4
 1
 5
 5
 4
 7
 4
 10
 5
 4
 2
 8
 5
 4
 5
 5
 3
 2
 4
 3
 9
 4
 3
 4
 10
 2
 5
 5
 4
 3
 7
 7
 8
 4
 2
 7
 2
 6
 2
 2
 6
 7
 3
 7
 4
 4
 7
 6
 3
 2
 4
 6
 1
 4
 7
 4
 6
 5
 8
 5
 8
 6
 5
 9
 4
 6
 5
 7
 5
 4
 7
 6
 4
 2
 3
 4
 4
 1
 5
 1
 6
 3
 5
 3
 3
 3
 5
 3
 4
 3
 4
 6
 6
 3
 6
 5
 6
 7
 4
 8
 2
 2
 5
 1
 8
 5
 3
 7
 4
 3
 4
 7
 3
 4
 4
 4
 8
 2
 6
 5
 4
 4
 3
 4
 2
 5
 2
 7
 5
 6
 3
 7
 4
 4
 4
 4
 5
 6
 4
 2
 4
 5
 3
 5
 5
 4
 6
 4
 4
 3
 2
 2
 2
 3
 3
 10
 1
 6
 4
 1
 2
 3
 3
 5
 3
 5
 5
 4
 2
 5
 3
 10
 5
 4
 5
 2
 2
 1
 5
 6
 3
 4
 3
 4
 7
 1
 4
 3
 0
 2
 4
 2
 1
 2
 4
 4
 5
 2
 5
 1
 4
 2
 3
 1
 6
 2
 1
 4
 9
 5
 4
 4
 2
 3
 5
 4
 3
 1
 7
 3
 5
 4
 6
 5
 3
 2
