VERSION:    3.1
ELEMENTS:              1
DATE:       MAR 11, 2010 00:55:33.689
CHANNELS:           4000
ROIS:        0
REAL_TIME:   1220.0600586
LIVE_TIME:   1200.3399658
CAL_OFFSET:  8.8112198e-002
CAL_SLOPE:   3.1493530e-002
CAL_QUAD:    0.0000000e+000
TWO_THETA:   9.9946346
DATA: 
 0
 0
 0
 0
 0
 0
 0
 0
 0
 0
 0
 0
 0
 0
 0
 0
 0
 0
 0
 0
 0
 0
 0
 0
 0
 0
 0
 0
 0
 0
 0
 0
 0
 0
 0
 0
 0
 0
 0
 0
 0
 0
 0
 0
 0
 0
 0
 0
 0
 0
 0
 0
 0
 0
 0
 0
 0
 0
 0
 0
 0
 0
 0
 0
 0
 0
 0
 0
 0
 0
 1
 23
 31
 20
 26
 24
 23
 26
 28
 24
 22
 32
 28
 32
 26
 28
 20
 27
 26
 25
 26
 23
 27
 22
 28
 19
 21
 28
 15
 20
 22
 27
 30
 17
 20
 25
 18
 25
 22
 24
 23
 31
 25
 30
 29
 26
 29
 20
 33
 35
 32
 34
 26
 29
 22
 24
 31
 29
 24
 33
 31
 31
 33
 24
 31
 30
 21
 22
 25
 34
 26
 24
 29
 24
 24
 26
 30
 33
 27
 24
 21
 26
 30
 32
 34
 34
 41
 27
 28
 30
 51
 28
 34
 37
 35
 39
 26
 33
 30
 41
 35
 30
 36
 49
 30
 27
 36
 43
 35
 39
 47
 46
 48
 42
 42
 57
 40
 44
 33
 45
 45
 44
 49
 57
 39
 49
 34
 42
 44
 49
 48
 52
 63
 52
 60
 40
 57
 58
 42
 50
 45
 52
 47
 47
 49
 59
 41
 53
 59
 52
 54
 48
 66
 56
 61
 57
 57
 62
 48
 45
 61
 57
 50
 58
 80
 77
 78
 71
 77
 88
 76
 85
 80
 81
 66
 63
 69
 60
 63
 54
 61
 60
 76
 68
 54
 70
 64
 63
 65
 72
 66
 69
 74
 77
 60
 62
 61
 90
 65
 69
 71
 59
 85
 86
 67
 70
 87
 76
 60
 76
 71
 75
 72
 72
 60
 73
 85
 65
 71
 71
 83
 83
 83
 69
 59
 84
 70
 91
 75
 83
 92
 89
 78
 86
 81
 85
 89
 74
 88
 101
 99
 78
 94
 82
 88
 84
 73
 73
 88
 88
 65
 73
 93
 80
 87
 64
 83
 88
 76
 84
 77
 88
 81
 83
 95
 90
 82
 73
 89
 82
 91
 96
 98
 109
 92
 83
 75
 111
 94
 93
 98
 88
 81
 82
 87
 95
 90
 97
 96
 86
 88
 101
 90
 108
 100
 118
 111
 105
 107
 117
 96
 90
 94
 103
 106
 103
 96
 101
 90
 122
 110
 89
 111
 94
 92
 97
 112
 115
 95
 86
 107
 114
 105
 89
 105
 109
 93
 92
 117
 119
 99
 122
 108
 103
 108
 113
 120
 101
 106
 107
 123
 111
 109
 111
 106
 128
 112
 125
 101
 117
 121
 102
 131
 133
 115
 144
 149
 130
 120
 129
 131
 126
 125
 130
 130
 128
 116
 125
 122
 123
 144
 119
 122
 153
 132
 144
 130
 139
 150
 159
 126
 137
 144
 125
 132
 141
 149
 167
 149
 148
 156
 175
 145
 155
 164
 158
 191
 173
 172
 160
 170
 173
 172
 175
 192
 168
 162
 166
 169
 158
 205
 188
 188
 185
 182
 172
 186
 204
 226
 213
 203
 223
 249
 256
 256
 283
 311
 283
 289
 270
 280
 285
 264
 248
 277
 234
 245
 233
 236
 255
 289
 264
 232
 253
 244
 235
 234
 276
 245
 262
 301
 260
 293
 292
 323
 307
 289
 305
 317
 312
 298
 330
 308
 335
 342
 315
 367
 332
 337
 335
 368
 371
 364
 407
 419
 426
 420
 449
 489
 513
 569
 487
 509
 547
 519
 455
 457
 488
 466
 484
 417
 438
 426
 454
 438
 453
 453
 421
 431
 450
 449
 471
 440
 445
 463
 456
 489
 465
 461
 514
 476
 448
 508
 488
 492
 481
 506
 507
 503
 506
 508
 533
 531
 546
 516
 552
 525
 598
 538
 528
 573
 563
 549
 580
 567
 587
 533
 570
 637
 617
 618
 621
 605
 652
 637
 601
 708
 659
 651
 739
 701
 675
 670
 680
 693
 686
 684
 685
 665
 710
 666
 688
 708
 713
 705
 750
 741
 738
 697
 744
 754
 728
 741
 750
 750
 766
 760
 785
 802
 777
 841
 794
 751
 876
 835
 827
 817
 786
 833
 831
 892
 768
 859
 865
 864
 874
 918
 868
 864
 887
 893
 870
 948
 859
 932
 984
 924
 1012
 966
 993
 987
 964
 989
 960
 1005
 1037
 946
 958
 1002
 990
 1009
 1021
 1065
 1094
 1076
 1077
 1105
 1048
 1040
 1137
 1078
 1154
 1082
 1033
 1131
 1110
 1152
 1126
 1130
 1216
 1236
 1140
 1182
 1268
 1275
 1147
 1201
 1251
 1182
 1300
 1230
 1212
 1250
 1227
 1230
 1304
 1276
 1250
 1206
 1296
 1276
 1278
 1314
 1324
 1286
 1371
 1366
 1320
 1336
 1359
 1311
 1391
 1381
 1401
 1307
 1458
 1399
 1425
 1438
 1420
 1424
 1366
 1413
 1425
 1456
 1432
 1433
 1554
 1400
 1407
 1471
 1513
 1559
 1450
 1494
 1456
 1518
 1494
 1457
 1401
 1502
 1445
 1444
 1520
 1476
 1504
 1581
 1551
 1579
 1617
 1478
 1583
 1524
 1539
 1481
 1508
 1561
 1520
 1481
 1500
 1576
 1529
 1549
 1514
 1493
 1547
 1564
 1562
 1568
 1573
 1587
 1619
 1556
 1576
 1560
 1514
 1606
 1564
 1592
 1598
 1607
 1588
 1589
 1537
 1631
 1599
 1597
 1660
 1585
 1577
 1655
 1739
 1624
 1669
 1582
 1583
 1674
 1630
 1688
 1639
 1561
 1676
 1715
 1643
 1634
 1723
 1679
 1627
 1730
 1670
 1701
 1619
 1751
 1682
 1799
 1679
 1661
 1705
 1768
 1745
 1700
 1668
 1745
 1693
 1770
 1800
 1769
 1663
 1817
 1798
 1758
 1801
 1823
 1728
 1813
 1765
 1768
 1823
 1776
 1753
 1848
 1744
 1699
 1762
 1748
 1864
 1788
 1862
 1777
 1805
 1802
 1770
 1767
 1772
 1799
 1758
 1836
 1767
 1770
 1819
 1746
 1776
 1814
 1714
 1761
 1814
 1723
 1697
 1763
 1728
 1673
 1683
 1650
 1711
 1753
 1695
 1720
 1798
 1725
 1707
 1685
 1659
 1753
 1635
 1646
 1647
 1609
 1529
 1604
 1489
 1573
 1603
 1538
 1500
 1509
 1534
 1507
 1499
 1388
 1498
 1443
 1403
 1467
 1328
 1450
 1470
 1321
 1351
 1356
 1389
 1400
 1359
 1349
 1352
 1338
 1324
 1303
 1252
 1304
 1269
 1271
 1235
 1205
 1176
 1173
 1182
 1209
 1206
 1216
 1197
 1150
 1202
 1141
 1176
 1179
 1159
 1155
 1219
 1102
 1154
 1080
 1111
 1127
 1102
 1129
 1100
 1042
 1075
 1124
 1032
 1138
 1060
 1108
 1048
 1103
 1083
 1063
 1092
 1059
 1016
 1007
 1046
 1097
 1086
 1052
 1051
 1000
 1048
 1048
 1013
 1029
 968
 1084
 989
 975
 1050
 1073
 1010
 1052
 1075
 1048
 956
 1005
 1005
 1033
 1016
 978
 1014
 1004
 984
 959
 1020
 1003
 1021
 968
 990
 1003
 990
 991
 971
 1025
 999
 1032
 991
 1018
 1003
 1054
 938
 982
 994
 942
 1035
 948
 1026
 995
 1021
 1009
 1086
 998
 999
 1014
 952
 1036
 941
 959
 932
 1011
 1011
 950
 1040
 1017
 1010
 1073
 941
 1057
 1010
 1007
 1044
 1024
 1057
 1006
 1021
 1006
 1005
 1015
 1029
 1020
 1002
 1032
 986
 972
 1042
 1001
 992
 974
 1037
 1065
 1008
 962
 931
 995
 995
 931
 1050
 973
 934
 966
 1010
 983
 967
 1001
 983
 935
 1003
 951
 994
 956
 970
 985
 972
 978
 1010
 996
 935
 1030
 954
 992
 946
 935
 900
 897
 943
 976
 957
 948
 994
 944
 976
 956
 909
 975
 956
 897
 940
 888
 983
 933
 931
 918
 936
 912
 894
 962
 903
 885
 891
 939
 925
 899
 883
 876
 870
 915
 899
 895
 871
 889
 926
 891
 899
 866
 877
 891
 892
 865
 853
 883
 868
 904
 914
 843
 852
 893
 856
 802
 873
 780
 778
 843
 858
 803
 826
 878
 820
 843
 783
 779
 816
 822
 833
 817
 737
 769
 846
 765
 841
 793
 825
 791
 766
 809
 793
 813
 797
 804
 795
 780
 764
 770
 793
 768
 727
 720
 713
 769
 784
 806
 720
 747
 749
 748
 721
 729
 728
 745
 761
 768
 771
 715
 730
 766
 738
 767
 750
 767
 719
 714
 701
 741
 747
 711
 668
 667
 720
 742
 694
 664
 736
 659
 710
 681
 731
 721
 671
 692
 683
 674
 757
 685
 707
 687
 707
 682
 667
 701
 660
 678
 699
 712
 712
 706
 674
 712
 660
 729
 697
 647
 691
 680
 740
 673
 684
 670
 728
 691
 667
 693
 645
 636
 697
 720
 724
 718
 669
 692
 705
 699
 699
 694
 682
 693
 659
 674
 676
 651
 687
 659
 670
 674
 666
 669
 653
 700
 670
 612
 649
 678
 693
 666
 706
 682
 701
 679
 677
 702
 652
 628
 680
 689
 670
 688
 699
 671
 705
 612
 695
 678
 643
 699
 689
 738
 680
 771
 734
 694
 689
 685
 708
 666
 688
 689
 683
 643
 726
 668
 694
 735
 664
 695
 664
 689
 677
 688
 655
 664
 673
 640
 700
 731
 721
 649
 733
 637
 688
 668
 722
 688
 670
 699
 674
 733
 697
 664
 671
 691
 638
 676
 671
 694
 658
 699
 669
 686
 704
 710
 702
 657
 715
 677
 662
 645
 632
 662
 647
 707
 657
 668
 660
 700
 648
 622
 669
 584
 635
 634
 651
 676
 651
 705
 669
 632
 647
 652
 629
 629
 614
 636
 609
 616
 632
 643
 626
 592
 625
 571
 605
 597
 626
 648
 639
 632
 631
 620
 602
 600
 624
 588
 611
 600
 595
 642
 586
 614
 607
 617
 645
 580
 552
 636
 608
 617
 594
 603
 587
 587
 582
 590
 564
 631
 574
 582
 569
 520
 636
 608
 576
 601
 551
 576
 575
 592
 563
 602
 569
 510
 608
 552
 521
 566
 556
 599
 536
 590
 570
 531
 570
 597
 586
 525
 553
 561
 559
 558
 508
 572
 547
 550
 566
 544
 560
 518
 555
 502
 505
 531
 500
 542
 502
 516
 550
 520
 503
 501
 541
 522
 528
 487
 539
 514
 506
 520
 512
 521
 492
 509
 535
 540
 504
 527
 515
 498
 503
 509
 492
 481
 496
 517
 462
 497
 500
 477
 494
 457
 496
 481
 506
 485
 528
 468
 441
 501
 453
 461
 482
 488
 486
 473
 445
 443
 471
 456
 480
 474
 482
 468
 490
 437
 459
 469
 447
 441
 491
 446
 474
 439
 461
 453
 442
 432
 411
 416
 418
 454
 442
 421
 430
 420
 430
 425
 419
 429
 434
 389
 413
 399
 457
 436
 480
 414
 433
 408
 422
 385
 403
 409
 407
 426
 423
 398
 378
 392
 440
 406
 391
 412
 416
 397
 399
 380
 367
 404
 363
 400
 423
 411
 376
 390
 367
 409
 391
 380
 377
 381
 384
 398
 387
 376
 385
 400
 375
 415
 417
 358
 386
 409
 365
 387
 352
 369
 363
 383
 360
 392
 410
 371
 368
 386
 321
 365
 384
 425
 380
 368
 320
 391
 331
 359
 383
 380
 333
 342
 340
 332
 363
 326
 385
 356
 354
 345
 369
 355
 346
 355
 306
 401
 340
 303
 330
 321
 351
 332
 346
 327
 296
 325
 360
 325
 315
 335
 330
 337
 341
 315
 359
 336
 357
 324
 356
 299
 285
 343
 324
 308
 322
 344
 320
 326
 333
 330
 322
 353
 318
 324
 295
 324
 309
 325
 310
 298
 312
 352
 311
 291
 318
 290
 308
 334
 305
 315
 313
 317
 305
 322
 318
 321
 323
 294
 320
 317
 303
 302
 324
 292
 313
 305
 304
 290
 289
 301
 318
 306
 345
 283
 290
 328
 318
 282
 271
 300
 284
 300
 313
 327
 275
 283
 279
 332
 287
 281
 285
 313
 327
 268
 273
 276
 328
 285
 296
 304
 286
 293
 285
 294
 287
 295
 292
 292
 287
 315
 292
 300
 285
 278
 312
 295
 265
 278
 249
 278
 300
 279
 284
 258
 281
 263
 250
 252
 256
 314
 303
 286
 285
 264
 277
 290
 244
 300
 295
 281
 244
 283
 291
 252
 252
 263
 282
 265
 279
 279
 279
 302
 257
 253
 257
 265
 268
 259
 242
 260
 245
 263
 273
 278
 266
 258
 276
 233
 253
 270
 286
 256
 263
 282
 255
 242
 287
 257
 276
 263
 256
 281
 271
 283
 262
 297
 264
 256
 233
 259
 282
 249
 249
 228
 243
 229
 285
 243
 229
 226
 245
 262
 223
 203
 245
 235
 208
 208
 235
 228
 216
 247
 216
 217
 239
 232
 220
 206
 220
 219
 222
 226
 255
 231
 266
 227
 227
 232
 223
 232
 234
 217
 240
 245
 245
 226
 205
 204
 229
 238
 227
 256
 221
 216
 249
 205
 242
 248
 245
 214
 210
 229
 216
 220
 211
 253
 227
 237
 232
 197
 199
 218
 207
 209
 233
 214
 234
 237
 205
 218
 198
 205
 244
 196
 202
 215
 220
 196
 201
 219
 206
 219
 213
 230
 197
 196
 206
 204
 229
 192
 227
 214
 203
 225
 199
 195
 198
 210
 211
 194
 193
 198
 226
 208
 229
 221
 190
 217
 219
 193
 216
 195
 212
 222
 187
 182
 222
 216
 156
 192
 194
 202
 192
 224
 206
 203
 209
 228
 206
 196
 215
 207
 190
 233
 218
 207
 213
 170
 201
 207
 178
 218
 202
 199
 187
 213
 191
 214
 191
 199
 183
 211
 219
 210
 210
 211
 193
 202
 191
 184
 191
 198
 200
 206
 205
 199
 192
 206
 196
 200
 198
 203
 185
 189
 186
 189
 217
 170
 196
 216
 180
 175
 216
 194
 206
 186
 187
 219
 179
 219
 187
 202
 194
 200
 188
 176
 185
 185
 207
 173
 185
 186
 196
 200
 195
 184
 211
 183
 176
 217
 188
 177
 188
 213
 188
 198
 200
 208
 207
 187
 198
 216
 195
 191
 182
 202
 199
 196
 194
 197
 199
 184
 185
 231
 191
 209
 208
 212
 180
 169
 167
 202
 201
 182
 166
 191
 200
 183
 182
 174
 181
 195
 207
 168
 170
 166
 179
 181
 172
 168
 173
 191
 173
 171
 204
 168
 182
 183
 193
 159
 142
 172
 195
 170
 194
 187
 159
 168
 163
 189
 174
 187
 167
 171
 182
 190
 156
 158
 165
 163
 153
 141
 149
 156
 185
 167
 138
 140
 157
 158
 153
 168
 143
 123
 137
 127
 114
 103
 111
 150
 106
 127
 118
 107
 94
 128
 103
 113
 130
 116
 100
 120
 121
 119
 114
 106
 108
 116
 116
 119
 117
 104
 105
 112
 107
 110
 87
 109
 119
 100
 114
 95
 108
 107
 104
 99
 104
 104
 103
 95
 93
 103
 90
 110
 98
 119
 118
 73
 114
 104
 99
 109
 101
 109
 81
 98
 98
 98
 87
 103
 105
 105
 107
 114
 108
 99
 87
 97
 90
 103
 88
 98
 108
 117
 88
 82
 91
 98
 79
 102
 91
 128
 95
 84
 108
 115
 88
 85
 91
 94
 92
 101
 95
 109
 76
 94
 82
 84
 104
 75
 97
 92
 96
 79
 98
 99
 82
 100
 99
 84
 100
 88
 73
 77
 97
 104
 92
 88
 86
 81
 84
 90
 65
 77
 93
 90
 86
 78
 91
 106
 72
 83
 91
 101
 90
 85
 95
 91
 95
 89
 76
 64
 82
 80
 100
 72
 82
 65
 72
 95
 89
 71
 99
 76
 85
 74
 62
 100
 73
 83
 73
 85
 77
 81
 86
 87
 96
 84
 104
 75
 86
 72
 86
 72
 76
 71
 80
 75
 74
 78
 94
 86
 78
 77
 58
 73
 77
 77
 80
 66
 66
 79
 75
 77
 71
 79
 82
 86
 74
 79
 71
 75
 79
 69
 85
 60
 56
 65
 77
 66
 84
 63
 79
 71
 68
 70
 60
 69
 74
 67
 78
 85
 79
 70
 72
 66
 74
 66
 61
 83
 86
 73
 76
 77
 80
 80
 58
 71
 68
 74
 68
 56
 72
 73
 76
 63
 63
 58
 52
 71
 63
 70
 63
 59
 64
 60
 63
 73
 67
 75
 65
 77
 81
 67
 76
 65
 69
 57
 72
 67
 51
 74
 72
 58
 55
 63
 56
 57
 64
 67
 70
 65
 45
 72
 71
 68
 57
 64
 73
 59
 59
 77
 58
 64
 51
 75
 73
 67
 65
 57
 69
 64
 87
 49
 73
 55
 63
 62
 59
 62
 55
 84
 50
 48
 66
 67
 63
 42
 61
 68
 53
 58
 61
 53
 59
 69
 62
 46
 76
 75
 60
 67
 55
 61
 55
 61
 48
 56
 72
 61
 65
 50
 62
 67
 41
 63
 46
 59
 62
 67
 61
 60
 61
 57
 74
 49
 61
 60
 60
 64
 59
 63
 53
 68
 49
 52
 53
 59
 64
 59
 47
 67
 60
 58
 57
 68
 52
 55
 60
 51
 39
 51
 60
 50
 50
 68
 56
 49
 58
 50
 57
 51
 40
 70
 50
 52
 71
 55
 55
 53
 54
 59
 62
 52
 42
 48
 47
 61
 49
 52
 42
 60
 56
 58
 42
 57
 59
 49
 46
 49
 61
 60
 55
 57
 58
 40
 68
 61
 44
 53
 62
 48
 54
 47
 55
 53
 49
 61
 58
 53
 43
 49
 49
 46
 60
 58
 51
 47
 55
 40
 36
 45
 55
 51
 47
 37
 50
 41
 50
 45
 49
 50
 55
 63
 40
 58
 58
 56
 42
 50
 48
 42
 49
 40
 41
 48
 43
 64
 52
 42
 55
 43
 53
 47
 41
 47
 52
 61
 57
 42
 51
 46
 41
 41
 44
 43
 47
 52
 41
 50
 46
 52
 60
 48
 41
 41
 36
 38
 45
 51
 43
 36
 34
 46
 39
 56
 44
 49
 45
 36
 37
 50
 41
 54
 31
 40
 33
 52
 44
 38
 39
 37
 38
 41
 36
 40
 52
 45
 51
 35
 49
 41
 60
 36
 38
 43
 45
 43
 55
 47
 52
 33
 39
 37
 37
 39
 43
 38
 50
 48
 48
 44
 35
 48
 44
 41
 35
 40
 49
 32
 48
 39
 43
 40
 40
 46
 24
 40
 25
 37
 31
 48
 42
 45
 37
 33
 39
 40
 49
 37
 31
 36
 49
 34
 41
 42
 43
 45
 36
 45
 40
 32
 34
 47
 49
 26
 38
 34
 33
 35
 38
 39
 29
 42
 40
 46
 31
 33
 44
 39
 29
 39
 38
 40
 45
 32
 26
 35
 41
 32
 36
 37
 19
 43
 43
 34
 49
 36
 32
 40
 28
 30
 35
 29
 35
 30
 31
 42
 32
 35
 41
 40
 29
 44
 26
 35
 28
 33
 32
 35
 34
 32
 46
 43
 36
 27
 29
 35
 38
 29
 28
 38
 29
 31
 38
 27
 28
 28
 30
 44
 31
 39
 25
 34
 36
 51
 31
 27
 36
 35
 32
 26
 35
 44
 35
 34
 34
 25
 41
 34
 32
 31
 46
 44
 25
 34
 25
 43
 27
 35
 35
 28
 33
 25
 33
 35
 35
 22
 32
 24
 34
 27
 30
 27
 29
 31
 33
 24
 38
 34
 31
 24
 25
 27
 30
 27
 28
 28
 30
 21
 30
 31
 30
 24
 30
 32
 22
 28
 24
 30
 30
 26
 21
 28
 36
 30
 22
 29
 24
 19
 21
 29
 24
 29
 26
 16
 37
 20
 36
 33
 30
 29
 29
 28
 17
 30
 30
 26
 20
 33
 20
 28
 26
 30
 23
 27
 30
 19
 27
 26
 30
 27
 19
 26
 22
 18
 25
 27
 29
 31
 23
 22
 27
 24
 20
 22
 20
 26
 23
 23
 20
 27
 48
 31
 28
 22
 37
 25
 25
 31
 27
 13
 26
 35
 19
 29
 27
 20
 18
 27
 27
 27
 27
 35
 23
 25
 27
 21
 26
 21
 19
 21
 26
 13
 19
 23
 24
 34
 20
 29
 23
 18
 23
 28
 17
 28
 22
 18
 31
 11
 19
 26
 19
 17
 22
 26
 18
 23
 27
 21
 20
 25
 20
 22
 23
 21
 25
 24
 21
 16
 13
 25
 26
 12
 19
 21
 19
 18
 27
 21
 13
 16
 22
 22
 32
 14
 23
 16
 19
 24
 17
 24
 25
 18
 23
 18
 18
 21
 16
 23
 26
 26
 22
 26
 21
 24
 19
 21
 17
 15
 18
 20
 16
 16
 23
 18
 24
 21
 15
 14
 15
 14
 13
 20
 19
 9
 26
 16
 14
 15
 23
 30
 28
 23
 15
 19
 15
 26
 13
 18
 12
 20
 18
 19
 18
 19
 13
 15
 10
 18
 19
 16
 23
 21
 14
 22
 25
 12
 18
 21
 19
 18
 9
 21
 19
 22
 12
 17
 12
 32
 15
 20
 12
 12
 15
 19
 14
 15
 19
 19
 25
 16
 16
 15
 19
 19
 22
 13
 22
 19
 18
 19
 13
 12
 28
 22
 11
 19
 25
 12
 15
 13
 16
 18
 25
 14
 21
 16
 19
 17
 24
 16
 15
 19
 16
 22
 17
 16
 20
 13
 14
 13
 16
 17
 18
 14
 21
 17
 16
 17
 21
 12
 17
 11
 15
 21
 14
 13
 16
 14
 20
 18
 14
 23
 14
 15
 14
 14
 15
 13
 18
 7
 8
 18
 18
 18
 5
 14
 11
 12
 16
 16
 10
 15
 14
 17
 10
 18
 17
 16
 16
 18
 19
 18
 10
 14
 27
 5
 19
 21
 10
 17
 18
 10
 10
 15
 15
 16
 19
 15
 17
 9
 12
 15
 20
 15
 15
 16
 11
 16
 13
 11
 14
 13
 12
 21
 10
 7
 20
 10
 20
 16
 15
 12
 8
 15
 17
 12
 16
 16
 7
 13
 9
 11
 11
 14
 18
 11
 7
 12
 15
 7
 10
 17
 12
 12
 22
 13
 12
 11
 10
 13
 14
 14
 15
 12
 13
 14
 12
 10
 19
 8
 17
 16
 12
 19
 20
 18
 11
 14
 22
 14
 14
 10
 14
 15
 13
 14
 18
 17
 8
 13
 12
 10
 12
 15
 15
 14
 13
 16
 10
 12
 8
 15
 11
 9
 15
 12
 14
 15
 14
 9
 13
 17
 9
 15
 11
 16
 12
 15
 10
 15
 9
 7
 10
 11
 9
 10
 14
 11
 6
 17
 11
 11
 12
 12
 13
 8
 6
 11
 4
 17
 11
 10
 10
 13
 14
 9
 13
 11
 10
 14
 11
 9
 6
 5
 13
 13
 6
 10
 15
 12
 6
 12
 9
 10
 9
 9
 6
 9
 14
 10
 11
 9
 8
 7
 9
 7
 11
 10
 7
 4
 15
 9
 8
 11
 13
 13
 11
 5
 7
 8
 12
 13
 5
 12
 12
 10
 7
 13
 10
 13
 7
 11
 7
 9
 8
 13
 9
 4
 12
 14
 8
 8
 10
 12
 16
 12
 6
 13
 9
 10
 11
 9
 7
 9
 13
 11
 6
 10
 11
 6
 10
 9
 7
 11
 6
 19
 6
 7
 11
 11
 8
 12
 9
 10
 8
 4
 5
 11
 12
 11
 13
 11
 9
 4
 5
 4
 7
 6
 7
 11
 14
 6
 9
 10
 8
 10
 9
 8
 8
 6
 4
 6
 6
 4
 9
 4
 9
 6
 7
 12
 4
 11
 11
 7
 13
 13
 12
 2
 10
 8
 6
 10
 9
 6
 6
 8
 8
 10
 6
 4
 6
 6
 10
 7
 7
 10
 10
 4
 4
 12
 9
 5
 10
 10
 8
 6
 13
 5
 4
 12
 6
 7
 3
 10
 9
 12
 8
 9
 8
 5
 8
 11
 9
 17
 11
 5
 13
 8
 12
 8
 9
 12
 1
 6
 7
 10
 8
 6
 6
 9
 8
 7
 10
 6
 7
 10
 7
 7
 6
 5
 9
 5
 4
 4
 7
 6
 13
 7
 9
 4
 12
 0
 4
 9
 6
 9
 5
 7
 14
 5
 4
 11
 11
 14
 11
 4
 9
 9
 4
 5
 7
 12
 7
 3
 11
 4
 11
 11
 12
 6
 8
 8
 8
 8
 2
 9
 8
 6
 8
 7
 8
 7
 6
 7
 4
 10
 8
 9
 4
 4
 6
 11
 8
 10
 8
 8
 5
 3
 5
 9
 1
 5
 7
 11
 6
 5
 7
 3
 6
 7
 11
 6
 7
 6
 9
 7
 12
 6
 3
 5
 8
 8
 6
 4
 6
 6
 7
 5
 6
 4
 2
 7
 7
 9
 6
 3
 7
 8
 4
 14
 9
 2
 4
 6
 5
 6
 9
 6
 8
 3
 2
 6
 3
 5
 9
 6
 7
 9
 4
 5
 5
 10
 7
 10
 7
 7
 6
 10
 8
 8
 6
 8
 5
 7
 6
 6
 3
 6
 3
 6
 3
 4
 4
 7
 9
 5
 4
 3
 3
 6
 4
 7
 5
 7
 6
 7
 9
 9
 6
 4
 6
 4
 7
 8
 3
 5
 3
 6
 3
 3
 6
 2
 7
 5
 5
 7
 5
 7
 5
 4
 2
 6
 4
 9
 8
 10
 3
 1
 2
 5
 2
 8
 7
 6
 6
 4
 7
 5
 2
 6
 5
 5
 6
 4
 3
 5
 8
 8
 2
 6
 6
 3
 2
 1
 7
 6
 2
 4
 2
 5
 4
 3
 5
 7
 7
 1
 7
 4
 4
 1
 6
 6
 3
 5
 2
 6
 5
 6
 4
 2
 7
 5
 7
 4
 6
 6
 4
 4
 4
 5
 5
 7
 5
 6
 7
 2
 3
 4
 4
 12
 6
 6
 6
 5
 5
 6
 3
 4
 4
 2
 3
 5
 3
 4
 10
 2
 3
 3
 8
 4
 5
 3
 7
 7
 1
 5
 4
 5
 5
 7
 6
 2
 4
 4
 4
 3
 3
 4
 2
 6
 3
 4
 3
 3
 5
 2
 3
 4
 5
 4
 1
 6
 6
 3
 4
 4
 2
 2
 6
 5
 6
 6
 3
 5
 6
 2
 7
 6
 5
