VERSION:    3.1
ELEMENTS:              1
DATE:       MAR 10, 2010 20:24:41.345
CHANNELS:           4000
ROIS:        0
REAL_TIME:   96.8099976
LIVE_TIME:   95.2399979
CAL_OFFSET:  8.8112198e-002
CAL_SLOPE:   3.1493530e-002
CAL_QUAD:    0.0000000e+000
TWO_THETA:   9.9946346
DATA: 
 0
 0
 0
 0
 0
 0
 0
 0
 0
 0
 0
 0
 0
 0
 0
 0
 0
 0
 0
 0
 0
 0
 0
 0
 0
 0
 0
 0
 0
 0
 0
 0
 0
 0
 0
 0
 0
 0
 0
 0
 0
 0
 0
 0
 0
 0
 0
 0
 0
 0
 0
 0
 0
 0
 0
 0
 0
 0
 0
 0
 0
 0
 0
 0
 0
 0
 0
 0
 0
 0
 1
 1
 2
 1
 3
 0
 2
 2
 2
 5
 2
 1
 1
 3
 4
 2
 3
 2
 0
 0
 6
 2
 2
 1
 2
 1
 1
 2
 0
 3
 2
 4
 5
 3
 1
 1
 3
 2
 2
 2
 2
 2
 0
 0
 2
 0
 3
 5
 2
 1
 0
 3
 1
 2
 7
 2
 2
 4
 1
 3
 3
 2
 1
 2
 2
 2
 1
 2
 4
 1
 1
 1
 3
 4
 2
 4
 4
 1
 3
 2
 10
 3
 0
 5
 3
 5
 2
 2
 3
 2
 3
 1
 4
 3
 3
 3
 1
 4
 3
 3
 5
 2
 4
 5
 3
 2
 4
 1
 2
 2
 5
 4
 2
 6
 5
 2
 6
 3
 3
 3
 5
 1
 2
 8
 4
 2
 5
 3
 1
 5
 0
 1
 3
 1
 7
 5
 8
 6
 2
 2
 3
 3
 4
 2
 3
 6
 4
 5
 2
 1
 3
 8
 5
 2
 5
 4
 4
 3
 3
 3
 3
 2
 3
 5
 3
 2
 8
 11
 2
 4
 2
 3
 4
 3
 11
 4
 7
 3
 6
 9
 6
 3
 7
 5
 4
 10
 5
 4
 7
 6
 8
 12
 4
 7
 4
 7
 6
 4
 6
 7
 4
 6
 6
 6
 7
 5
 6
 10
 4
 7
 6
 6
 6
 9
 7
 3
 6
 3
 3
 6
 8
 9
 6
 8
 3
 4
 6
 6
 5
 7
 5
 1
 8
 9
 8
 4
 7
 5
 9
 5
 6
 6
 2
 2
 4
 5
 2
 11
 8
 6
 2
 9
 6
 7
 7
 6
 5
 7
 6
 8
 6
 2
 6
 5
 7
 9
 3
 7
 6
 7
 7
 16
 4
 5
 7
 8
 5
 10
 6
 14
 9
 8
 13
 6
 5
 5
 11
 6
 10
 11
 5
 3
 10
 2
 11
 10
 6
 9
 6
 8
 6
 9
 7
 12
 4
 4
 4
 9
 15
 6
 5
 10
 14
 12
 10
 4
 20
 11
 15
 13
 9
 10
 6
 8
 8
 6
 9
 12
 8
 10
 13
 4
 11
 6
 12
 8
 7
 9
 5
 18
 8
 9
 3
 13
 8
 4
 7
 11
 11
 10
 14
 5
 5
 18
 8
 4
 7
 6
 8
 12
 12
 11
 11
 10
 12
 7
 11
 10
 13
 15
 7
 6
 8
 14
 11
 10
 16
 5
 13
 8
 15
 12
 15
 7
 13
 9
 10
 17
 12
 12
 12
 11
 14
 10
 12
 16
 13
 15
 14
 12
 15
 16
 21
 15
 11
 10
 11
 15
 8
 17
 11
 11
 10
 12
 16
 12
 13
 11
 14
 9
 20
 18
 26
 21
 25
 20
 30
 26
 27
 19
 22
 15
 9
 20
 20
 14
 20
 26
 24
 23
 22
 18
 17
 22
 12
 12
 21
 21
 14
 29
 20
 31
 19
 25
 16
 23
 19
 27
 23
 19
 28
 28
 22
 23
 19
 29
 36
 23
 16
 31
 23
 30
 34
 30
 31
 21
 30
 37
 38
 43
 42
 48
 54
 37
 41
 42
 37
 35
 32
 31
 30
 45
 26
 33
 36
 30
 31
 34
 37
 35
 33
 30
 34
 45
 46
 28
 33
 29
 29
 41
 35
 33
 26
 41
 40
 39
 36
 30
 48
 41
 31
 36
 44
 46
 44
 40
 48
 53
 41
 38
 42
 42
 40
 35
 48
 52
 35
 46
 60
 48
 55
 52
 43
 52
 37
 51
 56
 58
 59
 43
 48
 59
 54
 51
 47
 53
 55
 56
 50
 59
 56
 56
 57
 47
 62
 65
 61
 64
 45
 53
 53
 63
 66
 63
 67
 70
 61
 69
 74
 68
 53
 61
 75
 56
 55
 56
 79
 68
 70
 65
 68
 84
 68
 75
 70
 73
 91
 83
 69
 72
 62
 62
 71
 87
 65
 80
 74
 69
 81
 82
 98
 70
 70
 74
 86
 61
 75
 78
 71
 74
 74
 83
 82
 98
 97
 77
 84
 69
 88
 88
 86
 79
 83
 90
 93
 112
 89
 81
 95
 100
 101
 101
 92
 97
 94
 89
 93
 93
 89
 91
 85
 93
 112
 94
 98
 104
 95
 105
 93
 89
 120
 115
 111
 110
 88
 97
 88
 107
 117
 125
 115
 119
 119
 104
 89
 111
 95
 106
 98
 117
 125
 134
 92
 105
 106
 113
 100
 120
 99
 102
 102
 102
 138
 130
 91
 113
 89
 129
 111
 129
 122
 141
 111
 107
 120
 114
 107
 121
 128
 135
 120
 121
 115
 106
 115
 118
 126
 113
 95
 116
 113
 103
 110
 110
 131
 111
 144
 129
 112
 125
 129
 119
 133
 141
 122
 122
 116
 148
 111
 123
 118
 142
 123
 111
 137
 133
 114
 127
 129
 127
 119
 132
 134
 138
 137
 140
 151
 142
 131
 142
 121
 122
 129
 132
 145
 117
 125
 116
 136
 126
 149
 127
 138
 122
 141
 144
 118
 123
 134
 115
 129
 131
 133
 115
 145
 121
 153
 137
 134
 127
 141
 118
 145
 132
 135
 140
 146
 134
 143
 129
 142
 116
 125
 128
 147
 141
 140
 141
 146
 128
 151
 149
 127
 136
 127
 133
 139
 132
 149
 159
 124
 157
 109
 117
 149
 146
 135
 120
 151
 137
 131
 132
 150
 137
 129
 143
 125
 127
 134
 126
 119
 143
 147
 129
 120
 107
 116
 103
 128
 133
 89
 123
 115
 109
 103
 112
 99
 127
 130
 105
 115
 122
 133
 114
 111
 112
 87
 108
 88
 110
 104
 105
 87
 99
 88
 90
 85
 94
 103
 99
 89
 78
 85
 104
 94
 89
 97
 109
 79
 90
 74
 74
 98
 100
 105
 84
 74
 69
 96
 83
 86
 81
 84
 96
 82
 98
 75
 78
 71
 90
 76
 74
 78
 90
 94
 71
 79
 64
 79
 84
 83
 97
 88
 74
 77
 82
 58
 75
 86
 76
 78
 79
 81
 81
 64
 83
 70
 90
 89
 74
 70
 78
 83
 72
 87
 79
 68
 83
 73
 78
 69
 91
 87
 73
 85
 84
 98
 91
 65
 78
 79
 80
 77
 64
 76
 74
 72
 69
 68
 82
 72
 72
 85
 91
 69
 69
 90
 100
 82
 66
 71
 61
 73
 88
 72
 77
 75
 74
 85
 75
 67
 96
 69
 73
 80
 68
 80
 64
 76
 77
 84
 87
 88
 69
 73
 78
 80
 69
 86
 75
 75
 69
 87
 74
 80
 83
 70
 66
 84
 87
 85
 67
 75
 72
 86
 83
 67
 72
 63
 79
 84
 74
 84
 73
 82
 75
 82
 69
 71
 73
 79
 70
 80
 75
 69
 67
 76
 67
 76
 64
 91
 74
 67
 64
 77
 66
 82
 65
 60
 66
 58
 64
 71
 73
 55
 82
 61
 75
 81
 71
 49
 88
 70
 86
 70
 78
 60
 73
 57
 75
 76
 65
 57
 77
 79
 68
 68
 75
 76
 79
 62
 58
 65
 71
 67
 71
 63
 88
 84
 71
 67
 65
 76
 55
 66
 77
 58
 78
 59
 61
 70
 42
 54
 83
 64
 67
 69
 72
 67
 67
 65
 61
 52
 64
 61
 47
 63
 54
 59
 55
 72
 60
 65
 72
 53
 69
 61
 60
 48
 65
 65
 73
 64
 57
 51
 65
 58
 57
 49
 50
 67
 45
 58
 45
 75
 62
 56
 64
 47
 59
 64
 59
 58
 60
 64
 42
 51
 54
 55
 65
 55
 51
 52
 63
 62
 57
 55
 58
 52
 47
 56
 54
 47
 60
 50
 50
 47
 58
 50
 52
 50
 58
 52
 48
 60
 68
 50
 54
 42
 58
 53
 39
 52
 57
 55
 59
 51
 50
 64
 39
 45
 62
 53
 53
 42
 47
 57
 53
 54
 47
 60
 61
 56
 49
 50
 45
 55
 53
 51
 51
 44
 52
 40
 61
 53
 50
 52
 56
 61
 51
 58
 61
 49
 73
 62
 39
 52
 58
 53
 46
 58
 57
 47
 62
 58
 46
 49
 45
 43
 67
 45
 46
 59
 50
 54
 68
 49
 58
 53
 58
 50
 54
 62
 64
 50
 46
 60
 45
 46
 62
 62
 48
 51
 56
 55
 53
 53
 60
 50
 61
 58
 57
 54
 43
 48
 51
 56
 49
 54
 56
 59
 56
 47
 54
 45
 49
 56
 49
 65
 45
 56
 52
 49
 45
 63
 44
 54
 46
 52
 65
 42
 53
 68
 49
 57
 44
 43
 45
 61
 57
 55
 56
 56
 41
 53
 51
 57
 49
 48
 33
 55
 44
 51
 38
 47
 49
 44
 51
 41
 36
 59
 57
 47
 49
 65
 41
 49
 47
 52
 51
 59
 49
 50
 42
 55
 43
 47
 43
 52
 37
 36
 43
 48
 51
 55
 60
 45
 50
 52
 45
 50
 56
 51
 48
 51
 47
 43
 56
 46
 49
 49
 36
 44
 51
 38
 49
 49
 35
 38
 36
 55
 45
 41
 51
 39
 45
 34
 38
 46
 38
 52
 46
 45
 45
 41
 42
 47
 46
 44
 50
 46
 42
 52
 43
 50
 35
 42
 32
 34
 49
 53
 30
 53
 44
 35
 42
 43
 46
 40
 39
 42
 52
 47
 52
 38
 36
 44
 49
 48
 41
 39
 49
 45
 44
 31
 39
 48
 42
 49
 35
 33
 46
 43
 46
 37
 37
 37
 52
 36
 40
 41
 47
 31
 49
 34
 39
 35
 36
 36
 42
 48
 43
 43
 52
 35
 27
 42
 27
 42
 30
 41
 36
 39
 41
 43
 43
 37
 28
 36
 37
 37
 40
 30
 48
 25
 29
 46
 40
 45
 36
 39
 35
 39
 42
 41
 34
 21
 32
 30
 40
 26
 32
 33
 26
 42
 35
 29
 31
 34
 44
 28
 47
 27
 42
 30
 31
 29
 37
 32
 32
 32
 31
 30
 28
 37
 43
 27
 33
 25
 25
 22
 40
 29
 27
 15
 33
 26
 32
 40
 30
 28
 26
 41
 30
 27
 33
 31
 42
 27
 27
 26
 38
 30
 28
 29
 32
 29
 25
 26
 31
 16
 32
 15
 26
 22
 29
 33
 25
 30
 34
 27
 20
 31
 27
 25
 26
 40
 31
 26
 23
 32
 28
 27
 24
 38
 27
 32
 26
 22
 23
 22
 16
 25
 35
 21
 30
 27
 22
 29
 30
 27
 24
 28
 23
 30
 28
 24
 22
 28
 26
 23
 21
 28
 26
 27
 33
 23
 36
 25
 35
 32
 34
 28
 16
 28
 28
 29
 33
 23
 40
 26
 28
 24
 21
 26
 16
 30
 25
 27
 27
 25
 22
 31
 26
 18
 24
 32
 26
 20
 26
 20
 22
 22
 15
 25
 31
 15
 21
 33
 36
 23
 37
 22
 15
 28
 25
 17
 22
 26
 25
 26
 31
 20
 30
 22
 26
 23
 32
 26
 19
 23
 24
 29
 30
 20
 31
 28
 18
 24
 35
 21
 17
 22
 25
 20
 30
 28
 10
 24
 19
 26
 24
 21
 19
 30
 28
 21
 24
 17
 26
 20
 14
 23
 22
 15
 22
 24
 26
 20
 23
 19
 22
 21
 22
 26
 25
 26
 25
 28
 23
 25
 21
 28
 19
 16
 18
 17
 16
 18
 18
 18
 22
 17
 17
 24
 20
 22
 23
 21
 14
 22
 30
 18
 38
 31
 21
 17
 21
 23
 25
 15
 25
 19
 13
 19
 20
 18
 18
 21
 18
 18
 20
 26
 23
 19
 19
 20
 16
 21
 20
 13
 20
 16
 21
 20
 23
 15
 22
 20
 15
 21
 27
 27
 22
 24
 25
 22
 21
 21
 23
 21
 17
 15
 15
 21
 23
 17
 21
 17
 16
 20
 21
 16
 15
 23
 21
 11
 10
 13
 18
 19
 21
 14
 15
 17
 28
 21
 27
 25
 17
 19
 20
 13
 17
 20
 21
 18
 13
 21
 17
 17
 22
 23
 16
 16
 22
 11
 16
 11
 21
 16
 22
 9
 14
 20
 23
 15
 24
 12
 17
 21
 20
 20
 14
 18
 19
 17
 17
 20
 12
 29
 14
 12
 20
 22
 12
 14
 26
 18
 17
 18
 17
 17
 17
 16
 21
 15
 12
 12
 16
 13
 10
 20
 8
 17
 18
 9
 16
 23
 11
 23
 13
 14
 19
 17
 15
 13
 16
 12
 9
 15
 12
 20
 14
 17
 12
 13
 18
 20
 14
 16
 15
 19
 16
 16
 14
 14
 17
 13
 16
 20
 13
 20
 16
 19
 15
 15
 18
 18
 16
 12
 15
 15
 11
 15
 16
 18
 14
 18
 15
 16
 16
 21
 10
 11
 16
 13
 19
 8
 18
 12
 7
 17
 19
 7
 11
 8
 14
 14
 21
 19
 16
 13
 21
 19
 18
 15
 21
 13
 17
 14
 14
 12
 13
 16
 20
 12
 13
 13
 13
 16
 17
 13
 21
 20
 14
 18
 17
 15
 13
 10
 11
 17
 17
 10
 15
 19
 11
 15
 11
 17
 15
 14
 10
 20
 16
 15
 13
 13
 9
 10
 21
 18
 15
 13
 11
 9
 17
 13
 7
 16
 12
 24
 11
 12
 19
 13
 20
 16
 17
 18
 20
 20
 11
 12
 9
 14
 14
 13
 15
 15
 17
 12
 15
 15
 12
 9
 15
 9
 18
 16
 11
 12
 11
 15
 14
 10
 7
 13
 21
 17
 17
 14
 10
 8
 13
 12
 14
 20
 15
 15
 7
 14
 12
 16
 15
 11
 16
 21
 16
 12
 9
 9
 12
 13
 9
 15
 17
 14
 12
 13
 15
 16
 12
 11
 10
 14
 16
 14
 15
 13
 10
 15
 13
 8
 9
 5
 8
 7
 9
 14
 13
 9
 10
 9
 13
 9
 6
 11
 8
 8
 7
 6
 7
 11
 4
 11
 6
 6
 18
 4
 16
 7
 7
 9
 8
 8
 11
 8
 8
 7
 8
 10
 8
 6
 8
 5
 6
 8
 9
 4
 7
 3
 4
 5
 4
 12
 10
 6
 9
 9
 6
 12
 8
 9
 5
 5
 13
 5
 7
 10
 2
 6
 4
 7
 8
 8
 1
 7
 6
 9
 11
 7
 5
 4
 5
 12
 8
 5
 11
 7
 5
 6
 7
 5
 10
 9
 8
 9
 7
 8
 9
 10
 12
 9
 10
 8
 4
 8
 6
 11
 13
 6
 5
 7
 8
 6
 6
 11
 7
 6
 8
 8
 7
 7
 7
 12
 6
 6
 6
 5
 5
 2
 5
 5
 10
 5
 5
 7
 5
 12
 8
 5
 4
 13
 5
 6
 9
 6
 4
 6
 7
 6
 6
 4
 7
 1
 5
 4
 7
 8
 4
 7
 5
 6
 4
 8
 7
 10
 6
 3
 7
 10
 7
 4
 2
 5
 4
 8
 4
 6
 3
 9
 5
 5
 6
 7
 6
 10
 9
 10
 7
 6
 4
 8
 8
 8
 5
 5
 7
 5
 6
 3
 6
 4
 6
 6
 4
 6
 8
 7
 3
 9
 4
 7
 8
 3
 9
 6
 7
 10
 4
 8
 10
 3
 5
 10
 7
 7
 10
 11
 9
 4
 6
 3
 4
 9
 2
 4
 4
 5
 3
 3
 7
 3
 5
 0
 5
 4
 4
 6
 1
 3
 3
 8
 2
 4
 7
 2
 6
 2
 8
 7
 7
 5
 5
 5
 5
 6
 5
 2
 9
 9
 10
 5
 1
 5
 2
 4
 5
 5
 3
 6
 7
 3
 9
 5
 10
 8
 5
 3
 3
 5
 4
 6
 5
 9
 6
 8
 4
 2
 2
 2
 4
 7
 9
 8
 8
 4
 5
 8
 3
 2
 5
 10
 4
 6
 2
 3
 3
 6
 8
 4
 5
 7
 8
 5
 3
 5
 3
 5
 5
 4
 3
 4
 5
 1
 3
 6
 7
 5
 8
 5
 2
 5
 5
 6
 4
 4
 3
 5
 1
 7
 3
 4
 4
 4
 2
 3
 5
 3
 6
 6
 3
 7
 7
 4
 6
 6
 7
 1
 5
 4
 6
 4
 3
 3
 7
 7
 7
 3
 4
 2
 6
 3
 5
 3
 4
 6
 3
 2
 2
 5
 4
 6
 6
 3
 0
 5
 4
 3
 4
 1
 5
 5
 1
 3
 2
 5
 3
 2
 5
 8
 3
 4
 2
 3
 5
 2
 3
 8
 6
 6
 1
 7
 4
 3
 4
 2
 5
 7
 5
 1
 7
 7
 4
 3
 3
 4
 5
 2
 4
 1
 7
 3
 0
 0
 3
 6
 4
 3
 1
 9
 4
 1
 4
 3
 3
 2
 6
 6
 2
 7
 6
 4
 2
 6
 1
 0
 2
 2
 5
 5
 7
 2
 1
 3
 5
 3
 4
 3
 6
 6
 4
 3
 7
 3
 4
 5
 5
 1
 6
 5
 4
 8
 3
 5
 4
 6
 4
 3
 1
 2
 4
 1
 7
 3
 4
 6
 4
 3
 4
 3
 6
 3
 2
 2
 7
 7
 5
 4
 3
 1
 2
 4
 4
 5
 4
 6
 3
 2
 9
 1
 4
 1
 5
 3
 3
 5
 7
 6
 3
 2
 4
 2
 3
 3
 4
 2
 3
 1
 8
 3
 4
 3
 8
 5
 1
 6
 6
 2
 4
 7
 0
 2
 2
 1
 5
 4
 5
 2
 2
 3
 2
 4
 2
 4
 3
 7
 5
 3
 4
 2
 3
 3
 3
 4
 5
 4
 10
 3
 1
 3
 3
 3
 2
 4
 3
 1
 6
 3
 2
 3
 3
 3
 5
 1
 2
 2
 1
 1
 4
 4
 3
 4
 4
 3
 5
 4
 5
 2
 2
 2
 2
 0
 3
 6
 2
 2
 4
 3
 1
 4
 3
 0
 1
 3
 1
 3
 1
 4
 2
 5
 1
 2
 5
 1
 3
 4
 2
 0
 2
 4
 2
 5
 2
 6
 4
 1
 1
 2
 1
 2
 5
 0
 2
 2
 1
 6
 3
 2
 3
 2
 3
 0
 0
 2
 4
 3
 3
 4
 3
 2
 1
 2
 5
 4
 0
 6
 5
 4
 3
 4
 3
 2
 1
 2
 2
 4
 2
 2
 0
 4
 4
 0
 4
 3
 1
 2
 1
 1
 2
 4
 0
 2
 3
 0
 6
 3
 1
 2
 3
 2
 1
 1
 2
 4
 6
 4
 2
 3
 3
 7
 4
 2
 3
 4
 2
 2
 2
 5
 3
 4
 4
 0
 4
 2
 5
 3
 2
 4
 2
 0
 2
 2
 3
 3
 1
 0
 1
 2
 4
 3
 6
 1
 2
 3
 4
 2
 0
 3
 0
 6
 2
 5
 2
 0
 3
 2
 2
 3
 2
 1
 3
 4
 2
 2
 1
 2
 2
 2
 2
 0
 4
 2
 1
 2
 0
 4
 3
 3
 3
 3
 2
 3
 3
 3
 2
 2
 4
 0
 4
 1
 1
 3
 4
 3
 2
 0
 1
 2
 1
 4
 1
 3
 2
 2
 3
 1
 2
 3
 0
 2
 0
 2
 1
 2
 4
 0
 1
 1
 1
 1
 0
 3
 4
 1
 2
 1
 2
 1
 1
 3
 2
 4
 4
 2
 1
 3
 3
 2
 1
 0
 2
 1
 1
 2
 1
 1
 5
 3
 1
 3
 0
 5
 1
 2
 0
 1
 1
 2
 0
 1
 0
 3
 2
 0
 2
 2
 1
 1
 2
 0
 3
 1
 3
 0
 1
 0
 3
 4
 0
 1
 2
 0
 1
 4
 0
 2
 2
 0
 1
 2
 0
 1
 0
 2
 3
 1
 4
 1
 3
 1
 2
 0
 0
 1
 2
 2
 0
 2
 2
 1
 1
 4
 2
 3
 0
 2
 0
 2
 0
 0
 1
 1
 0
 4
 2
 0
 1
 1
 2
 0
 1
 1
 1
 1
 2
 1
 0
 3
 1
 4
 0
 1
 1
 2
 1
 0
 2
 2
 2
 2
 3
 0
 2
 5
 1
 1
 4
 0
 3
 0
 2
 2
 2
 1
 2
 1
 3
 0
 1
 2
 1
 4
 1
 1
 0
 2
 2
 0
 2
 1
 2
 0
 1
 2
 0
 1
 3
 2
 2
 0
 1
 1
 1
 1
 1
 0
 0
 2
 0
 2
 2
 0
 0
 0
 0
 1
 1
 1
 1
 1
 0
 1
 0
 0
 3
 0
 1
 0
 0
 1
 2
 0
 0
 2
 1
 0
 1
 4
 2
 1
 1
 0
 2
 1
 0
 1
 2
 1
 0
 2
 1
 2
 2
 0
 2
 2
 3
 2
 3
 2
 1
 0
 1
 3
 2
 2
 0
 0
 2
 0
 1
 1
 0
 1
 1
 4
 2
 0
 3
 3
 1
 1
 1
 1
 0
 0
 0
 2
 1
 1
 0
 1
 1
 2
 2
 0
 1
 0
 0
 1
 2
 1
 1
 1
 1
 1
 0
 2
 1
 0
 2
 0
 0
 1
 1
 1
 3
 0
 2
 0
 1
 1
 0
 2
 0
 2
 2
 0
 0
 0
 2
 3
 0
 1
 0
 0
 1
 1
 0
 0
 2
 0
 1
 2
 2
 1
 1
 0
 3
 2
 1
 3
 1
 1
 0
 0
 0
 1
 1
 0
 0
 1
 1
 2
 3
 0
 1
 0
 3
 1
 1
 2
 0
 0
 0
 0
 0
 3
 0
 1
 0
 1
 2
 2
 1
 2
 0
 3
 2
 4
 0
 1
 1
 0
 0
 0
 1
 0
 0
 0
 0
 3
 0
 0
 0
 4
 1
 0
 1
 1
 2
 1
 0
 0
 0
 0
 1
 1
 3
 0
 1
 0
 2
 0
 0
 0
 2
 2
 0
 0
 2
 0
 0
 0
 1
 1
 0
 0
 0
 1
 2
 1
 0
 1
 1
 0
 2
 0
 1
 0
 0
 0
 1
 1
 0
 0
 2
 0
 2
 2
 1
 1
 0
 2
 0
 0
 2
 2
 0
 0
 0
 0
 1
 0
 0
 0
 2
 0
 2
 1
 1
 2
 0
 1
 0
 1
 1
 3
 3
 0
 0
 0
 0
 3
 1
 0
 0
 2
 0
 0
 2
 1
 3
 0
 1
 1
 1
 1
 0
 0
 1
 0
 0
 0
 0
 0
 1
 1
 0
 2
 1
 0
 0
 1
 0
 0
 0
 1
 1
 1
 0
 0
 0
 0
 1
 0
 1
 0
 0
 3
 0
 0
 0
 1
 0
 0
 0
 0
 0
 0
 1
 1
 1
 4
 0
 2
 2
 1
 0
 0
 0
 1
 2
 0
 3
 1
 0
 0
 0
 0
 0
 0
 0
 2
 1
 5
 1
 0
 1
 0
 0
 0
 0
 2
 0
 0
 0
 0
 2
 0
 1
 1
 0
 1
 1
 0
 1
 0
 1
 1
 2
 1
 1
 0
 1
 0
 1
 1
 0
 0
 1
 2
 0
 0
 1
 0
 0
 1
 0
 0
 0
 1
 0
 2
 1
 0
 0
 0
 1
 0
 2
 1
 0
 0
 2
 2
 0
 0
 1
 3
 1
 2
 0
 0
 0
 1
 0
 1
 0
 1
 0
 0
 1
 1
 1
 2
 0
 1
 0
 0
 1
 0
 1
 0
 2
 1
 0
 1
 0
 1
 1
 0
 0
 2
 0
 1
 0
 2
 0
 0
 1
 0
 0
 2
 0
 0
 1
 1
 0
 1
 1
 0
 1
 1
 1
 0
 0
 2
 1
 0
 0
 1
 1
 0
 0
 0
 0
 1
 0
 1
 0
 0
 0
 0
 0
 1
 1
 2
 1
 0
 1
 1
 1
 1
 0
 0
 0
 0
 0
 1
 0
 0
 1
 0
 1
 0
 0
 1
 0
 0
 1
 1
 0
 1
 0
 0
 0
 0
 0
 1
 1
 0
 1
 1
 0
 0
 0
 0
 0
 1
 1
 1
 0
 0
 0
 0
 0
 3
 0
 0
 1
 1
 0
 1
 1
 1
 0
 0
 1
 0
 1
 1
 0
 0
 1
 0
 1
 0
 1
 0
 1
 0
 0
 0
 0
 1
 0
 0
 1
 0
 0
 0
 3
 0
 0
 0
 1
 0
 1
 2
 0
 1
 0
 1
 2
 0
 1
 0
 1
 0
 1
 0
 0
 0
 2
 1
 0
 2
 1
 0
 1
 0
 0
 0
 0
 0
 0
 2
 0
 1
 0
 1
 0
 0
 2
 0
 0
 1
 2
 1
 1
 2
 1
 0
 1
 0
 0
 1
 0
 0
 1
 2
 0
 0
 0
 0
 0
 0
 0
 0
 0
 1
 1
 0
 0
 0
 3
 0
 1
 2
 1
 0
 0
 0
 0
 1
 0
 0
 0
 0
 0
 0
 0
 0
 0
 1
 1
 0
 0
 0
 1
 0
 0
 1
 0
 0
 1
 1
 1
 1
 0
 0
 0
 2
 0
 0
 0
 0
 2
 0
 1
 0
 0
 0
 0
 0
 0
 0
 0
 0
 1
 0
 1
 0
 0
 1
 0
 0
 1
 2
 0
 0
 0
 2
 0
 0
 1
 0
 0
 0
 0
 0
 0
 0
 0
 0
 0
 0
 0
 1
 0
 0
 0
 1
 0
 0
 1
 0
 0
 0
 0
 0
 0
 2
 0
 0
 1
 2
 0
 0
 0
 1
 0
 0
 2
 0
 0
