VERSION:    3.1
ELEMENTS:              1
DATE:       MAR 11, 2010 01:16:02.228
CHANNELS:           4000
ROIS:        0
REAL_TIME:   1216.0300293
LIVE_TIME:   1200.3599854
CAL_OFFSET:  8.8112198e-002
CAL_SLOPE:   3.1493530e-002
CAL_QUAD:    0.0000000e+000
TWO_THETA:   9.9946346
DATA: 
 0
 0
 0
 0
 0
 0
 0
 0
 0
 0
 0
 0
 0
 0
 0
 0
 0
 0
 0
 0
 0
 0
 0
 0
 0
 0
 0
 0
 0
 0
 0
 0
 0
 0
 0
 0
 0
 0
 0
 0
 0
 0
 0
 0
 0
 0
 0
 0
 0
 0
 0
 0
 0
 0
 0
 0
 0
 0
 0
 0
 0
 0
 0
 0
 0
 0
 0
 0
 0
 0
 1
 12
 23
 22
 20
 23
 17
 16
 16
 15
 19
 20
 15
 20
 17
 17
 17
 13
 14
 19
 22
 17
 24
 18
 10
 24
 19
 20
 20
 14
 17
 25
 20
 18
 18
 26
 18
 22
 22
 16
 21
 18
 17
 18
 20
 17
 24
 17
 25
 22
 21
 21
 24
 17
 26
 22
 16
 17
 22
 17
 26
 17
 17
 22
 22
 20
 24
 17
 19
 25
 28
 21
 19
 24
 23
 23
 27
 24
 32
 33
 23
 19
 18
 27
 26
 32
 21
 27
 30
 11
 35
 29
 24
 20
 34
 23
 28
 34
 30
 31
 42
 33
 38
 25
 24
 35
 44
 28
 35
 31
 36
 44
 50
 45
 43
 42
 45
 39
 39
 34
 39
 32
 30
 43
 40
 27
 40
 37
 52
 34
 39
 49
 33
 38
 48
 49
 48
 37
 30
 27
 55
 39
 52
 49
 26
 52
 47
 31
 48
 48
 38
 27
 59
 58
 50
 49
 42
 34
 46
 40
 58
 43
 62
 65
 75
 56
 46
 59
 63
 61
 58
 60
 45
 49
 50
 68
 63
 42
 60
 49
 41
 49
 52
 51
 52
 52
 58
 60
 55
 53
 58
 56
 63
 55
 59
 51
 70
 77
 44
 58
 56
 66
 43
 59
 57
 53
 56
 55
 65
 77
 56
 61
 66
 69
 70
 79
 73
 71
 70
 66
 77
 54
 50
 53
 61
 67
 62
 65
 63
 74
 69
 62
 67
 79
 84
 59
 95
 75
 72
 66
 76
 95
 66
 76
 83
 75
 81
 78
 79
 91
 91
 69
 87
 69
 67
 73
 94
 77
 74
 75
 91
 78
 79
 78
 91
 83
 84
 105
 91
 76
 103
 88
 68
 83
 85
 89
 90
 99
 104
 77
 85
 93
 75
 74
 76
 96
 97
 84
 85
 94
 75
 90
 86
 108
 95
 107
 90
 85
 89
 87
 94
 73
 124
 83
 81
 83
 85
 93
 118
 110
 98
 96
 78
 97
 109
 78
 100
 107
 73
 84
 112
 94
 97
 89
 82
 90
 113
 88
 88
 87
 86
 94
 101
 98
 96
 111
 119
 101
 95
 87
 102
 82
 104
 96
 111
 101
 84
 106
 94
 118
 102
 90
 92
 96
 105
 100
 87
 102
 106
 116
 114
 117
 125
 110
 100
 84
 121
 109
 98
 112
 121
 130
 105
 106
 138
 118
 125
 135
 131
 134
 116
 119
 135
 116
 129
 108
 108
 115
 133
 114
 139
 124
 127
 122
 152
 127
 124
 132
 140
 128
 114
 146
 160
 138
 150
 148
 121
 140
 141
 152
 139
 160
 141
 181
 139
 144
 199
 143
 179
 181
 181
 195
 158
 181
 217
 262
 259
 234
 239
 211
 233
 207
 200
 209
 166
 195
 178
 193
 202
 181
 176
 178
 208
 217
 183
 198
 201
 200
 204
 225
 192
 218
 192
 225
 205
 238
 211
 221
 242
 223
 222
 221
 267
 227
 255
 253
 251
 276
 261
 242
 278
 263
 295
 302
 295
 330
 355
 364
 385
 398
 430
 409
 447
 420
 432
 396
 403
 381
 349
 340
 386
 397
 341
 349
 346
 328
 330
 371
 372
 315
 345
 360
 346
 361
 371
 417
 369
 392
 392
 374
 357
 450
 398
 397
 414
 426
 421
 401
 403
 445
 395
 413
 453
 456
 441
 487
 456
 476
 471
 506
 487
 502
 483
 513
 496
 486
 545
 528
 544
 552
 559
 560
 538
 605
 567
 564
 608
 593
 677
 638
 621
 638
 692
 624
 668
 598
 643
 650
 636
 662
 670
 663
 681
 675
 729
 712
 725
 723
 716
 688
 691
 739
 726
 711
 759
 728
 743
 774
 717
 770
 779
 775
 772
 767
 778
 821
 772
 817
 827
 807
 810
 867
 841
 819
 835
 847
 881
 844
 885
 865
 923
 847
 891
 888
 878
 892
 875
 878
 968
 931
 901
 917
 909
 940
 929
 939
 935
 974
 965
 938
 973
 984
 1021
 987
 990
 987
 963
 1027
 973
 963
 999
 1094
 953
 1015
 1014
 980
 1005
 999
 1018
 1018
 1021
 1046
 1073
 1059
 1102
 1063
 1088
 1031
 1071
 1052
 1054
 1012
 1111
 1075
 1143
 1136
 1136
 1081
 1127
 1089
 1140
 1103
 1105
 1137
 1136
 1109
 1151
 1179
 1160
 1201
 1236
 1196
 1189
 1185
 1189
 1177
 1235
 1177
 1189
 1198
 1157
 1164
 1253
 1203
 1262
 1235
 1263
 1251
 1262
 1255
 1218
 1268
 1255
 1217
 1251
 1321
 1321
 1265
 1314
 1242
 1323
 1237
 1273
 1310
 1320
 1280
 1301
 1331
 1367
 1327
 1340
 1254
 1277
 1307
 1245
 1308
 1301
 1253
 1193
 1243
 1247
 1255
 1221
 1301
 1238
 1215
 1194
 1139
 1195
 1194
 1265
 1151
 1201
 1162
 1236
 1133
 1194
 1158
 1220
 1067
 1132
 1193
 1116
 1142
 1152
 1127
 1104
 1020
 1053
 1063
 1076
 1079
 1035
 1046
 1037
 1012
 951
 1016
 977
 981
 993
 973
 1026
 995
 974
 942
 1004
 936
 992
 972
 885
 968
 927
 908
 926
 975
 984
 895
 894
 976
 874
 883
 838
 910
 856
 907
 900
 893
 867
 889
 900
 943
 802
 902
 809
 926
 900
 896
 849
 875
 856
 905
 843
 869
 845
 891
 898
 839
 826
 878
 816
 831
 842
 820
 827
 820
 873
 839
 828
 900
 810
 881
 821
 863
 925
 842
 825
 884
 821
 872
 809
 839
 866
 840
 834
 844
 797
 865
 855
 840
 854
 906
 886
 845
 852
 846
 853
 840
 875
 812
 862
 832
 877
 821
 870
 861
 891
 879
 842
 856
 891
 816
 889
 914
 862
 874
 862
 869
 827
 874
 892
 874
 866
 906
 853
 838
 873
 901
 861
 838
 865
 830
 863
 907
 864
 833
 890
 914
 848
 855
 876
 883
 930
 824
 904
 842
 872
 888
 874
 851
 831
 891
 823
 910
 823
 912
 847
 866
 883
 856
 828
 857
 871
 912
 820
 878
 812
 859
 804
 831
 807
 846
 845
 785
 811
 835
 804
 837
 835
 930
 860
 863
 805
 828
 837
 865
 826
 820
 785
 818
 858
 833
 837
 825
 846
 782
 795
 842
 837
 809
 761
 746
 742
 822
 710
 815
 748
 754
 835
 811
 790
 778
 760
 750
 755
 751
 774
 781
 748
 725
 772
 764
 791
 759
 713
 774
 739
 739
 751
 763
 693
 751
 745
 705
 673
 785
 736
 734
 650
 767
 720
 714
 697
 725
 719
 739
 684
 727
 728
 740
 704
 713
 674
 731
 664
 708
 669
 686
 721
 709
 716
 662
 679
 714
 696
 700
 726
 663
 694
 638
 683
 682
 694
 626
 664
 683
 658
 663
 638
 654
 710
 646
 679
 681
 696
 650
 713
 651
 699
 664
 662
 672
 662
 605
 673
 672
 673
 744
 637
 618
 696
 642
 635
 656
 600
 674
 675
 663
 679
 698
 645
 683
 681
 691
 652
 705
 708
 674
 656
 635
 676
 620
 683
 659
 675
 655
 648
 631
 663
 675
 669
 676
 698
 694
 711
 663
 718
 662
 660
 723
 679
 662
 759
 660
 638
 651
 704
 655
 692
 690
 642
 667
 650
 672
 681
 726
 697
 664
 678
 651
 691
 687
 691
 674
 680
 686
 708
 669
 656
 705
 692
 621
 685
 661
 703
 643
 669
 693
 687
 740
 643
 701
 669
 688
 673
 709
 694
 657
 693
 713
 688
 666
 664
 683
 676
 694
 685
 660
 689
 639
 676
 666
 598
 693
 672
 682
 646
 627
 660
 732
 681
 698
 643
 657
 671
 633
 703
 706
 646
 633
 669
 668
 682
 689
 650
 647
 702
 674
 685
 659
 645
 630
 624
 659
 629
 650
 631
 676
 591
 620
 630
 650
 650
 649
 593
 683
 704
 678
 639
 643
 628
 625
 652
 563
 608
 583
 616
 612
 658
 615
 604
 638
 587
 603
 579
 584
 619
 629
 569
 627
 625
 588
 593
 628
 540
 572
 630
 562
 596
 579
 618
 576
 546
 579
 620
 575
 604
 584
 555
 583
 575
 548
 593
 596
 572
 592
 585
 545
 561
 565
 580
 591
 553
 559
 549
 564
 568
 555
 548
 561
 533
 583
 554
 541
 546
 524
 549
 567
 547
 549
 498
 551
 548
 495
 506
 526
 553
 502
 492
 530
 587
 554
 527
 497
 524
 545
 516
 515
 519
 508
 518
 492
 485
 569
 543
 521
 493
 507
 510
 503
 484
 511
 527
 519
 521
 490
 529
 471
 494
 487
 550
 480
 485
 462
 475
 467
 507
 499
 462
 466
 494
 412
 486
 491
 470
 469
 447
 470
 502
 469
 469
 441
 457
 456
 484
 462
 432
 483
 436
 467
 469
 506
 436
 454
 450
 450
 444
 446
 473
 393
 426
 410
 431
 437
 415
 435
 491
 444
 457
 445
 446
 458
 404
 413
 425
 460
 420
 411
 418
 430
 419
 455
 384
 452
 397
 405
 423
 393
 391
 438
 399
 404
 445
 370
 433
 376
 418
 394
 391
 424
 392
 410
 393
 424
 393
 385
 396
 383
 399
 418
 403
 365
 401
 423
 363
 402
 373
 402
 384
 372
 374
 389
 372
 378
 366
 399
 368
 359
 355
 385
 388
 398
 354
 352
 360
 370
 349
 373
 392
 356
 387
 359
 372
 356
 401
 302
 346
 360
 380
 376
 381
 369
 324
 353
 372
 348
 361
 385
 346
 341
 369
 344
 363
 368
 344
 358
 324
 322
 325
 366
 373
 334
 328
 305
 373
 334
 323
 360
 346
 351
 364
 348
 367
 350
 331
 331
 351
 379
 333
 361
 326
 331
 328
 335
 335
 318
 349
 329
 340
 328
 312
 308
 348
 364
 334
 309
 304
 341
 324
 304
 329
 327
 318
 330
 315
 350
 361
 331
 308
 342
 328
 345
 369
 316
 316
 325
 315
 302
 333
 344
 295
 320
 318
 309
 309
 275
 289
 297
 295
 311
 310
 314
 312
 322
 318
 328
 323
 309
 330
 307
 302
 293
 307
 316
 337
 300
 333
 291
 292
 297
 302
 291
 277
 332
 288
 286
 301
 291
 279
 288
 307
 278
 265
 291
 310
 285
 309
 292
 250
 276
 264
 253
 263
 282
 323
 288
 294
 304
 259
 294
 282
 321
 270
 298
 265
 253
 301
 255
 263
 293
 272
 297
 300
 245
 265
 262
 303
 245
 280
 291
 268
 272
 278
 281
 240
 262
 293
 293
 289
 284
 275
 260
 273
 264
 287
 259
 258
 277
 263
 257
 252
 278
 242
 243
 238
 260
 255
 237
 269
 265
 261
 288
 234
 243
 273
 262
 273
 246
 268
 227
 244
 266
 242
 232
 244
 249
 258
 250
 262
 263
 247
 245
 265
 232
 248
 263
 247
 275
 261
 235
 252
 224
 224
 249
 258
 247
 226
 238
 252
 225
 237
 270
 233
 272
 221
 256
 228
 226
 241
 245
 214
 256
 248
 248
 231
 226
 252
 229
 214
 214
 252
 246
 217
 243
 240
 248
 206
 217
 228
 241
 242
 234
 224
 256
 239
 224
 230
 221
 240
 218
 235
 235
 220
 216
 238
 246
 248
 206
 219
 227
 247
 225
 225
 212
 230
 212
 236
 226
 218
 242
 201
 214
 228
 228
 215
 234
 242
 215
 220
 218
 204
 221
 235
 231
 232
 237
 245
 235
 233
 225
 234
 227
 232
 250
 238
 232
 226
 239
 212
 219
 224
 233
 224
 240
 241
 235
 230
 212
 214
 246
 254
 214
 212
 213
 222
 243
 251
 235
 234
 221
 220
 220
 231
 224
 239
 198
 210
 230
 205
 233
 209
 197
 228
 208
 213
 222
 216
 220
 235
 234
 234
 203
 209
 237
 243
 239
 229
 230
 216
 203
 212
 212
 206
 225
 229
 229
 194
 207
 205
 210
 197
 212
 227
 254
 224
 210
 226
 197
 211
 229
 218
 200
 219
 218
 206
 193
 210
 223
 198
 197
 214
 193
 221
 189
 208
 192
 196
 211
 220
 185
 214
 198
 186
 181
 189
 205
 187
 201
 168
 181
 207
 200
 214
 177
 223
 173
 191
 200
 177
 158
 186
 180
 179
 176
 187
 174
 194
 180
 182
 177
 200
 213
 198
 197
 169
 170
 185
 196
 199
 167
 168
 189
 157
 174
 171
 199
 182
 196
 186
 173
 163
 174
 167
 204
 163
 179
 157
 168
 158
 191
 197
 161
 177
 166
 180
 181
 177
 185
 186
 167
 164
 185
 180
 175
 169
 185
 181
 169
 164
 156
 183
 166
 162
 160
 144
 175
 161
 165
 159
 150
 141
 164
 161
 146
 134
 159
 175
 145
 145
 135
 147
 153
 162
 167
 174
 149
 147
 166
 148
 161
 142
 157
 175
 185
 151
 147
 145
 159
 156
 176
 129
 149
 145
 138
 163
 152
 164
 151
 137
 152
 149
 168
 147
 143
 152
 172
 187
 152
 148
 149
 146
 156
 129
 140
 165
 141
 142
 134
 139
 162
 157
 143
 141
 147
 138
 155
 178
 160
 146
 141
 149
 157
 158
 168
 156
 136
 140
 147
 129
 152
 163
 144
 134
 144
 142
 143
 143
 170
 135
 131
 111
 136
 128
 164
 152
 144
 137
 148
 144
 149
 133
 160
 135
 141
 127
 146
 152
 134
 144
 130
 146
 149
 158
 155
 135
 159
 144
 153
 154
 143
 134
 143
 151
 150
 134
 143
 147
 140
 135
 107
 125
 140
 135
 150
 126
 138
 138
 119
 158
 152
 154
 114
 133
 148
 150
 137
 154
 141
 137
 122
 108
 124
 128
 142
 112
 136
 142
 126
 116
 144
 144
 133
 141
 138
 108
 137
 127
 137
 117
 140
 116
 111
 114
 114
 147
 123
 110
 110
 129
 110
 122
 127
 121
 135
 93
 114
 127
 121
 112
 111
 106
 109
 104
 83
 101
 88
 89
 100
 112
 87
 88
 82
 88
 87
 92
 83
 90
 67
 82
 101
 87
 79
 71
 74
 73
 86
 79
 77
 107
 79
 77
 81
 90
 83
 95
 83
 91
 85
 104
 87
 84
 86
 77
 70
 80
 98
 67
 90
 96
 93
 94
 81
 81
 74
 95
 84
 94
 70
 83
 83
 67
 86
 80
 75
 84
 84
 72
 88
 71
 95
 81
 84
 74
 88
 67
 89
 77
 64
 80
 86
 87
 81
 97
 62
 92
 83
 73
 74
 80
 76
 60
 67
 71
 67
 78
 74
 98
 88
 69
 79
 82
 85
 79
 85
 67
 86
 74
 54
 71
 85
 73
 80
 71
 63
 81
 80
 70
 73
 78
 80
 72
 65
 83
 70
 76
 67
 71
 66
 66
 69
 65
 67
 64
 74
 68
 70
 73
 71
 77
 59
 73
 67
 70
 76
 59
 62
 72
 69
 80
 50
 69
 65
 73
 61
 56
 59
 54
 59
 69
 74
 74
 68
 54
 65
 71
 61
 63
 68
 72
 69
 89
 76
 67
 71
 72
 71
 72
 65
 68
 70
 62
 56
 79
 69
 76
 60
 69
 58
 67
 48
 70
 79
 73
 65
 68
 54
 73
 70
 54
 57
 62
 57
 71
 52
 78
 62
 76
 53
 75
 66
 66
 59
 57
 53
 67
 63
 59
 63
 65
 74
 53
 67
 47
 54
 66
 76
 56
 66
 61
 65
 68
 63
 67
 57
 56
 55
 47
 56
 53
 64
 52
 54
 47
 53
 53
 54
 48
 50
 64
 45
 57
 54
 78
 61
 55
 73
 55
 53
 53
 58
 61
 62
 54
 49
 58
 57
 61
 52
 51
 56
 48
 55
 66
 63
 50
 57
 52
 57
 51
 62
 51
 56
 53
 61
 55
 63
 51
 45
 56
 54
 51
 52
 54
 55
 47
 52
 54
 55
 46
 53
 56
 59
 44
 47
 62
 51
 53
 50
 49
 60
 52
 48
 55
 67
 57
 70
 49
 61
 37
 46
 63
 50
 60
 45
 53
 57
 56
 44
 51
 42
 39
 50
 58
 55
 52
 49
 58
 40
 50
 46
 59
 45
 50
 46
 49
 57
 60
 58
 48
 45
 54
 50
 55
 57
 55
 55
 59
 55
 49
 44
 35
 48
 50
 48
 45
 49
 50
 46
 48
 48
 45
 47
 33
 43
 49
 41
 41
 50
 55
 41
 50
 44
 42
 36
 48
 38
 33
 50
 45
 51
 43
 55
 32
 47
 42
 52
 55
 45
 35
 42
 48
 38
 47
 45
 42
 43
 47
 50
 44
 53
 44
 41
 55
 45
 38
 44
 37
 33
 41
 33
 59
 41
 44
 45
 49
 42
 31
 45
 36
 36
 53
 48
 36
 38
 39
 33
 46
 46
 42
 49
 42
 29
 47
 32
 36
 41
 43
 39
 31
 35
 30
 37
 38
 42
 43
 49
 32
 50
 46
 43
 42
 32
 42
 53
 41
 48
 37
 52
 26
 34
 44
 44
 46
 37
 45
 51
 43
 40
 50
 45
 52
 44
 33
 47
 43
 38
 43
 39
 44
 28
 40
 37
 32
 42
 40
 34
 37
 27
 36
 30
 42
 40
 48
 33
 40
 32
 44
 35
 32
 34
 36
 31
 43
 51
 34
 37
 33
 38
 35
 29
 24
 31
 32
 30
 34
 32
 35
 27
 40
 35
 47
 34
 33
 31
 30
 32
 40
 31
 36
 49
 37
 34
 26
 34
 32
 35
 39
 26
 20
 29
 34
 30
 39
 35
 29
 32
 37
 32
 34
 31
 30
 34
 33
 27
 35
 34
 31
 27
 37
 33
 22
 35
 43
 35
 30
 42
 39
 35
 34
 22
 33
 32
 41
 30
 24
 31
 29
 27
 32
 30
 33
 27
 21
 32
 33
 26
 24
 38
 27
 27
 19
 32
 25
 36
 27
 28
 31
 28
 25
 32
 34
 28
 26
 25
 33
 31
 32
 37
 31
 28
 23
 27
 22
 25
 23
 40
 32
 27
 29
 34
 31
 26
 30
 29
 29
 35
 23
 29
 26
 20
 28
 20
 27
 32
 26
 41
 27
 24
 28
 19
 29
 24
 31
 18
 18
 20
 12
 26
 25
 21
 19
 39
 25
 25
 26
 31
 22
 23
 27
 37
 28
 29
 26
 26
 28
 31
 25
 23
 24
 26
 30
 25
 19
 31
 17
 27
 18
 27
 26
 25
 20
 20
 22
 25
 25
 29
 24
 20
 31
 23
 26
 24
 26
 29
 25
 26
 24
 20
 26
 28
 22
 23
 26
 29
 27
 23
 29
 22
 21
 22
 21
 28
 27
 20
 24
 31
 19
 21
 26
 18
 23
 27
 30
 26
 24
 21
 24
 15
 29
 22
 23
 26
 20
 19
 27
 21
 26
 27
 32
 26
 21
 31
 20
 21
 15
 18
 25
 19
 23
 21
 17
 25
 20
 25
 18
 24
 36
 20
 28
 14
 25
 15
 25
 21
 28
 25
 25
 17
 25
 26
 24
 21
 15
 25
 24
 26
 30
 18
 18
 15
 23
 16
 23
 26
 20
 16
 13
 20
 15
 19
 16
 29
 22
 24
 28
 27
 23
 13
 26
 22
 25
 20
 14
 39
 21
 20
 21
 30
 16
 22
 19
 20
 19
 21
 23
 20
 19
 22
 18
 18
 28
 18
 11
 23
 21
 19
 25
 26
 14
 19
 16
 23
 12
 19
 19
 12
 21
 24
 19
 22
 21
 20
 17
 20
 19
 18
 19
 14
 14
 11
 23
 17
 22
 22
 14
 20
 15
 19
 21
 30
 21
 21
 17
 12
 11
 16
 17
 14
 17
 13
 13
 18
 19
 9
 11
 12
 17
 9
 16
 16
 21
 13
 18
 11
 23
 17
 22
 9
 21
 17
 20
 17
 23
 24
 22
 18
 24
 15
 15
 20
 15
 20
 16
 20
 15
 16
 14
 15
 23
 16
 7
 15
 14
 19
 16
 16
 15
 10
 23
 18
 23
 17
 10
 21
 12
 12
 19
 16
 11
 14
 15
 17
 15
 12
 18
 16
 17
 16
 18
 12
 12
 11
 17
 16
 17
 17
 12
 14
 13
 13
 18
 11
 16
 14
 15
 19
 18
 11
 17
 10
 19
 22
 16
 17
 17
 14
 18
 22
 12
 20
 17
 12
 20
 18
 8
 12
 12
 15
 15
 16
 9
 7
 11
 8
 11
 11
 8
 15
 16
 19
 18
 10
 15
 14
 16
 12
 21
 10
 12
 12
 12
 10
 17
 20
 13
 14
 10
 14
 11
 14
 20
 13
 10
 10
 15
 6
 19
 6
 17
 23
 16
 14
 8
 12
 11
 8
 10
 11
 14
 13
 18
 16
 16
 19
 10
 15
 16
 10
 12
 12
 12
 17
 9
 16
 16
 12
 15
 16
 13
 15
 12
 12
 9
 12
 10
 9
 16
 15
 11
 11
 14
 14
 11
 11
 11
 13
 13
 15
 13
 8
 10
 11
 11
 14
 8
 14
 19
 16
 10
 9
 14
 14
 11
 14
 16
 12
 16
 12
 12
 19
 17
 9
 14
 12
 10
 13
 6
 12
 14
 11
 10
 11
 12
 12
 12
 15
 12
 9
 8
 13
 9
 11
 7
 12
 15
 16
 22
 6
 11
 12
 13
 15
 13
 3
 14
 6
 11
 11
 8
 11
 9
 11
 5
 11
 8
 9
 14
 9
 3
 9
 11
 9
 12
 14
 14
 7
 16
 8
 8
 14
 13
 6
 11
 12
 11
 11
 6
 11
 8
 6
 9
 8
 9
 9
 15
 8
 11
 12
 12
 6
 9
 17
 9
 12
 8
 7
 10
 10
 13
 12
 12
 10
 14
 14
 12
 9
 8
 6
 7
 10
 8
 7
 14
 7
 8
 10
 8
 10
 12
 11
 6
 5
 7
 19
 10
 8
 9
 7
 11
 5
 15
 8
 3
 8
 4
 7
 9
 13
 14
 4
 6
 19
 9
 13
 9
 15
 8
 12
 11
 9
 9
 13
 4
 10
 3
 6
 5
 6
 5
 9
 8
 8
 9
 4
 8
 10
 8
 9
 8
 11
 13
 10
 8
 5
 14
 11
 3
 8
 11
 12
 10
 10
 11
 16
 5
 9
 9
 10
 6
 8
 7
 10
 9
 7
 10
 10
 8
 9
 6
 10
 9
 8
 6
 6
 7
 11
 7
 4
 7
 17
 9
 5
 6
 11
 13
 7
 4
 10
 5
 7
 6
 10
 9
 7
 9
 10
 8
 6
 8
 10
 6
 2
 7
 7
 8
 7
 11
 10
 5
 7
 11
 9
 10
 8
 6
 10
 12
 3
 5
 9
 10
 7
 10
 8
 7
 5
 5
 8
 7
 4
 3
 8
 6
 3
 8
 7
 5
 3
 5
 3
 3
 9
 9
 8
 11
 6
 7
 5
 15
 6
 9
 10
 6
 9
 13
 12
 15
 4
 7
 8
 14
 3
 5
 8
 6
 8
 7
 7
 13
 10
 5
 6
 8
 4
 5
 8
 4
 6
 3
 4
 8
 5
 5
 7
 11
 12
 2
 6
 1
 7
 4
 3
 5
 10
 6
 4
 9
 10
 3
 6
 8
 11
 4
 8
 9
 8
 8
 12
 7
 13
 10
 4
 8
 8
 6
 6
 7
 2
 2
 2
 3
 13
 7
 6
 8
 4
 9
 5
 5
 4
 11
 5
 5
 3
 8
 6
 6
 7
 5
 10
 4
 1
 9
 2
 10
 7
 4
 6
 4
 8
 4
 5
 5
 5
 7
 5
 8
 10
 7
 5
 5
 6
 7
 8
 2
 7
 4
 6
 2
 2
 10
 5
 5
 5
 3
 7
 6
 3
 5
 7
 8
 8
 3
 3
 4
 12
 2
 9
 2
 4
 11
 3
 4
 5
 2
 4
 3
 7
 5
 5
 6
 3
 6
 7
 6
 3
 2
 7
 6
 4
 2
 9
 6
 5
 2
 5
 7
 4
 9
 9
 1
 12
 5
 5
 3
 7
 1
 1
 8
 5
 4
 1
 7
 8
 8
 13
 6
 10
 8
 6
 5
 5
 4
 2
 3
 4
 7
 4
 5
 5
 3
 2
 6
 3
 9
 6
 5
 3
 4
 2
 9
 2
 5
 7
 5
 5
 2
 4
 3
 7
 9
 3
 6
 2
 4
 7
 5
 6
 14
 3
 4
 6
 5
 6
 5
 3
 4
 2
 6
 10
 4
 3
 4
 6
 5
 2
 3
 10
 3
 3
 4
 7
 4
 7
 4
 5
 7
 2
 5
 5
 8
 7
 5
 7
 7
 6
 1
 3
 6
 9
 5
 4
 5
 4
 3
 3
 6
 4
 4
 3
 5
 3
 6
 4
 6
 4
 8
 2
 1
 2
 6
 9
 4
 3
 8
 7
 3
 6
 6
 1
 2
 9
 2
 2
 6
 4
 2
 1
 2
 4
 7
 7
 4
 6
 5
 0
 6
 4
 4
 9
 5
 0
 3
 3
 4
 0
 4
 1
 2
 7
 2
 5
 6
 6
 2
 4
 2
 2
 3
 4
 4
 2
 2
 1
 7
 6
 4
 6
 4
 1
 2
 1
 3
 2
 6
 1
 5
 6
 3
 3
 2
 4
 1
 4
 5
 1
 1
 6
 7
 3
 1
 4
 2
 3
 4
 3
 1
 1
 4
 4
 3
 4
 8
 5
 6
 4
 4
 4
 5
 1
 5
 2
 1
 1
 4
 3
 2
 3
 4
 7
 7
 3
 5
 3
 4
 1
 4
 2
 4
 6
 3
 5
 3
 8
 2
 3
 2
 2
 1
 5
 5
 5
 5
 0
 0
 5
 2
 2
 6
 4
