VERSION:    3.1
ELEMENTS:              1
DATE:       MAR 11, 2010 00:41:47.879
CHANNELS:           4000
ROIS:        0
REAL_TIME:   817.3200073
LIVE_TIME:   800.2299805
CAL_OFFSET:  8.8112198e-002
CAL_SLOPE:   3.1493530e-002
CAL_QUAD:    0.0000000e+000
TWO_THETA:   9.9946346
DATA: 
 0
 0
 0
 0
 0
 0
 0
 0
 0
 0
 0
 0
 0
 0
 0
 0
 0
 0
 0
 0
 0
 0
 0
 0
 0
 0
 0
 0
 0
 0
 0
 0
 0
 0
 0
 0
 0
 0
 0
 0
 0
 0
 0
 0
 0
 0
 0
 0
 0
 0
 0
 0
 0
 0
 0
 0
 0
 0
 0
 0
 0
 0
 0
 0
 0
 0
 0
 0
 0
 0
 0
 18
 32
 28
 15
 14
 18
 16
 14
 19
 14
 18
 22
 20
 26
 21
 29
 19
 21
 18
 26
 22
 32
 19
 18
 28
 26
 17
 17
 26
 24
 23
 22
 20
 28
 22
 17
 32
 20
 27
 12
 30
 21
 19
 17
 33
 19
 42
 20
 19
 29
 21
 24
 28
 24
 27
 21
 27
 22
 30
 25
 28
 20
 26
 23
 20
 23
 18
 35
 27
 17
 24
 39
 21
 23
 22
 29
 22
 23
 44
 31
 25
 30
 24
 28
 28
 25
 28
 24
 27
 28
 32
 28
 29
 16
 25
 29
 36
 34
 35
 40
 40
 32
 36
 40
 33
 47
 42
 45
 38
 36
 48
 37
 43
 36
 51
 38
 37
 43
 41
 36
 36
 42
 27
 36
 41
 39
 41
 40
 28
 33
 38
 41
 32
 49
 28
 53
 53
 38
 46
 28
 39
 52
 43
 41
 40
 48
 37
 47
 41
 46
 48
 55
 50
 42
 53
 56
 55
 44
 51
 49
 49
 51
 61
 52
 57
 69
 60
 59
 61
 56
 50
 56
 62
 55
 52
 47
 61
 54
 62
 52
 58
 48
 53
 60
 49
 55
 51
 48
 64
 57
 51
 47
 58
 52
 62
 50
 61
 50
 48
 46
 54
 51
 71
 51
 54
 44
 65
 66
 66
 58
 50
 48
 63
 56
 71
 59
 50
 62
 47
 58
 58
 69
 72
 70
 83
 56
 65
 68
 65
 63
 68
 91
 69
 62
 60
 65
 63
 79
 82
 91
 65
 67
 69
 62
 79
 80
 78
 79
 82
 71
 64
 76
 50
 73
 70
 79
 70
 68
 75
 87
 78
 81
 69
 90
 92
 97
 80
 64
 96
 61
 86
 78
 77
 70
 75
 61
 74
 66
 60
 84
 84
 63
 68
 88
 76
 66
 87
 78
 81
 62
 82
 77
 81
 76
 71
 73
 91
 61
 78
 84
 75
 89
 79
 86
 66
 73
 84
 85
 69
 70
 77
 78
 72
 82
 70
 87
 87
 70
 61
 112
 85
 81
 90
 95
 74
 81
 95
 82
 75
 84
 103
 88
 96
 83
 81
 105
 101
 96
 81
 104
 80
 77
 96
 82
 91
 99
 87
 94
 97
 94
 102
 87
 99
 112
 107
 96
 92
 90
 100
 94
 118
 87
 126
 101
 96
 107
 95
 88
 101
 90
 89
 96
 103
 106
 111
 82
 93
 112
 115
 112
 97
 103
 113
 119
 112
 130
 135
 142
 118
 119
 128
 154
 126
 122
 134
 133
 127
 129
 121
 136
 126
 135
 149
 125
 154
 157
 144
 131
 142
 144
 162
 150
 161
 162
 198
 179
 171
 175
 225
 194
 198
 203
 217
 196
 217
 229
 245
 250
 231
 253
 202
 204
 239
 214
 215
 193
 212
 213
 243
 203
 214
 222
 194
 215
 231
 242
 217
 252
 246
 226
 248
 225
 236
 226
 257
 235
 242
 240
 273
 244
 251
 242
 252
 275
 233
 287
 262
 267
 250
 271
 273
 278
 304
 309
 301
 316
 358
 399
 361
 395
 367
 387
 381
 395
 403
 338
 363
 356
 342
 336
 344
 335
 323
 323
 327
 369
 331
 320
 355
 343
 344
 321
 369
 369
 331
 369
 324
 354
 364
 362
 362
 370
 374
 403
 382
 421
 406
 382
 388
 446
 403
 420
 420
 431
 412
 429
 465
 453
 453
 475
 457
 458
 486
 492
 464
 466
 445
 532
 486
 518
 521
 460
 492
 497
 519
 532
 552
 532
 547
 533
 543
 574
 554
 566
 548
 563
 530
 583
 544
 586
 594
 576
 608
 578
 563
 546
 624
 580
 601
 601
 603
 629
 641
 608
 607
 613
 646
 627
 618
 672
 625
 640
 639
 644
 690
 666
 678
 670
 678
 685
 654
 676
 694
 714
 673
 718
 695
 699
 694
 734
 713
 665
 723
 794
 712
 737
 719
 730
 731
 714
 771
 683
 746
 728
 780
 765
 773
 761
 779
 743
 776
 793
 802
 790
 795
 778
 822
 738
 782
 836
 736
 857
 827
 819
 806
 813
 872
 872
 823
 837
 843
 847
 816
 778
 870
 847
 859
 892
 810
 819
 842
 839
 866
 903
 855
 911
 868
 893
 891
 870
 948
 891
 863
 908
 879
 863
 933
 894
 902
 884
 905
 956
 951
 973
 903
 953
 925
 946
 937
 938
 964
 988
 953
 996
 971
 1011
 965
 961
 1008
 1018
 988
 965
 981
 966
 1015
 1031
 978
 1011
 1049
 1012
 984
 1029
 1075
 1069
 1087
 1072
 1048
 1068
 1061
 1090
 1094
 1033
 1047
 1046
 1150
 1049
 1088
 1189
 1024
 1115
 1144
 1101
 1114
 1046
 1130
 1130
 1149
 1083
 1147
 1113
 1195
 1120
 1143
 1185
 1183
 1127
 1152
 1232
 1185
 1243
 1199
 1128
 1093
 1175
 1243
 1217
 1280
 1214
 1237
 1245
 1203
 1221
 1155
 1224
 1284
 1254
 1242
 1263
 1289
 1251
 1279
 1280
 1327
 1304
 1279
 1367
 1292
 1333
 1290
 1361
 1263
 1302
 1333
 1309
 1332
 1300
 1381
 1347
 1329
 1314
 1305
 1379
 1366
 1333
 1387
 1378
 1301
 1328
 1335
 1326
 1383
 1359
 1335
 1380
 1391
 1313
 1367
 1395
 1427
 1379
 1366
 1376
 1413
 1365
 1412
 1419
 1392
 1422
 1379
 1382
 1452
 1369
 1447
 1368
 1378
 1340
 1467
 1429
 1418
 1440
 1435
 1386
 1391
 1423
 1410
 1443
 1397
 1372
 1465
 1435
 1487
 1401
 1477
 1384
 1457
 1431
 1479
 1405
 1469
 1410
 1442
 1366
 1447
 1405
 1478
 1462
 1489
 1443
 1451
 1445
 1414
 1446
 1429
 1384
 1392
 1446
 1441
 1404
 1367
 1451
 1385
 1449
 1476
 1482
 1454
 1460
 1457
 1507
 1398
 1444
 1425
 1411
 1469
 1480
 1401
 1431
 1398
 1434
 1387
 1366
 1483
 1482
 1477
 1449
 1400
 1459
 1437
 1478
 1439
 1382
 1445
 1485
 1427
 1406
 1416
 1425
 1427
 1462
 1356
 1473
 1496
 1464
 1494
 1436
 1456
 1445
 1484
 1485
 1532
 1386
 1504
 1432
 1491
 1485
 1435
 1436
 1517
 1490
 1420
 1484
 1507
 1445
 1423
 1424
 1421
 1528
 1503
 1401
 1511
 1494
 1521
 1468
 1440
 1478
 1460
 1470
 1480
 1494
 1485
 1472
 1477
 1423
 1457
 1411
 1584
 1550
 1517
 1506
 1485
 1498
 1453
 1499
 1506
 1512
 1498
 1484
 1479
 1533
 1431
 1510
 1487
 1513
 1486
 1432
 1513
 1449
 1498
 1531
 1448
 1412
 1478
 1433
 1402
 1376
 1395
 1426
 1387
 1360
 1398
 1475
 1380
 1417
 1375
 1349
 1393
 1334
 1314
 1360
 1266
 1278
 1334
 1312
 1313
 1269
 1361
 1255
 1323
 1183
 1317
 1244
 1230
 1245
 1271
 1205
 1249
 1166
 1180
 1189
 1148
 1088
 1170
 1082
 1148
 1127
 1153
 1083
 1083
 1100
 1089
 1047
 1040
 1075
 1075
 1076
 1041
 1032
 1070
 1005
 1015
 1008
 978
 1053
 1048
 1002
 948
 950
 966
 906
 946
 976
 893
 885
 930
 912
 914
 928
 900
 920
 922
 854
 890
 935
 842
 848
 822
 893
 817
 803
 823
 808
 843
 894
 853
 823
 784
 831
 790
 824
 784
 876
 767
 782
 794
 809
 764
 832
 768
 839
 790
 767
 849
 810
 811
 764
 783
 780
 751
 739
 766
 774
 758
 742
 801
 756
 741
 758
 727
 723
 761
 787
 717
 664
 735
 751
 722
 725
 757
 706
 771
 697
 659
 708
 721
 738
 719
 734
 719
 746
 689
 668
 727
 681
 705
 721
 697
 692
 729
 687
 690
 731
 742
 755
 701
 706
 705
 787
 721
 711
 693
 696
 663
 732
 654
 666
 669
 696
 707
 656
 699
 730
 699
 758
 640
 726
 660
 690
 668
 750
 726
 698
 662
 702
 695
 726
 689
 736
 694
 710
 739
 727
 694
 735
 679
 677
 670
 669
 670
 683
 689
 686
 637
 688
 739
 704
 674
 665
 660
 649
 708
 669
 693
 647
 679
 681
 690
 678
 667
 651
 708
 672
 717
 688
 664
 649
 679
 676
 658
 651
 674
 662
 664
 656
 647
 700
 709
 712
 646
 663
 690
 707
 643
 650
 680
 654
 659
 647
 640
 644
 603
 626
 641
 629
 615
 654
 604
 601
 646
 647
 708
 687
 668
 662
 609
 651
 582
 640
 667
 626
 611
 602
 583
 624
 593
 633
 660
 638
 633
 647
 672
 633
 584
 640
 634
 576
 622
 594
 613
 582
 579
 602
 575
 608
 609
 630
 601
 627
 581
 557
 636
 580
 566
 596
 550
 560
 613
 547
 582
 595
 594
 538
 538
 559
 579
 587
 555
 551
 559
 599
 536
 552
 544
 564
 563
 555
 519
 540
 584
 530
 514
 560
 530
 529
 519
 535
 521
 540
 563
 540
 524
 516
 536
 541
 539
 540
 522
 526
 499
 560
 501
 493
 500
 508
 494
 527
 460
 517
 503
 514
 494
 487
 496
 526
 513
 492
 467
 485
 483
 486
 495
 479
 468
 484
 487
 473
 477
 477
 453
 460
 470
 512
 455
 483
 456
 454
 501
 452
 450
 450
 469
 472
 446
 449
 465
 476
 428
 479
 379
 461
 469
 410
 438
 464
 425
 429
 461
 428
 443
 427
 467
 454
 451
 450
 486
 465
 430
 458
 459
 451
 435
 435
 427
 446
 425
 407
 449
 431
 417
 431
 454
 465
 404
 414
 446
 423
 441
 440
 432
 446
 415
 428
 410
 423
 409
 423
 415
 453
 414
 414
 413
 404
 417
 382
 457
 422
 460
 474
 433
 380
 436
 479
 455
 428
 398
 442
 408
 445
 426
 437
 389
 432
 449
 413
 433
 422
 396
 384
 455
 397
 406
 421
 434
 441
 443
 427
 419
 421
 407
 426
 416
 418
 456
 432
 415
 424
 402
 432
 397
 429
 427
 444
 452
 411
 428
 437
 426
 432
 425
 431
 426
 421
 441
 417
 436
 399
 401
 422
 423
 419
 412
 399
 393
 422
 427
 412
 433
 424
 431
 410
 428
 433
 418
 436
 426
 402
 427
 403
 407
 399
 425
 416
 392
 415
 447
 423
 409
 450
 425
 404
 408
 392
 429
 413
 426
 398
 402
 445
 415
 423
 396
 367
 386
 444
 405
 419
 408
 400
 424
 368
 421
 443
 427
 421
 394
 396
 381
 385
 386
 370
 371
 434
 370
 387
 399
 411
 403
 417
 412
 414
 416
 370
 401
 402
 364
 384
 369
 359
 371
 396
 425
 362
 368
 423
 404
 368
 362
 373
 357
 378
 401
 378
 366
 409
 382
 398
 381
 387
 376
 375
 381
 381
 396
 373
 358
 402
 391
 370
 381
 393
 364
 350
 372
 345
 362
 377
 372
 361
 408
 330
 370
 342
 379
 350
 374
 353
 352
 377
 327
 358
 367
 353
 376
 361
 351
 351
 360
 374
 347
 363
 355
 328
 334
 326
 366
 343
 379
 337
 331
 316
 345
 327
 311
 368
 319
 348
 348
 320
 335
 340
 335
 309
 330
 330
 270
 342
 334
 353
 331
 312
 323
 338
 331
 328
 317
 324
 314
 340
 338
 336
 344
 276
 332
 348
 308
 317
 324
 333
 347
 296
 293
 321
 345
 340
 314
 337
 305
 317
 344
 326
 326
 297
 295
 330
 313
 288
 300
 282
 338
 279
 312
 292
 296
 297
 298
 305
 284
 272
 306
 300
 303
 305
 297
 286
 325
 264
 292
 284
 299
 273
 290
 283
 285
 302
 273
 302
 293
 296
 304
 309
 274
 291
 296
 273
 281
 298
 283
 287
 268
 246
 261
 268
 278
 285
 267
 249
 293
 272
 278
 282
 252
 302
 274
 276
 268
 248
 296
 297
 268
 261
 304
 296
 253
 271
 252
 245
 280
 262
 264
 236
 258
 270
 255
 255
 259
 244
 247
 275
 252
 289
 256
 268
 263
 243
 232
 228
 246
 245
 253
 250
 242
 249
 215
 275
 266
 263
 256
 264
 263
 249
 241
 256
 255
 218
 250
 243
 236
 226
 234
 219
 251
 205
 228
 248
 212
 255
 229
 205
 191
 226
 231
 224
 230
 237
 219
 249
 202
 222
 229
 246
 253
 231
 237
 216
 222
 185
 230
 232
 218
 201
 214
 220
 246
 232
 224
 228
 190
 232
 184
 202
 205
 247
 194
 232
 207
 197
 240
 176
 207
 211
 195
 214
 220
 193
 220
 194
 211
 198
 224
 193
 185
 194
 204
 217
 193
 195
 204
 191
 185
 217
 214
 221
 201
 206
 202
 186
 187
 187
 215
 198
 202
 189
 210
 185
 190
 195
 193
 192
 218
 195
 205
 195
 221
 193
 195
 196
 217
 188
 185
 196
 184
 185
 178
 205
 190
 183
 194
 199
 171
 167
 195
 190
 188
 205
 191
 189
 189
 181
 193
 187
 182
 194
 178
 205
 199
 197
 161
 187
 189
 182
 184
 188
 182
 154
 170
 184
 156
 175
 182
 180
 176
 174
 175
 186
 163
 200
 164
 183
 155
 194
 152
 162
 150
 168
 166
 197
 186
 171
 149
 181
 166
 172
 163
 152
 150
 161
 187
 157
 174
 182
 163
 169
 173
 186
 178
 165
 155
 152
 177
 171
 165
 193
 191
 164
 172
 169
 193
 162
 170
 169
 176
 174
 159
 154
 185
 164
 162
 149
 169
 168
 172
 172
 169
 179
 165
 161
 155
 145
 150
 159
 164
 155
 162
 183
 162
 160
 155
 165
 147
 177
 168
 134
 157
 185
 148
 144
 162
 171
 155
 176
 167
 171
 161
 135
 152
 169
 157
 163
 171
 158
 156
 145
 190
 157
 156
 164
 155
 146
 169
 155
 160
 184
 181
 151
 147
 140
 138
 128
 141
 163
 160
 134
 149
 135
 152
 151
 144
 171
 151
 124
 149
 154
 164
 144
 147
 144
 158
 146
 156
 138
 131
 165
 136
 146
 141
 138
 143
 147
 127
 127
 162
 135
 136
 146
 157
 140
 133
 148
 129
 133
 134
 123
 117
 105
 108
 130
 133
 130
 130
 123
 114
 113
 106
 113
 108
 108
 90
 90
 101
 103
 95
 89
 91
 98
 95
 96
 75
 110
 88
 110
 89
 88
 91
 93
 100
 90
 80
 94
 77
 85
 102
 104
 91
 90
 82
 80
 92
 84
 88
 94
 78
 101
 94
 78
 92
 88
 104
 89
 75
 77
 87
 103
 93
 90
 79
 85
 93
 85
 92
 77
 81
 93
 88
 74
 88
 89
 81
 81
 78
 84
 88
 84
 79
 97
 80
 94
 69
 92
 91
 72
 83
 77
 105
 78
 72
 83
 83
 98
 71
 74
 91
 73
 92
 76
 80
 77
 77
 81
 87
 92
 85
 73
 74
 72
 91
 86
 79
 76
 71
 71
 76
 77
 72
 79
 80
 82
 71
 93
 73
 71
 87
 73
 75
 85
 72
 78
 89
 93
 76
 82
 74
 69
 65
 71
 59
 72
 65
 67
 65
 80
 69
 72
 64
 61
 73
 86
 87
 89
 71
 78
 68
 91
 49
 58
 80
 68
 74
 77
 78
 78
 64
 83
 75
 60
 71
 75
 61
 80
 75
 65
 62
 53
 61
 63
 68
 61
 81
 69
 77
 74
 65
 63
 83
 64
 68
 63
 65
 76
 84
 76
 71
 74
 74
 67
 78
 76
 57
 63
 74
 69
 58
 65
 76
 62
 69
 69
 65
 54
 62
 64
 65
 78
 78
 78
 69
 64
 70
 64
 77
 84
 61
 71
 58
 56
 63
 65
 70
 45
 65
 68
 57
 80
 67
 57
 71
 72
 73
 67
 73
 82
 65
 65
 55
 46
 61
 86
 69
 65
 52
 75
 59
 66
 50
 70
 77
 75
 51
 68
 72
 60
 61
 49
 52
 64
 54
 62
 48
 50
 60
 59
 60
 61
 73
 62
 53
 61
 59
 63
 55
 67
 57
 56
 65
 61
 61
 62
 62
 64
 57
 62
 65
 74
 70
 63
 60
 51
 58
 65
 68
 52
 40
 72
 54
 63
 63
 55
 62
 52
 56
 53
 64
 61
 60
 55
 62
 67
 66
 55
 52
 50
 49
 61
 60
 49
 56
 63
 65
 51
 56
 57
 66
 58
 50
 50
 62
 60
 55
 54
 66
 66
 57
 70
 52
 48
 59
 53
 59
 58
 45
 63
 57
 54
 52
 52
 48
 47
 37
 61
 45
 50
 53
 44
 47
 56
 53
 48
 50
 43
 63
 42
 41
 55
 44
 49
 61
 50
 43
 45
 47
 55
 63
 57
 54
 60
 40
 47
 63
 48
 50
 41
 47
 48
 49
 43
 50
 39
 50
 61
 44
 40
 46
 35
 47
 54
 33
 35
 46
 39
 45
 54
 39
 53
 59
 55
 57
 37
 42
 45
 48
 42
 50
 39
 51
 44
 40
 51
 54
 50
 41
 40
 45
 54
 43
 40
 45
 51
 39
 43
 39
 33
 47
 36
 40
 54
 54
 51
 44
 43
 37
 48
 38
 43
 47
 40
 35
 47
 52
 34
 42
 41
 52
 45
 48
 44
 36
 27
 47
 44
 40
 44
 47
 39
 42
 43
 41
 37
 32
 42
 44
 40
 30
 42
 46
 44
 38
 47
 42
 42
 50
 38
 34
 42
 38
 52
 35
 40
 32
 39
 32
 33
 40
 29
 47
 22
 28
 44
 35
 22
 38
 33
 37
 43
 46
 35
 42
 31
 39
 47
 49
 44
 38
 40
 35
 35
 41
 47
 31
 34
 33
 35
 43
 42
 34
 45
 28
 28
 27
 32
 37
 22
 36
 34
 39
 44
 40
 43
 38
 36
 41
 44
 29
 38
 39
 39
 35
 41
 33
 44
 29
 24
 35
 34
 38
 25
 25
 32
 40
 38
 30
 36
 34
 26
 28
 31
 28
 36
 28
 26
 34
 52
 37
 36
 25
 31
 32
 30
 39
 38
 29
 37
 26
 34
 31
 35
 25
 32
 24
 31
 19
 31
 27
 30
 28
 32
 25
 34
 21
 32
 33
 30
 29
 28
 27
 42
 29
 42
 32
 26
 25
 26
 19
 28
 30
 31
 27
 25
 22
 31
 21
 28
 31
 21
 30
 20
 19
 25
 22
 23
 31
 23
 20
 19
 27
 28
 23
 34
 30
 31
 17
 25
 29
 36
 24
 28
 38
 27
 26
 20
 29
 29
 39
 25
 34
 29
 31
 26
 30
 22
 28
 23
 34
 31
 30
 34
 25
 19
 30
 24
 25
 22
 22
 19
 35
 15
 31
 29
 32
 26
 24
 17
 34
 23
 43
 19
 31
 22
 19
 19
 27
 23
 23
 24
 30
 30
 32
 17
 25
 27
 26
 16
 15
 29
 14
 19
 26
 26
 27
 23
 29
 15
 29
 22
 21
 29
 26
 28
 14
 17
 31
 18
 19
 26
 19
 30
 33
 25
 32
 17
 20
 27
 14
 24
 24
 33
 19
 27
 30
 27
 20
 22
 19
 22
 28
 18
 26
 23
 28
 22
 25
 18
 31
 26
 23
 28
 22
 26
 22
 22
 26
 25
 20
 26
 24
 27
 23
 21
 23
 19
 30
 24
 32
 27
 24
 27
 21
 25
 17
 15
 31
 23
 23
 20
 19
 21
 17
 26
 24
 30
 18
 15
 12
 20
 11
 23
 29
 23
 22
 25
 20
 23
 25
 17
 24
 18
 19
 31
 24
 23
 21
 14
 19
 19
 20
 22
 18
 19
 12
 17
 18
 27
 24
 21
 20
 12
 24
 16
 24
 20
 18
 21
 18
 17
 25
 16
 25
 13
 19
 18
 12
 17
 20
 16
 26
 21
 25
 20
 25
 17
 20
 17
 22
 12
 17
 20
 22
 14
 17
 16
 16
 17
 17
 19
 14
 14
 24
 18
 23
 25
 16
 21
 21
 24
 15
 16
 23
 16
 14
 15
 21
 20
 19
 16
 15
 15
 18
 21
 17
 18
 15
 21
 14
 26
 20
 18
 25
 17
 21
 23
 19
 25
 21
 19
 26
 20
 22
 12
 7
 19
 19
 20
 9
 22
 13
 14
 12
 15
 17
 15
 22
 14
 19
 22
 17
 13
 18
 13
 16
 9
 21
 17
 10
 16
 17
 15
 20
 23
 8
 14
 21
 20
 14
 10
 22
 8
 14
 12
 17
 17
 16
 20
 13
 17
 12
 19
 11
 19
 11
 15
 11
 15
 9
 18
 17
 10
 16
 21
 13
 15
 14
 14
 26
 19
 20
 16
 24
 12
 13
 8
 15
 13
 10
 9
 11
 19
 21
 12
 16
 13
 10
 22
 17
 16
 20
 10
 19
 14
 24
 12
 16
 13
 12
 9
 15
 12
 19
 14
 13
 10
 15
 15
 11
 14
 12
 9
 14
 17
 15
 9
 14
 13
 7
 15
 15
 12
 11
 12
 15
 13
 17
 9
 13
 6
 11
 13
 7
 17
 18
 16
 19
 13
 15
 19
 9
 7
 17
 19
 5
 6
 14
 10
 19
 18
 14
 11
 9
 9
 14
 13
 7
 10
 19
 9
 15
 14
 8
 10
 19
 14
 15
 18
 13
 14
 14
 13
 14
 12
 7
 13
 13
 10
 11
 9
 13
 12
 11
 14
 11
 9
 9
 10
 10
 11
 15
 17
 14
 15
 11
 8
 8
 19
 10
 16
 14
 11
 18
 8
 16
 7
 15
 10
 13
 14
 11
 13
 14
 11
 12
 12
 18
 16
 12
 13
 9
 10
 17
 14
 11
 16
 14
 11
 10
 12
 9
 14
 9
 8
 7
 11
 14
 12
 18
 15
 8
 11
 13
 12
 11
 9
 13
 15
 10
 9
 8
 13
 18
 4
 14
 14
 14
 8
 10
 15
 9
 17
 14
 13
 12
 15
 14
 8
 6
 11
 10
 8
 9
 4
 6
 12
 10
 14
 8
 12
 4
 11
 14
 14
 11
 12
 15
 10
 6
 17
 8
 10
 14
 8
 8
 8
 9
 15
 11
 7
 8
 7
 11
 9
 15
 11
 9
 10
 8
 10
 9
 12
 11
 10
 10
 7
 7
 14
 6
 9
 10
 11
 8
 9
 12
 7
 5
 6
 8
 5
 11
 9
 18
 6
 5
 1
 9
 13
 11
 8
 9
 6
 7
 14
 12
 8
 10
 6
 14
 8
 11
 13
 8
 11
 11
 7
 4
 5
 10
 12
 7
 11
 4
 7
 6
 6
 10
 14
 8
 10
 6
 10
 12
 6
 3
 8
 8
 5
 8
 10
 8
 10
 5
 14
 11
 14
 7
 10
 9
 8
 12
 10
 10
 14
 4
 13
 9
 4
 8
 8
 6
 8
 6
 11
 11
 5
 9
 7
 6
 8
 3
 9
 7
 10
 6
 4
 7
 5
 6
 8
 11
 12
 7
 9
 3
 6
 13
 1
 2
 5
 9
 9
 7
 10
 4
 13
 8
 10
 7
 3
 3
 10
 7
 13
 9
 11
 9
 5
 6
 7
 8
 7
 3
 6
 7
 8
 10
 14
 9
 9
 13
 9
 4
 9
 6
 7
 7
 10
 5
 2
 9
 6
 7
 7
 8
 12
 3
 7
 7
 10
 7
 9
 6
 6
 3
 5
 7
 9
 6
 5
 8
 5
 9
 8
 3
 5
 5
 5
 5
 9
 10
 7
 7
 4
 5
 7
 11
 6
 7
 3
 11
 6
 5
 5
 4
 5
 5
 4
 4
 3
 2
 10
 3
 5
 11
 7
 4
 5
 12
 6
 6
 6
 4
 5
 9
 7
 4
 9
 8
 4
 8
 5
 3
 4
 5
 3
 9
 7
 3
 7
 6
 4
 7
 5
 7
 5
 4
 6
 9
 4
 4
 6
 6
 5
 5
 8
 5
 6
 3
 9
 0
 7
 6
 4
 7
 6
 8
 11
 7
 8
 6
 6
 3
 6
 9
 5
 5
 0
 3
 4
 5
 10
 2
 4
 6
 6
 3
 6
 3
 1
 4
 5
 8
 1
 5
 6
 6
 10
 10
 6
 5
 2
 2
 10
 3
 6
 5
 6
 6
 4
 4
 6
 8
 3
 7
 9
 4
 5
 3
 2
 8
 8
 4
 6
 7
 8
 6
 5
 5
 8
 3
 4
 3
 3
 4
 3
 5
 6
 5
 6
 4
 7
 13
 5
 1
 4
 5
 3
 4
 6
 8
 10
 9
 6
 5
 4
 7
 7
 8
 3
 5
 2
 9
 3
 3
 3
 7
 5
 3
 7
 9
 8
 7
 7
 10
 7
 4
 5
 3
 10
 4
 9
 6
 3
 8
 2
 9
 4
 3
 5
 3
 5
 3
 5
 4
 5
 10
 4
 2
 8
 5
 3
 4
 2
 3
 2
 2
 5
 2
 5
 6
 4
 2
 3
 2
 12
 5
 5
 9
 7
 3
 2
 4
 6
 4
 4
 1
 2
 4
 6
 2
 8
 3
 7
 2
 3
 3
 8
 2
 3
 3
 3
 4
 9
 1
 2
 1
 3
 4
 5
 6
 3
 7
 6
 4
 3
 4
 4
 2
 5
 4
 4
 7
 7
 7
 2
 6
 3
 1
 3
 2
 3
 3
 3
 5
 4
 3
 5
 4
 3
 7
 6
 3
 3
 8
 2
 3
 6
 6
 6
 6
 3
 2
 4
 6
 4
 6
 1
 8
 1
 8
 4
 4
 3
 2
 4
 5
 8
 2
 0
 3
 3
 8
 5
 3
 2
 5
 8
 4
 2
 4
 4
 4
 1
 4
 3
 2
 2
 5
 5
 2
 7
 1
 2
 5
 2
 4
 1
 4
 1
 3
 6
 4
 4
 5
 7
 2
 5
 6
 8
 3
 4
 2
 6
 1
 2
 2
 5
 3
 3
 5
 1
 3
 4
 3
 4
 4
 2
 8
 3
 2
 6
 2
 6
 0
 3
 7
 2
 4
