VERSION:    3.1
ELEMENTS:              1
DATE:       MAR 10, 2010 22:47:12.188
CHANNELS:           4000
ROIS:        0
REAL_TIME:   1816.5100098
LIVE_TIME:   1800.2500000
CAL_OFFSET:  8.8112198e-002
CAL_SLOPE:   3.1493530e-002
CAL_QUAD:    0.0000000e+000
TWO_THETA:   9.9946346
DATA: 
 0
 0
 0
 0
 0
 0
 0
 0
 0
 0
 0
 0
 0
 0
 0
 0
 0
 0
 0
 0
 0
 0
 0
 0
 0
 0
 0
 0
 0
 0
 0
 0
 0
 0
 0
 0
 0
 0
 0
 0
 0
 0
 0
 0
 0
 0
 0
 0
 0
 0
 0
 0
 0
 0
 0
 0
 0
 0
 0
 0
 0
 0
 0
 0
 0
 0
 0
 0
 0
 0
 2
 12
 16
 15
 11
 18
 10
 12
 17
 15
 20
 15
 26
 17
 19
 12
 17
 14
 14
 13
 14
 20
 20
 17
 13
 16
 22
 10
 22
 24
 10
 16
 14
 19
 17
 18
 14
 14
 23
 15
 30
 18
 19
 20
 16
 19
 21
 14
 20
 28
 22
 20
 16
 18
 26
 21
 29
 26
 24
 14
 15
 23
 20
 23
 30
 27
 18
 26
 24
 28
 23
 20
 27
 23
 19
 31
 28
 35
 26
 30
 29
 27
 24
 31
 24
 26
 34
 18
 30
 35
 39
 32
 32
 35
 28
 33
 22
 34
 32
 23
 29
 31
 35
 34
 30
 31
 40
 26
 33
 29
 44
 35
 37
 43
 37
 46
 32
 53
 45
 45
 29
 41
 55
 47
 35
 26
 45
 46
 48
 37
 36
 35
 50
 40
 37
 33
 42
 51
 42
 45
 46
 58
 44
 40
 43
 49
 62
 48
 47
 44
 42
 58
 45
 52
 44
 55
 54
 48
 54
 68
 60
 68
 65
 62
 73
 74
 91
 65
 76
 68
 76
 71
 71
 64
 75
 53
 63
 80
 57
 52
 48
 57
 69
 78
 62
 55
 63
 54
 60
 55
 60
 80
 63
 70
 93
 59
 78
 75
 51
 68
 73
 68
 65
 70
 74
 68
 64
 67
 74
 60
 63
 69
 80
 59
 64
 66
 82
 77
 84
 75
 72
 72
 79
 95
 83
 90
 93
 79
 78
 69
 84
 65
 96
 79
 85
 86
 100
 97
 81
 88
 75
 73
 89
 73
 64
 75
 79
 77
 73
 97
 73
 88
 68
 80
 76
 86
 70
 89
 86
 65
 72
 93
 81
 63
 71
 79
 81
 70
 64
 97
 77
 76
 67
 73
 61
 64
 70
 79
 71
 68
 74
 69
 89
 66
 65
 91
 79
 59
 69
 68
 63
 65
 65
 72
 78
 62
 61
 55
 57
 71
 80
 62
 76
 60
 72
 79
 64
 62
 61
 72
 67
 74
 73
 71
 62
 73
 67
 65
 56
 59
 53
 59
 57
 70
 59
 90
 68
 64
 58
 61
 77
 67
 68
 59
 71
 62
 75
 68
 70
 68
 68
 71
 93
 67
 63
 58
 71
 75
 79
 66
 65
 74
 82
 72
 90
 70
 84
 81
 85
 79
 85
 85
 72
 72
 71
 89
 79
 70
 85
 71
 80
 86
 81
 90
 97
 84
 97
 95
 102
 104
 106
 84
 87
 93
 105
 109
 113
 103
 88
 98
 103
 113
 100
 95
 133
 114
 107
 103
 106
 112
 116
 100
 134
 120
 139
 123
 121
 135
 135
 133
 147
 135
 123
 163
 132
 150
 157
 170
 132
 176
 173
 206
 222
 204
 241
 263
 247
 281
 248
 262
 272
 247
 226
 210
 210
 215
 209
 219
 191
 216
 226
 189
 199
 240
 185
 243
 234
 253
 251
 240
 232
 233
 267
 250
 294
 247
 276
 275
 304
 261
 312
 296
 287
 274
 299
 334
 314
 297
 324
 324
 339
 343
 354
 380
 381
 428
 429
 475
 508
 529
 517
 594
 533
 533
 506
 535
 492
 486
 463
 458
 442
 415
 442
 438
 399
 433
 434
 412
 438
 483
 448
 461
 471
 462
 436
 470
 436
 438
 484
 464
 496
 526
 501
 540
 473
 519
 517
 533
 547
 514
 560
 515
 552
 559
 567
 583
 564
 551
 602
 597
 606
 580
 657
 581
 656
 637
 587
 631
 662
 651
 630
 664
 716
 671
 696
 718
 718
 756
 750
 726
 769
 755
 738
 745
 774
 757
 697
 775
 743
 740
 734
 771
 760
 746
 756
 756
 743
 711
 730
 784
 715
 721
 750
 701
 723
 733
 717
 732
 738
 723
 729
 726
 723
 705
 703
 702
 643
 694
 727
 756
 641
 678
 716
 681
 672
 729
 663
 691
 721
 729
 700
 687
 672
 685
 653
 641
 635
 623
 645
 612
 673
 671
 646
 713
 690
 696
 677
 645
 645
 694
 645
 652
 661
 585
 644
 666
 676
 682
 648
 631
 627
 641
 664
 648
 648
 628
 609
 645
 664
 667
 669
 706
 665
 736
 685
 676
 664
 683
 641
 701
 668
 695
 683
 703
 720
 705
 723
 689
 739
 708
 745
 724
 721
 747
 721
 781
 700
 728
 731
 711
 755
 754
 777
 710
 726
 747
 755
 757
 746
 751
 745
 778
 769
 778
 767
 758
 785
 797
 759
 809
 751
 767
 839
 809
 796
 814
 816
 734
 808
 816
 800
 790
 823
 810
 804
 847
 792
 863
 797
 829
 797
 826
 821
 818
 813
 825
 832
 787
 827
 837
 792
 844
 794
 826
 805
 876
 817
 834
 860
 806
 822
 786
 885
 822
 808
 839
 826
 819
 807
 814
 818
 829
 897
 843
 779
 768
 822
 816
 807
 833
 832
 798
 837
 793
 834
 815
 761
 804
 810
 794
 827
 816
 818
 795
 796
 814
 773
 793
 784
 836
 763
 787
 787
 822
 821
 774
 793
 821
 810
 776
 803
 784
 789
 791
 809
 744
 752
 767
 768
 739
 744
 791
 769
 763
 767
 798
 793
 816
 759
 788
 769
 753
 748
 820
 763
 692
 773
 792
 789
 783
 749
 756
 746
 816
 772
 738
 838
 744
 774
 736
 795
 736
 768
 756
 828
 758
 758
 745
 762
 773
 770
 812
 774
 774
 754
 816
 741
 823
 780
 807
 795
 778
 791
 807
 819
 794
 790
 833
 775
 756
 803
 799
 832
 778
 781
 815
 864
 840
 843
 853
 788
 761
 843
 789
 844
 839
 886
 795
 804
 853
 853
 819
 869
 855
 836
 808
 874
 801
 876
 850
 845
 892
 897
 814
 814
 889
 877
 888
 886
 838
 838
 872
 874
 870
 840
 822
 852
 879
 846
 858
 902
 832
 889
 835
 815
 778
 872
 858
 821
 813
 878
 885
 877
 884
 897
 839
 841
 887
 835
 860
 883
 864
 848
 893
 884
 873
 904
 834
 781
 823
 853
 794
 878
 845
 839
 825
 873
 838
 854
 855
 876
 872
 818
 841
 813
 826
 821
 847
 816
 857
 802
 824
 764
 832
 848
 817
 825
 807
 827
 867
 821
 786
 781
 815
 791
 792
 782
 789
 818
 817
 833
 823
 738
 800
 775
 791
 771
 765
 810
 856
 822
 787
 801
 844
 826
 738
 813
 794
 772
 747
 747
 762
 852
 823
 807
 713
 764
 831
 753
 750
 774
 778
 782
 772
 798
 743
 739
 763
 774
 775
 738
 716
 764
 782
 777
 714
 708
 729
 759
 775
 736
 714
 730
 695
 656
 736
 761
 770
 684
 727
 701
 737
 779
 672
 693
 708
 681
 718
 701
 692
 721
 689
 668
 673
 705
 666
 687
 736
 645
 697
 673
 686
 684
 668
 703
 691
 621
 670
 689
 719
 675
 649
 707
 610
 634
 663
 702
 629
 637
 628
 646
 669
 633
 661
 628
 641
 656
 614
 684
 646
 657
 636
 627
 636
 632
 631
 613
 648
 608
 576
 629
 639
 598
 642
 616
 602
 602
 614
 595
 562
 612
 578
 612
 592
 610
 588
 569
 607
 635
 591
 611
 605
 621
 589
 566
 605
 589
 598
 556
 557
 573
 563
 576
 626
 550
 616
 576
 575
 581
 536
 607
 634
 556
 560
 560
 568
 536
 549
 530
 612
 566
 556
 533
 559
 580
 561
 555
 548
 546
 535
 552
 547
 552
 500
 574
 560
 573
 554
 560
 564
 528
 541
 551
 535
 558
 556
 535
 514
 522
 556
 555
 551
 510
 571
 544
 487
 566
 515
 522
 527
 543
 531
 515
 580
 528
 493
 537
 488
 534
 510
 490
 513
 492
 497
 528
 569
 498
 488
 488
 470
 498
 497
 524
 508
 511
 566
 492
 501
 492
 495
 498
 493
 493
 467
 542
 504
 485
 508
 493
 500
 478
 479
 478
 489
 496
 465
 496
 500
 473
 493
 443
 445
 501
 494
 444
 466
 457
 470
 484
 474
 491
 507
 468
 507
 469
 527
 481
 453
 451
 422
 426
 472
 436
 468
 480
 518
 429
 486
 447
 468
 405
 431
 454
 439
 454
 453
 460
 436
 456
 438
 471
 460
 490
 453
 445
 475
 447
 440
 425
 434
 462
 451
 446
 455
 405
 430
 482
 396
 425
 421
 450
 441
 497
 416
 414
 434
 433
 439
 425
 431
 419
 429
 396
 428
 416
 379
 410
 411
 420
 432
 433
 356
 389
 419
 433
 426
 428
 385
 424
 393
 406
 434
 391
 438
 403
 376
 426
 379
 405
 409
 389
 416
 434
 422
 399
 430
 389
 399
 406
 422
 353
 388
 373
 417
 404
 358
 381
 406
 378
 382
 395
 382
 367
 387
 405
 374
 422
 377
 408
 377
 419
 404
 392
 389
 399
 380
 373
 397
 396
 394
 386
 383
 385
 395
 411
 378
 422
 391
 364
 369
 387
 382
 405
 371
 378
 402
 395
 380
 412
 382
 370
 367
 398
 398
 377
 385
 411
 419
 374
 385
 370
 378
 353
 386
 344
 385
 373
 405
 394
 377
 362
 359
 358
 381
 382
 383
 386
 377
 366
 366
 398
 364
 359
 373
 366
 409
 406
 407
 391
 373
 375
 355
 381
 366
 350
 366
 349
 397
 369
 374
 363
 380
 386
 330
 390
 396
 367
 361
 361
 365
 377
 378
 340
 365
 379
 399
 356
 384
 346
 384
 380
 338
 376
 378
 360
 343
 380
 364
 360
 353
 349
 371
 356
 346
 396
 380
 351
 383
 367
 329
 339
 358
 288
 347
 353
 328
 373
 357
 365
 333
 341
 346
 318
 327
 339
 345
 308
 346
 369
 363
 313
 333
 319
 341
 342
 314
 343
 281
 305
 310
 314
 308
 319
 336
 324
 323
 299
 322
 321
 315
 321
 316
 306
 315
 318
 331
 328
 326
 327
 318
 323
 318
 271
 318
 318
 321
 329
 290
 296
 311
 300
 281
 297
 305
 289
 322
 290
 305
 291
 303
 310
 297
 282
 327
 289
 286
 287
 290
 285
 316
 294
 273
 279
 281
 268
 284
 261
 294
 295
 264
 294
 272
 323
 298
 275
 284
 270
 271
 301
 324
 274
 289
 297
 327
 228
 263
 261
 290
 309
 251
 281
 252
 279
 278
 279
 266
 313
 292
 245
 263
 286
 276
 261
 277
 270
 268
 257
 269
 294
 262
 254
 272
 253
 264
 257
 284
 233
 270
 243
 242
 284
 265
 259
 267
 270
 275
 267
 267
 264
 244
 244
 273
 274
 246
 267
 271
 251
 270
 244
 235
 216
 246
 256
 264
 267
 253
 229
 251
 239
 263
 252
 267
 258
 263
 263
 248
 232
 257
 256
 240
 256
 255
 241
 249
 262
 226
 282
 240
 230
 247
 255
 241
 264
 270
 244
 234
 271
 251
 225
 245
 222
 261
 218
 219
 220
 233
 259
 225
 230
 223
 240
 278
 206
 229
 243
 245
 248
 214
 236
 234
 220
 261
 217
 215
 246
 239
 234
 259
 238
 239
 241
 253
 237
 216
 223
 220
 241
 205
 211
 242
 214
 236
 226
 235
 245
 227
 220
 231
 203
 234
 223
 213
 217
 224
 206
 241
 209
 211
 209
 201
 209
 185
 214
 238
 243
 194
 241
 206
 207
 186
 217
 252
 192
 199
 227
 217
 238
 197
 221
 214
 185
 245
 242
 206
 205
 220
 227
 229
 224
 201
 214
 217
 252
 210
 235
 219
 216
 212
 193
 214
 224
 213
 184
 229
 194
 185
 183
 209
 205
 186
 213
 176
 199
 196
 198
 223
 218
 213
 203
 204
 184
 223
 233
 211
 215
 220
 220
 233
 196
 225
 213
 230
 213
 204
 233
 199
 214
 178
 194
 209
 189
 208
 226
 233
 199
 193
 200
 185
 246
 192
 181
 194
 194
 224
 200
 199
 211
 172
 176
 194
 194
 177
 188
 178
 187
 207
 175
 192
 179
 173
 200
 183
 201
 208
 192
 199
 194
 215
 186
 191
 167
 179
 180
 188
 209
 194
 186
 186
 190
 174
 168
 177
 165
 183
 186
 160
 174
 172
 156
 176
 171
 191
 191
 205
 181
 174
 183
 165
 157
 160
 163
 185
 186
 163
 187
 178
 165
 175
 189
 182
 188
 184
 183
 175
 172
 177
 175
 175
 183
 180
 159
 178
 193
 187
 200
 175
 198
 172
 177
 178
 185
 195
 154
 169
 169
 170
 175
 184
 155
 179
 180
 165
 152
 166
 174
 166
 173
 171
 179
 177
 173
 164
 167
 176
 177
 166
 183
 137
 158
 185
 157
 157
 181
 173
 137
 187
 164
 176
 201
 142
 169
 173
 167
 187
 174
 187
 185
 136
 167
 171
 183
 181
 159
 175
 163
 158
 170
 170
 167
 145
 186
 151
 182
 162
 162
 177
 157
 172
 156
 168
 174
 157
 181
 167
 146
 183
 150
 149
 153
 156
 162
 167
 162
 128
 147
 157
 140
 164
 181
 146
 163
 155
 142
 163
 173
 159
 141
 153
 176
 156
 155
 160
 138
 126
 166
 174
 147
 164
 149
 159
 135
 158
 146
 154
 154
 138
 144
 162
 149
 154
 152
 152
 150
 141
 144
 135
 154
 151
 132
 143
 154
 143
 163
 144
 157
 159
 152
 148
 158
 140
 155
 160
 159
 149
 140
 141
 158
 138
 149
 139
 133
 126
 166
 148
 135
 155
 145
 151
 155
 139
 150
 142
 130
 131
 124
 131
 119
 125
 132
 137
 111
 132
 133
 141
 129
 108
 137
 136
 107
 136
 135
 119
 136
 122
 122
 136
 141
 132
 136
 132
 133
 108
 137
 131
 145
 139
 124
 134
 117
 127
 135
 134
 126
 122
 118
 136
 125
 115
 103
 131
 102
 100
 104
 99
 108
 91
 89
 92
 102
 87
 96
 83
 79
 89
 100
 82
 96
 89
 79
 103
 84
 91
 88
 80
 86
 95
 78
 91
 69
 103
 76
 92
 89
 95
 82
 76
 85
 70
 82
 95
 85
 82
 91
 89
 95
 75
 84
 86
 79
 93
 90
 75
 83
 68
 89
 64
 84
 78
 72
 91
 83
 84
 69
 98
 100
 75
 62
 71
 85
 85
 69
 80
 76
 79
 77
 70
 62
 87
 69
 74
 81
 68
 89
 71
 78
 62
 77
 75
 68
 88
 95
 75
 74
 80
 77
 86
 78
 79
 80
 83
 80
 67
 77
 86
 74
 62
 87
 72
 66
 65
 70
 83
 69
 79
 77
 69
 71
 63
 76
 79
 68
 91
 93
 77
 75
 64
 85
 75
 77
 72
 83
 67
 62
 89
 83
 86
 85
 70
 67
 72
 65
 73
 68
 70
 84
 66
 55
 72
 71
 61
 61
 60
 69
 67
 72
 66
 85
 67
 68
 66
 82
 63
 63
 70
 59
 59
 60
 80
 87
 65
 60
 59
 71
 75
 75
 75
 73
 71
 65
 79
 72
 56
 84
 69
 66
 70
 78
 77
 71
 61
 64
 70
 78
 58
 58
 77
 90
 58
 67
 59
 66
 66
 52
 73
 64
 65
 67
 56
 61
 72
 62
 71
 57
 70
 58
 52
 57
 63
 49
 69
 66
 61
 55
 76
 57
 67
 58
 60
 54
 51
 55
 68
 60
 63
 62
 71
 57
 60
 64
 68
 61
 50
 49
 59
 56
 66
 67
 63
 49
 65
 69
 60
 50
 61
 49
 51
 62
 66
 67
 66
 55
 52
 60
 55
 50
 73
 56
 69
 63
 47
 49
 57
 53
 69
 51
 44
 67
 54
 61
 64
 55
 55
 49
 58
 59
 39
 61
 52
 50
 61
 48
 53
 50
 46
 60
 58
 51
 61
 69
 67
 46
 53
 49
 53
 48
 60
 53
 54
 45
 60
 50
 56
 48
 44
 51
 46
 53
 51
 48
 57
 49
 65
 52
 49
 46
 51
 45
 64
 43
 44
 59
 48
 48
 49
 59
 45
 45
 34
 36
 45
 50
 44
 59
 57
 49
 45
 43
 51
 48
 44
 43
 45
 57
 54
 48
 57
 53
 55
 59
 50
 46
 52
 55
 53
 49
 47
 40
 45
 53
 50
 51
 42
 48
 51
 65
 39
 50
 60
 41
 46
 49
 44
 52
 42
 50
 55
 51
 44
 41
 49
 59
 50
 55
 43
 67
 53
 43
 41
 37
 42
 42
 47
 39
 53
 41
 38
 40
 54
 47
 50
 42
 48
 42
 44
 41
 41
 49
 41
 54
 41
 40
 51
 46
 47
 51
 43
 58
 35
 45
 39
 52
 45
 52
 45
 34
 37
 49
 40
 39
 46
 38
 53
 42
 38
 39
 40
 33
 36
 33
 42
 41
 38
 36
 32
 36
 39
 35
 31
 26
 47
 43
 38
 39
 34
 45
 38
 53
 36
 32
 38
 41
 39
 55
 46
 40
 29
 35
 41
 48
 38
 30
 41
 36
 45
 37
 48
 45
 41
 40
 32
 35
 33
 52
 42
 35
 40
 29
 36
 34
 49
 36
 33
 39
 41
 37
 32
 41
 38
 43
 29
 41
 33
 50
 37
 32
 47
 36
 39
 32
 32
 26
 42
 31
 41
 22
 31
 41
 31
 28
 26
 34
 33
 38
 43
 39
 33
 40
 45
 33
 29
 36
 34
 36
 35
 41
 33
 32
 35
 38
 31
 36
 32
 36
 43
 37
 34
 31
 31
 35
 34
 35
 26
 33
 35
 36
 45
 34
 27
 39
 30
 33
 35
 47
 29
 23
 29
 34
 37
 38
 32
 29
 48
 32
 45
 34
 42
 37
 24
 41
 38
 44
 34
 30
 28
 36
 36
 27
 31
 35
 31
 31
 37
 31
 32
 30
 34
 24
 28
 30
 24
 33
 33
 38
 29
 32
 31
 33
 31
 34
 38
 32
 31
 39
 37
 26
 32
 30
 22
 17
 23
 29
 30
 27
 27
 38
 24
 37
 28
 27
 28
 27
 28
 24
 34
 27
 22
 24
 31
 34
 29
 27
 32
 37
 27
 31
 31
 26
 31
 25
 27
 29
 23
 27
 20
 24
 34
 30
 30
 28
 32
 30
 31
 31
 35
 18
 28
 21
 28
 26
 21
 16
 31
 36
 27
 26
 33
 29
 30
 23
 38
 31
 32
 29
 21
 28
 36
 23
 26
 24
 31
 30
 30
 29
 24
 27
 33
 24
 38
 24
 31
 33
 23
 27
 19
 20
 22
 24
 19
 16
 28
 26
 26
 27
 31
 27
 25
 27
 20
 31
 22
 24
 23
 22
 23
 27
 35
 24
 24
 32
 20
 24
 26
 20
 31
 21
 22
 26
 23
 35
 19
 22
 23
 19
 26
 28
 21
 26
 21
 24
 30
 20
 18
 24
 24
 29
 22
 25
 27
 22
 23
 19
 27
 27
 26
 20
 17
 16
 22
 28
 19
 26
 21
 21
 23
 28
 19
 18
 17
 14
 12
 26
 20
 23
 23
 25
 25
 21
 28
 23
 21
 14
 28
 25
 28
 22
 17
 24
 25
 16
 32
 22
 28
 27
 23
 19
 20
 17
 26
 28
 20
 26
 19
 22
 21
 21
 20
 24
 22
 13
 28
 20
 21
 19
 19
 19
 24
 16
 19
 20
 27
 27
 27
 28
 15
 26
 28
 15
 20
 25
 28
 12
 22
 16
 15
 16
 19
 13
 12
 19
 26
 16
 17
 20
 23
 20
 21
 18
 11
 22
 11
 21
 26
 18
 18
 22
 20
 23
 22
 21
 16
 23
 14
 22
 21
 13
 22
 17
 16
 28
 16
 16
 18
 23
 18
 12
 20
 23
 23
 18
 18
 28
 13
 17
 17
 17
 23
 20
 17
 24
 12
 17
 19
 22
 19
 14
 19
 14
 10
 11
 17
 17
 15
 20
 16
 14
 14
 15
 21
 16
 17
 18
 15
 14
 11
 14
 12
 18
 22
 13
 19
 23
 10
 26
 15
 15
 19
 18
 18
 17
 11
 24
 25
 11
 18
 21
 17
 15
 17
 18
 12
 13
 23
 13
 28
 15
 14
 15
 14
 13
 17
 9
 14
 18
 11
 18
 14
 15
 13
 21
 13
 15
 18
 13
 15
 12
 12
 15
 16
 13
 16
 12
 16
 14
 12
 15
 11
 10
 12
 19
 12
 15
 20
 10
 22
 14
 19
 11
 20
 17
 15
 11
 25
 15
 15
 15
 10
 13
 11
 18
 14
 19
 14
 17
 19
 10
 12
 20
 20
 13
 11
 20
 19
 15
 13
 6
 21
 17
 7
 10
 9
 14
 8
 12
 9
 18
 10
 11
 21
 23
 10
 10
 11
 20
 11
 10
 12
 10
 5
 8
 17
 13
 15
 9
 17
 21
 15
 8
 11
 6
 16
 13
 15
 12
 18
 10
 17
 7
 16
 18
 13
 11
 15
 14
 11
 14
 15
 12
 12
 12
 8
 13
 13
 17
 10
 9
 10
 6
 15
 18
 15
 13
 10
 12
 13
 14
 9
 9
 14
 12
 10
 15
 12
 15
 12
 7
 15
 9
 14
 13
 9
 10
 10
 16
 9
 13
 8
 21
 6
 12
 13
 11
 20
 14
 8
 8
 6
 12
 12
 13
 12
 13
 13
 8
 8
 11
 12
 11
 12
 14
 11
 12
 15
 12
 13
 12
 8
 5
 12
 14
 9
 9
 11
 12
 12
 10
 13
 6
 13
 13
 11
 7
 13
 12
 8
 11
 17
 10
 12
 12
 12
 8
 10
 9
 9
 11
 3
 12
 12
 9
 15
 11
 13
 7
 10
 6
 9
 13
 9
 6
 9
 11
 16
 14
 9
 7
 9
 8
 8
 8
 9
 13
 8
 8
 6
 9
 5
 14
 11
 11
 7
 12
 14
 9
 13
 9
 15
 3
 12
 8
 10
 14
 6
 8
 6
 11
 15
 7
 10
 11
 11
 15
 11
 13
 8
 7
 10
 7
 14
 7
 9
 9
 13
 4
 7
 6
 12
 7
 10
 9
 9
 6
 9
 7
 6
 10
 7
 8
 11
 13
 7
 4
 9
 6
 11
 7
 5
 13
 5
 10
 10
 8
 8
 13
 10
 9
 8
 7
 11
 12
 6
 6
 10
 7
 12
 8
 9
 16
 7
 8
 6
 9
 11
 9
 9
 8
 8
 6
 11
 9
 5
 11
 7
 13
 8
 5
 5
 12
 15
 10
 5
 7
 8
 9
 4
 9
 13
 10
 9
 10
 4
 2
 6
 4
 5
 6
 9
 9
 7
 6
 6
 8
 4
 6
 9
 9
 8
 4
 7
 7
 4
 12
 13
 7
 11
 7
 4
 9
 8
 10
 8
 8
 5
 6
 7
 6
 4
 8
 3
 7
 12
 7
 4
 8
 5
 5
 7
 8
 3
 6
 7
 13
 9
 8
 7
 9
 9
 7
 10
 10
 9
 4
 7
 6
 5
 8
 4
 3
 6
 8
 11
 7
 9
 6
 8
 4
 11
 9
 8
 2
 6
 11
 5
 3
 8
 6
 3
 5
 9
 8
 15
 12
 8
 9
 4
 5
 6
 2
 3
 13
 7
 7
 5
 7
 6
 10
 10
 5
 9
 16
 9
 5
 6
 7
 7
 5
 8
 10
 8
 12
 4
 9
 5
 4
 9
 10
 4
 6
 5
 3
 5
 4
 7
 8
 9
 6
 6
 6
 2
 7
 11
 4
 6
 3
 3
 4
 6
 6
 6
 6
 8
 3
 6
 4
 7
 6
 6
 1
 8
 2
 4
 3
 10
 10
 5
 5
 5
 9
 2
 9
 7
 4
 2
 6
 5
 4
 3
 3
 4
 5
 9
 5
 7
 5
 6
 8
 2
 8
 10
 3
 10
 2
 6
 7
 6
 5
 2
 5
 7
 4
 8
 1
 2
 3
 5
 7
 8
 5
 9
 5
 3
 10
 8
 6
 6
 7
 6
 7
 5
 8
 2
 10
 5
 8
 11
 8
 6
 5
 4
 6
 5
 5
 6
 3
 5
 8
 2
 6
 5
 6
 4
 6
 5
 6
 4
 4
 3
 6
 7
 9
 4
 2
 4
 6
 5
 8
 6
 6
 6
 10
 7
 4
 1
 4
 2
 6
 8
 4
 5
 5
 1
 5
 3
 2
 7
 5
 1
 3
 6
 4
 6
 3
 8
 2
 5
 3
 5
 3
 6
 5
 6
 3
 5
 5
 9
 7
 6
 9
 4
 4
 5
 2
 5
 3
 5
 3
 4
 8
 5
 2
 4
 4
 5
 2
 1
 9
 7
 5
 4
 4
 2
 6
 6
 2
 10
 8
 5
 1
 3
 5
 5
 6
 3
 4
 4
 2
 2
 7
 6
 3
 4
 5
 4
 4
 2
 13
 5
 6
 3
 4
 6
 4
 5
 10
 2
 1
 4
 6
 4
 6
 5
 3
 4
 3
 3
 4
 7
 5
 3
 6
 8
 0
 3
 4
 4
 3
 8
 3
 0
 4
 3
 4
 6
 8
 5
 3
 4
 5
 2
 2
 3
 4
 4
 1
 2
 2
 3
 3
 5
 5
 3
 7
 8
 3
 0
 4
 5
 3
 5
 6
 2
 4
 4
 3
 5
 5
 1
 2
 2
 6
 3
 5
 4
 5
 6
 5
 6
 2
 4
 6
 7
 4
 4
 2
 3
 3
 3
 4
 2
 1
 2
 3
 5
 5
 4
 4
 3
 2
 1
 4
 6
 1
 4
 3
 4
 6
 5
 5
 7
 3
 3
 1
 5
 3
 5
 3
 2
 3
 2
 4
 4
