VERSION:    3.1
ELEMENTS:              1
DATE:       MAR 11, 2010 05:01:30.077
CHANNELS:           4000
ROIS:        0
REAL_TIME:   1816.5699463
LIVE_TIME:   1800.2900391
CAL_OFFSET:  8.8112198e-002
CAL_SLOPE:   3.1493530e-002
CAL_QUAD:    0.0000000e+000
TWO_THETA:   9.9946346
DATA: 
 0
 0
 0
 0
 0
 0
 0
 0
 0
 0
 0
 0
 0
 0
 0
 0
 0
 0
 0
 0
 0
 0
 0
 0
 0
 0
 0
 0
 0
 0
 0
 0
 0
 0
 0
 0
 0
 0
 0
 0
 0
 0
 0
 0
 0
 0
 0
 0
 0
 0
 0
 0
 0
 0
 0
 0
 0
 0
 0
 0
 0
 0
 0
 0
 0
 0
 0
 0
 0
 0
 2
 10
 33
 25
 12
 15
 20
 12
 26
 12
 16
 14
 11
 16
 14
 23
 20
 16
 25
 23
 21
 20
 22
 18
 11
 26
 19
 8
 11
 19
 19
 20
 12
 22
 21
 15
 20
 12
 21
 18
 12
 16
 19
 20
 21
 18
 18
 18
 20
 12
 23
 21
 19
 15
 27
 28
 20
 20
 26
 25
 23
 14
 14
 21
 18
 20
 28
 21
 26
 27
 11
 26
 16
 21
 30
 24
 23
 23
 31
 24
 32
 23
 20
 27
 25
 28
 37
 23
 31
 36
 30
 23
 23
 30
 26
 22
 19
 30
 30
 26
 31
 33
 28
 31
 31
 36
 36
 35
 37
 41
 46
 37
 43
 42
 37
 53
 32
 45
 50
 40
 41
 37
 40
 30
 29
 42
 39
 46
 56
 32
 42
 58
 37
 57
 58
 54
 44
 55
 46
 49
 42
 56
 45
 59
 42
 39
 37
 52
 51
 56
 48
 50
 42
 45
 64
 58
 55
 47
 34
 66
 63
 42
 58
 55
 74
 68
 78
 61
 60
 77
 66
 74
 62
 64
 72
 59
 71
 55
 63
 53
 56
 44
 73
 69
 61
 59
 60
 73
 54
 76
 52
 67
 60
 52
 80
 69
 65
 76
 77
 85
 79
 80
 66
 84
 63
 61
 70
 62
 62
 64
 74
 64
 65
 64
 53
 63
 73
 64
 61
 71
 70
 77
 95
 72
 73
 85
 81
 81
 87
 63
 87
 78
 73
 90
 90
 80
 96
 68
 91
 105
 74
 68
 75
 76
 90
 95
 80
 83
 71
 88
 70
 62
 93
 66
 69
 81
 75
 78
 78
 84
 70
 57
 79
 74
 77
 75
 70
 72
 78
 85
 78
 77
 87
 73
 78
 77
 68
 67
 65
 81
 72
 80
 67
 66
 73
 66
 63
 59
 80
 78
 67
 65
 62
 76
 78
 64
 64
 76
 67
 61
 54
 68
 54
 68
 71
 60
 62
 68
 70
 47
 59
 74
 64
 68
 65
 77
 70
 76
 64
 68
 73
 66
 78
 66
 77
 75
 65
 69
 65
 74
 74
 64
 73
 75
 67
 78
 52
 55
 77
 65
 79
 61
 66
 56
 58
 74
 61
 67
 69
 77
 80
 81
 66
 66
 74
 91
 73
 85
 81
 93
 80
 82
 91
 114
 82
 72
 69
 108
 81
 90
 71
 78
 99
 99
 96
 76
 88
 88
 96
 102
 109
 111
 98
 110
 111
 85
 91
 106
 91
 101
 89
 84
 107
 78
 122
 109
 94
 89
 133
 112
 120
 120
 120
 116
 135
 140
 128
 119
 125
 127
 121
 155
 137
 148
 161
 140
 157
 164
 161
 163
 159
 200
 198
 257
 223
 252
 256
 277
 260
 257
 262
 212
 224
 230
 236
 214
 214
 226
 199
 204
 199
 203
 236
 239
 243
 227
 232
 213
 229
 264
 221
 252
 265
 239
 259
 262
 279
 256
 264
 265
 283
 277
 311
 304
 307
 309
 311
 303
 319
 340
 353
 352
 346
 354
 395
 384
 459
 484
 502
 544
 532
 511
 539
 546
 550
 503
 483
 442
 498
 451
 422
 427
 414
 392
 426
 458
 433
 448
 428
 415
 441
 415
 458
 463
 474
 436
 459
 502
 476
 475
 483
 483
 482
 485
 522
 514
 525
 502
 510
 532
 524
 532
 584
 571
 553
 553
 581
 565
 572
 629
 567
 636
 578
 629
 601
 633
 661
 616
 667
 627
 630
 682
 688
 720
 752
 732
 734
 697
 727
 752
 748
 757
 740
 721
 764
 728
 732
 680
 751
 776
 754
 773
 701
 730
 761
 721
 740
 732
 766
 743
 733
 760
 756
 742
 740
 744
 712
 689
 734
 749
 745
 736
 723
 697
 727
 739
 740
 675
 692
 690
 712
 679
 669
 710
 677
 716
 616
 670
 640
 661
 682
 686
 635
 663
 658
 634
 659
 661
 671
 666
 638
 645
 681
 659
 600
 683
 626
 669
 661
 646
 680
 632
 667
 654
 643
 630
 615
 643
 665
 668
 650
 651
 602
 653
 727
 639
 666
 599
 617
 686
 687
 644
 647
 641
 729
 701
 665
 669
 664
 717
 716
 698
 688
 705
 664
 698
 691
 736
 724
 726
 726
 654
 706
 747
 733
 734
 774
 731
 737
 731
 763
 725
 736
 747
 759
 714
 713
 775
 741
 728
 767
 764
 798
 767
 775
 799
 758
 706
 771
 776
 799
 748
 806
 737
 802
 784
 818
 773
 817
 755
 838
 787
 753
 880
 829
 751
 821
 859
 828
 839
 834
 772
 775
 810
 808
 800
 837
 802
 887
 794
 819
 831
 867
 849
 875
 837
 839
 863
 831
 850
 807
 806
 807
 818
 796
 770
 845
 841
 884
 833
 819
 802
 821
 794
 829
 885
 793
 822
 833
 786
 851
 849
 816
 852
 838
 833
 822
 841
 836
 807
 817
 781
 825
 873
 785
 813
 821
 850
 832
 766
 823
 778
 776
 799
 829
 724
 790
 779
 803
 751
 797
 788
 764
 754
 771
 745
 762
 789
 777
 810
 782
 719
 748
 734
 722
 737
 787
 768
 819
 777
 720
 788
 777
 799
 783
 749
 781
 750
 730
 815
 811
 774
 771
 763
 778
 743
 781
 759
 803
 763
 780
 778
 792
 730
 733
 750
 804
 737
 745
 768
 794
 794
 785
 769
 801
 770
 821
 794
 790
 779
 761
 752
 784
 806
 791
 797
 749
 806
 819
 743
 792
 863
 802
 822
 777
 861
 827
 837
 794
 847
 782
 854
 860
 812
 800
 829
 862
 852
 865
 813
 853
 814
 808
 865
 817
 832
 872
 860
 874
 815
 879
 892
 830
 857
 825
 892
 845
 837
 851
 767
 832
 827
 859
 858
 925
 890
 835
 876
 851
 855
 837
 890
 818
 886
 856
 891
 969
 842
 851
 890
 841
 890
 857
 831
 851
 884
 843
 831
 916
 844
 811
 814
 866
 872
 865
 834
 895
 887
 942
 853
 894
 840
 871
 854
 878
 859
 884
 897
 882
 830
 884
 843
 844
 828
 824
 869
 795
 861
 867
 915
 807
 826
 787
 843
 871
 809
 849
 810
 811
 786
 805
 796
 746
 848
 831
 820
 768
 806
 819
 788
 787
 793
 775
 793
 788
 816
 806
 815
 802
 822
 782
 831
 822
 834
 813
 830
 751
 834
 745
 760
 771
 778
 807
 824
 819
 783
 752
 760
 810
 768
 780
 797
 817
 785
 652
 736
 775
 732
 762
 764
 720
 748
 770
 802
 753
 767
 747
 714
 728
 743
 753
 706
 738
 723
 740
 700
 697
 689
 739
 697
 711
 694
 745
 707
 725
 703
 737
 714
 647
 648
 727
 698
 719
 731
 709
 711
 715
 698
 711
 663
 654
 684
 649
 692
 705
 678
 680
 681
 689
 656
 666
 649
 698
 665
 731
 640
 694
 643
 628
 629
 714
 728
 667
 649
 644
 675
 660
 649
 616
 643
 623
 613
 660
 646
 636
 633
 606
 638
 605
 660
 613
 589
 628
 601
 625
 612
 638
 620
 632
 596
 661
 592
 586
 594
 588
 628
 581
 552
 576
 588
 602
 648
 608
 602
 566
 609
 620
 590
 626
 605
 545
 587
 563
 623
 597
 557
 571
 604
 535
 546
 575
 576
 579
 575
 593
 601
 536
 569
 557
 572
 574
 561
 536
 574
 562
 575
 597
 565
 542
 536
 544
 580
 567
 564
 549
 559
 550
 523
 511
 508
 588
 557
 563
 529
 522
 547
 512
 506
 525
 565
 575
 518
 524
 525
 528
 540
 528
 497
 527
 485
 497
 519
 571
 526
 518
 512
 553
 493
 517
 493
 487
 497
 546
 514
 477
 528
 462
 548
 517
 482
 526
 517
 495
 523
 495
 563
 493
 480
 471
 555
 499
 484
 528
 510
 481
 504
 545
 451
 519
 479
 491
 507
 481
 470
 507
 506
 512
 519
 464
 476
 469
 488
 477
 477
 484
 471
 496
 488
 444
 474
 456
 478
 453
 450
 449
 508
 461
 486
 466
 427
 463
 484
 527
 490
 441
 460
 440
 489
 469
 452
 422
 432
 427
 433
 456
 481
 471
 447
 455
 448
 436
 482
 438
 475
 428
 442
 427
 414
 434
 458
 477
 439
 433
 436
 406
 448
 455
 479
 442
 439
 434
 449
 445
 436
 381
 424
 448
 456
 426
 423
 425
 412
 406
 468
 416
 431
 416
 430
 422
 419
 465
 403
 412
 397
 422
 409
 411
 398
 420
 370
 411
 437
 443
 375
 392
 404
 420
 468
 384
 381
 422
 424
 387
 427
 405
 379
 368
 387
 414
 372
 377
 415
 419
 395
 444
 404
 399
 352
 404
 354
 427
 401
 408
 391
 417
 383
 388
 376
 376
 390
 388
 391
 402
 368
 424
 376
 424
 391
 444
 395
 403
 404
 343
 401
 418
 414
 391
 415
 411
 379
 364
 388
 419
 378
 388
 425
 388
 401
 406
 414
 388
 396
 408
 398
 370
 383
 401
 367
 392
 377
 408
 403
 369
 416
 378
 436
 399
 365
 388
 375
 355
 399
 407
 390
 414
 408
 393
 351
 406
 376
 348
 408
 389
 366
 348
 405
 365
 363
 368
 366
 372
 391
 380
 380
 391
 404
 341
 413
 368
 380
 356
 401
 403
 375
 376
 368
 377
 375
 338
 359
 350
 399
 395
 361
 402
 395
 406
 370
 351
 373
 357
 387
 356
 361
 371
 333
 347
 350
 353
 372
 368
 376
 359
 316
 377
 348
 353
 377
 345
 354
 355
 364
 351
 364
 367
 347
 355
 360
 319
 327
 366
 356
 331
 328
 341
 320
 330
 322
 315
 349
 319
 346
 324
 370
 337
 310
 310
 346
 310
 323
 327
 284
 347
 338
 360
 342
 299
 326
 324
 323
 317
 350
 299
 330
 351
 301
 326
 325
 298
 301
 302
 286
 289
 309
 337
 304
 304
 299
 345
 317
 302
 299
 331
 287
 336
 304
 321
 280
 279
 328
 294
 297
 284
 284
 305
 299
 274
 329
 294
 285
 297
 299
 284
 261
 291
 282
 321
 288
 287
 310
 294
 272
 267
 273
 275
 303
 284
 263
 268
 279
 290
 252
 271
 259
 295
 279
 278
 253
 264
 257
 284
 289
 276
 265
 295
 275
 269
 282
 268
 272
 236
 272
 274
 262
 259
 266
 284
 270
 270
 264
 270
 299
 263
 281
 304
 261
 247
 278
 252
 259
 267
 242
 259
 265
 272
 266
 242
 292
 239
 282
 266
 297
 270
 253
 240
 273
 253
 263
 260
 245
 282
 280
 280
 243
 246
 266
 290
 234
 210
 216
 249
 230
 260
 263
 246
 231
 258
 269
 293
 219
 240
 233
 267
 255
 225
 206
 237
 219
 244
 270
 245
 235
 252
 233
 244
 222
 241
 264
 239
 239
 251
 251
 241
 236
 239
 228
 227
 239
 260
 252
 201
 232
 250
 250
 228
 235
 232
 244
 227
 258
 211
 207
 232
 244
 241
 221
 236
 231
 221
 253
 231
 254
 222
 227
 198
 196
 214
 215
 228
 214
 263
 234
 216
 200
 198
 226
 200
 210
 237
 226
 199
 230
 218
 211
 232
 212
 216
 220
 240
 214
 240
 240
 229
 215
 218
 208
 248
 197
 209
 230
 211
 196
 228
 232
 203
 223
 236
 233
 242
 213
 235
 202
 229
 239
 231
 212
 230
 255
 252
 224
 208
 192
 218
 227
 242
 208
 194
 224
 216
 184
 214
 228
 218
 207
 176
 238
 190
 200
 195
 208
 172
 201
 207
 235
 225
 240
 200
 193
 213
 211
 219
 202
 189
 210
 214
 229
 233
 233
 229
 195
 229
 214
 220
 210
 189
 214
 206
 210
 211
 191
 192
 188
 185
 203
 199
 202
 208
 202
 230
 208
 214
 203
 198
 209
 196
 182
 220
 191
 174
 199
 184
 200
 164
 189
 183
 206
 185
 171
 186
 189
 197
 201
 196
 182
 173
 170
 191
 187
 195
 206
 197
 183
 168
 193
 211
 188
 178
 171
 205
 183
 178
 183
 187
 207
 194
 210
 181
 167
 178
 182
 184
 186
 173
 193
 191
 178
 189
 191
 162
 160
 148
 162
 203
 189
 167
 197
 189
 172
 219
 186
 166
 161
 167
 208
 173
 174
 159
 147
 194
 177
 186
 174
 178
 199
 192
 198
 165
 166
 187
 184
 184
 184
 153
 187
 173
 179
 185
 171
 175
 166
 194
 164
 179
 161
 189
 183
 196
 160
 176
 155
 176
 174
 176
 168
 151
 168
 181
 148
 175
 176
 152
 148
 171
 182
 169
 180
 172
 187
 168
 149
 143
 159
 139
 158
 162
 164
 136
 173
 186
 165
 150
 161
 171
 157
 180
 164
 184
 163
 167
 157
 138
 145
 146
 165
 151
 184
 154
 162
 175
 163
 151
 172
 182
 156
 160
 147
 173
 174
 173
 146
 166
 170
 133
 158
 162
 133
 146
 158
 151
 166
 155
 146
 169
 151
 153
 165
 127
 146
 127
 155
 175
 179
 159
 175
 155
 137
 152
 173
 167
 160
 165
 153
 124
 161
 154
 121
 166
 163
 150
 156
 148
 117
 130
 146
 167
 150
 149
 165
 146
 167
 163
 155
 134
 168
 156
 153
 165
 169
 155
 147
 145
 161
 137
 141
 154
 151
 140
 149
 140
 152
 132
 132
 151
 154
 123
 156
 151
 145
 137
 128
 115
 130
 155
 141
 136
 123
 140
 135
 152
 139
 127
 142
 135
 125
 125
 137
 146
 119
 124
 143
 142
 140
 129
 136
 122
 139
 121
 114
 127
 137
 146
 130
 118
 132
 120
 125
 149
 130
 124
 130
 137
 115
 118
 113
 126
 142
 139
 109
 107
 114
 118
 115
 104
 94
 91
 99
 90
 106
 87
 94
 101
 84
 90
 94
 92
 100
 89
 81
 87
 96
 84
 91
 90
 104
 76
 68
 92
 84
 105
 76
 77
 83
 82
 91
 81
 87
 87
 92
 86
 80
 77
 104
 68
 110
 78
 72
 86
 77
 69
 88
 101
 97
 84
 70
 89
 82
 92
 73
 78
 62
 94
 91
 101
 71
 80
 62
 67
 75
 84
 75
 89
 82
 86
 93
 82
 69
 80
 88
 75
 74
 74
 72
 76
 77
 83
 62
 92
 73
 85
 83
 78
 78
 80
 73
 64
 68
 78
 54
 53
 64
 72
 77
 94
 84
 80
 73
 67
 78
 68
 71
 72
 87
 80
 72
 72
 73
 77
 77
 87
 86
 69
 77
 77
 68
 96
 71
 66
 70
 66
 84
 63
 73
 80
 79
 80
 71
 81
 78
 75
 67
 70
 78
 65
 73
 73
 77
 77
 46
 67
 80
 74
 68
 62
 77
 56
 78
 68
 77
 64
 81
 77
 70
 79
 79
 74
 61
 66
 64
 68
 79
 51
 61
 67
 76
 65
 66
 75
 81
 70
 64
 74
 70
 62
 61
 63
 74
 58
 70
 51
 65
 63
 63
 76
 70
 58
 58
 49
 65
 58
 68
 75
 53
 59
 64
 72
 62
 52
 70
 51
 69
 68
 60
 52
 68
 46
 73
 67
 56
 61
 63
 70
 61
 62
 68
 55
 62
 69
 71
 68
 61
 57
 71
 65
 57
 52
 54
 64
 55
 60
 55
 59
 55
 46
 70
 56
 60
 66
 70
 70
 68
 56
 69
 65
 51
 57
 57
 64
 47
 59
 56
 51
 73
 52
 60
 59
 52
 58
 58
 60
 58
 38
 62
 51
 66
 55
 56
 63
 65
 44
 39
 67
 68
 64
 55
 62
 62
 57
 56
 55
 60
 48
 57
 44
 56
 66
 63
 64
 62
 61
 62
 60
 66
 55
 47
 49
 53
 60
 56
 40
 58
 47
 54
 53
 49
 49
 43
 55
 48
 54
 54
 49
 66
 53
 61
 56
 57
 50
 51
 53
 64
 39
 47
 56
 52
 58
 56
 69
 45
 57
 44
 32
 39
 51
 46
 49
 44
 70
 45
 55
 52
 45
 52
 56
 38
 58
 50
 44
 57
 61
 55
 54
 49
 56
 41
 60
 52
 43
 56
 49
 42
 56
 56
 50
 50
 57
 54
 47
 41
 52
 51
 49
 43
 43
 37
 49
 39
 43
 43
 54
 42
 49
 42
 59
 48
 57
 39
 50
 44
 62
 40
 64
 34
 48
 44
 47
 46
 45
 51
 46
 43
 39
 51
 42
 36
 45
 53
 45
 65
 51
 42
 45
 44
 45
 38
 33
 30
 39
 44
 45
 56
 42
 36
 29
 46
 44
 52
 30
 42
 43
 45
 46
 51
 39
 38
 41
 35
 62
 37
 40
 47
 47
 36
 49
 57
 42
 41
 47
 37
 36
 40
 63
 35
 37
 34
 36
 53
 45
 44
 37
 44
 37
 50
 56
 37
 27
 51
 41
 44
 46
 39
 57
 48
 30
 40
 34
 37
 41
 41
 41
 28
 51
 37
 44
 40
 43
 38
 33
 35
 35
 41
 50
 45
 30
 39
 36
 36
 34
 40
 46
 37
 51
 43
 40
 44
 34
 35
 44
 42
 41
 27
 38
 38
 39
 33
 36
 42
 32
 35
 30
 30
 38
 34
 43
 30
 48
 36
 43
 27
 31
 36
 40
 34
 34
 39
 42
 37
 41
 33
 35
 36
 42
 47
 39
 46
 33
 34
 31
 31
 29
 41
 38
 30
 34
 30
 33
 33
 43
 26
 37
 35
 34
 25
 31
 40
 30
 40
 48
 46
 24
 37
 30
 32
 31
 42
 27
 23
 30
 33
 36
 40
 23
 38
 36
 27
 32
 37
 34
 36
 33
 44
 23
 38
 34
 23
 28
 28
 27
 29
 26
 30
 31
 27
 28
 32
 25
 35
 27
 22
 31
 36
 26
 38
 18
 31
 25
 31
 27
 32
 27
 29
 36
 28
 34
 26
 38
 26
 31
 40
 26
 31
 25
 27
 36
 23
 36
 23
 31
 22
 31
 29
 27
 26
 26
 32
 28
 34
 31
 33
 19
 19
 35
 29
 21
 24
 28
 32
 27
 26
 32
 29
 31
 25
 21
 32
 30
 28
 23
 28
 27
 26
 18
 32
 26
 39
 24
 21
 23
 31
 34
 32
 12
 21
 29
 30
 24
 24
 33
 29
 29
 27
 29
 26
 26
 23
 21
 29
 28
 32
 28
 32
 18
 24
 26
 26
 28
 20
 24
 16
 20
 33
 29
 28
 20
 30
 25
 25
 32
 28
 23
 21
 25
 31
 21
 22
 23
 26
 23
 34
 35
 19
 19
 25
 26
 33
 28
 20
 19
 24
 24
 22
 36
 24
 21
 23
 28
 15
 21
 20
 22
 28
 25
 27
 22
 25
 18
 29
 23
 31
 24
 17
 25
 19
 18
 23
 21
 24
 25
 26
 35
 31
 24
 18
 17
 17
 32
 27
 21
 30
 18
 16
 37
 24
 29
 25
 18
 16
 24
 27
 15
 22
 24
 29
 27
 14
 30
 16
 21
 23
 25
 24
 27
 25
 19
 25
 29
 18
 33
 16
 13
 21
 27
 19
 20
 26
 36
 27
 25
 17
 13
 19
 22
 19
 24
 20
 22
 22
 21
 14
 22
 28
 15
 22
 26
 19
 26
 20
 17
 25
 15
 21
 18
 14
 23
 20
 23
 23
 17
 19
 16
 20
 29
 25
 11
 23
 18
 21
 16
 18
 18
 20
 14
 19
 11
 22
 17
 23
 21
 17
 22
 19
 13
 24
 16
 12
 24
 21
 17
 19
 22
 19
 14
 14
 19
 21
 16
 20
 21
 12
 19
 19
 18
 25
 24
 18
 17
 18
 25
 20
 28
 26
 10
 18
 11
 19
 7
 21
 19
 16
 13
 14
 18
 17
 16
 15
 23
 18
 14
 8
 14
 12
 22
 17
 15
 20
 19
 16
 23
 17
 15
 9
 23
 20
 17
 15
 16
 12
 17
 15
 16
 11
 13
 26
 12
 19
 19
 20
 19
 18
 14
 24
 10
 12
 15
 20
 9
 9
 15
 15
 10
 15
 10
 12
 11
 12
 16
 14
 17
 14
 22
 17
 14
 20
 6
 14
 12
 13
 19
 14
 15
 9
 14
 14
 12
 21
 12
 14
 14
 11
 9
 12
 9
 11
 19
 15
 10
 18
 15
 7
 18
 23
 12
 23
 14
 16
 14
 18
 16
 18
 9
 18
 8
 16
 10
 10
 17
 17
 13
 16
 11
 9
 16
 15
 12
 13
 22
 14
 13
 16
 16
 12
 11
 13
 18
 12
 14
 16
 12
 9
 14
 13
 18
 11
 11
 9
 18
 18
 14
 19
 20
 14
 14
 17
 13
 14
 15
 21
 11
 8
 5
 14
 8
 5
 15
 10
 11
 15
 15
 17
 14
 16
 12
 14
 12
 9
 14
 14
 11
 14
 20
 13
 12
 15
 6
 11
 11
 14
 13
 13
 11
 12
 10
 9
 16
 17
 13
 21
 13
 9
 12
 13
 15
 14
 10
 13
 17
 6
 13
 11
 14
 12
 5
 11
 13
 12
 9
 13
 9
 12
 10
 15
 12
 11
 13
 13
 12
 15
 17
 10
 12
 13
 8
 13
 14
 13
 5
 16
 10
 10
 11
 12
 11
 13
 15
 6
 11
 10
 13
 12
 14
 10
 10
 10
 7
 15
 9
 11
 7
 8
 5
 14
 4
 11
 9
 19
 8
 11
 10
 7
 13
 10
 8
 19
 15
 9
 10
 11
 12
 9
 10
 14
 9
 5
 16
 9
 8
 10
 13
 13
 4
 6
 10
 17
 11
 11
 12
 13
 12
 11
 11
 13
 10
 12
 11
 13
 9
 6
 8
 6
 6
 5
 8
 13
 7
 11
 6
 9
 13
 6
 8
 10
 11
 9
 8
 8
 16
 9
 10
 13
 15
 10
 13
 6
 6
 10
 12
 8
 10
 12
 10
 11
 11
 9
 5
 9
 9
 10
 7
 7
 7
 7
 16
 6
 5
 15
 13
 11
 7
 4
 8
 15
 5
 9
 15
 14
 7
 6
 6
 9
 15
 9
 14
 9
 10
 8
 5
 7
 7
 6
 8
 5
 8
 9
 7
 12
 7
 7
 5
 8
 10
 11
 14
 10
 7
 6
 7
 4
 8
 16
 10
 12
 6
 4
 7
 11
 7
 6
 6
 6
 10
 9
 12
 10
 5
 4
 5
 7
 14
 10
 10
 5
 10
 8
 6
 10
 8
 5
 8
 10
 10
 11
 7
 4
 9
 7
 9
 4
 8
 10
 10
 6
 6
 7
 8
 10
 9
 4
 6
 9
 7
 7
 7
 4
 10
 7
 13
 2
 9
 13
 4
 7
 5
 6
 9
 12
 8
 7
 7
 7
 8
 8
 13
 5
 8
 5
 7
 3
 2
 4
 4
 9
 7
 5
 10
 6
 1
 10
 5
 4
 5
 13
 5
 8
 6
 11
 11
 5
 5
 7
 4
 7
 6
 4
 7
 8
 3
 9
 6
 9
 4
 4
 5
 5
 10
 4
 7
 8
 4
 8
 7
 6
 8
 10
 0
 2
 6
 8
 7
 6
 8
 6
 1
 4
 5
 5
 10
 6
 9
 6
 10
 8
 8
 6
 7
 7
 10
 10
 5
 13
 5
 5
 6
 5
 6
 7
 12
 3
 6
 8
 6
 2
 6
 3
 3
 5
 8
 8
 6
 7
 7
 4
 8
 6
 4
 3
 9
 7
 5
 8
 9
 7
 5
 5
 4
 4
 7
 8
 6
 4
 11
 9
 8
 5
 8
 5
 4
 7
 2
 9
 7
 5
 7
 6
 1
 7
 4
 7
 5
 3
 7
 10
 5
 7
 5
 6
 3
 10
 3
 4
 4
 7
 5
 2
 3
 7
 3
 11
 8
 6
 6
 5
 3
 2
 5
 5
 4
 7
 5
 3
 5
 4
 7
 10
 2
 8
 4
 4
 6
 6
 3
 4
 8
 4
 3
 3
 4
 8
 5
 3
 5
 4
 4
 9
 4
 3
 1
 2
 7
 6
 7
 9
 6
 2
 1
 3
 5
 3
 3
 3
 5
 5
 5
 7
 5
 5
 10
 4
 7
 3
 4
 6
 8
 8
 5
 6
 4
 6
 7
 3
 5
 6
 6
 9
 5
 5
 4
 4
 5
 4
 1
 2
 2
 6
 2
 5
 10
 5
 7
 4
 4
 7
 6
 2
 3
 2
 10
 3
 8
 6
 2
 7
 5
 5
 9
 6
 6
 3
 3
 9
 3
 9
 5
 6
 7
 1
 4
 3
 7
 3
 4
 6
 5
 8
 7
 2
 6
 4
 3
 5
 3
 4
 5
 4
 5
 4
 7
 8
 3
 5
 5
 2
 5
 3
 3
 0
 4
 3
 3
 9
 5
 3
 4
 4
 3
 1
 3
 5
 3
 3
 3
 5
 4
 3
 5
 3
 0
 3
 2
 2
 2
 3
 3
 5
 4
 1
 3
 5
 1
 3
 4
 1
 2
 4
 3
 2
 5
 2
 5
 4
 4
 7
 2
 4
 3
 7
 2
 2
 4
 7
 5
 5
 3
 1
 4
 4
 4
 5
 5
 7
 3
 4
 0
 4
 3
 8
 4
 5
 6
 2
 5
 6
 5
 4
 1
 3
 3
 4
 8
 6
 2
 4
 3
 5
 4
 3
 3
 5
 1
 4
 7
 1
 2
 1
 3
 5
 5
 3
 4
 7
 5
 6
 7
 7
 3
 3
 6
 2
 1
 1
 4
 2
