VERSION:    3.1
ELEMENTS:              1
DATE:       MAR 10, 2010 23:17:41.156
CHANNELS:           4000
ROIS:        0
REAL_TIME:   1813.5400391
LIVE_TIME:   1800.5699463
CAL_OFFSET:  8.8112198e-002
CAL_SLOPE:   3.1493530e-002
CAL_QUAD:    0.0000000e+000
TWO_THETA:   9.9946346
DATA: 
 0
 0
 0
 0
 0
 0
 0
 0
 0
 0
 0
 0
 0
 0
 0
 0
 0
 0
 0
 0
 0
 0
 0
 0
 0
 0
 0
 0
 0
 0
 0
 0
 0
 0
 0
 0
 0
 0
 0
 0
 0
 0
 0
 0
 0
 0
 0
 0
 0
 0
 0
 0
 0
 0
 0
 0
 0
 0
 0
 0
 0
 0
 0
 0
 0
 0
 0
 0
 0
 0
 0
 7
 13
 11
 12
 10
 10
 12
 9
 14
 19
 16
 7
 18
 7
 15
 10
 9
 11
 12
 15
 16
 13
 10
 12
 9
 7
 14
 9
 12
 11
 10
 12
 7
 11
 21
 15
 16
 9
 18
 12
 16
 20
 20
 11
 12
 19
 11
 13
 21
 12
 14
 19
 10
 9
 23
 18
 18
 17
 16
 16
 15
 15
 19
 10
 9
 14
 7
 18
 19
 12
 19
 27
 21
 17
 21
 20
 16
 25
 18
 23
 22
 19
 29
 17
 18
 14
 23
 30
 20
 35
 25
 24
 24
 26
 29
 19
 20
 24
 20
 21
 22
 25
 28
 33
 12
 23
 32
 26
 32
 28
 37
 38
 21
 41
 35
 37
 32
 23
 35
 30
 38
 28
 26
 38
 31
 28
 27
 31
 29
 28
 39
 29
 31
 41
 26
 29
 48
 42
 37
 33
 18
 37
 25
 31
 37
 40
 37
 27
 41
 30
 30
 35
 45
 40
 34
 37
 36
 36
 31
 40
 40
 46
 53
 48
 50
 62
 66
 40
 58
 52
 45
 53
 47
 48
 39
 43
 51
 62
 42
 36
 39
 43
 43
 41
 41
 38
 40
 33
 40
 34
 35
 46
 42
 34
 46
 38
 38
 39
 39
 30
 46
 47
 40
 38
 44
 40
 42
 33
 51
 32
 42
 36
 28
 41
 47
 46
 47
 36
 37
 38
 42
 46
 53
 35
 41
 42
 36
 38
 46
 43
 52
 58
 53
 44
 35
 35
 49
 51
 40
 40
 54
 38
 37
 57
 52
 45
 37
 38
 51
 47
 36
 50
 32
 47
 47
 42
 42
 44
 38
 45
 44
 39
 41
 50
 46
 67
 49
 55
 45
 55
 46
 37
 48
 39
 35
 54
 38
 46
 56
 50
 46
 47
 55
 34
 54
 37
 56
 56
 45
 45
 52
 44
 42
 48
 50
 43
 43
 39
 41
 54
 50
 63
 27
 56
 43
 49
 39
 53
 48
 56
 48
 51
 44
 63
 56
 57
 42
 34
 39
 55
 40
 57
 52
 49
 55
 57
 51
 37
 44
 47
 52
 55
 46
 44
 48
 51
 51
 53
 56
 56
 51
 55
 48
 44
 63
 46
 53
 52
 53
 41
 57
 41
 58
 47
 53
 51
 55
 52
 51
 49
 64
 50
 63
 71
 74
 68
 65
 65
 44
 68
 66
 80
 70
 69
 68
 58
 62
 79
 56
 74
 56
 82
 72
 61
 67
 71
 75
 68
 70
 90
 95
 87
 93
 73
 88
 85
 95
 91
 89
 93
 101
 95
 105
 90
 123
 116
 112
 114
 99
 103
 102
 110
 109
 136
 119
 126
 127
 128
 150
 144
 140
 161
 188
 193
 182
 210
 248
 234
 215
 213
 189
 194
 176
 161
 159
 168
 153
 149
 141
 167
 148
 166
 160
 195
 186
 198
 209
 189
 200
 176
 210
 210
 217
 224
 206
 232
 236
 217
 231
 226
 222
 239
 249
 235
 254
 235
 215
 241
 262
 278
 287
 268
 307
 315
 360
 330
 378
 406
 436
 466
 414
 393
 432
 422
 412
 361
 346
 373
 327
 305
 286
 270
 278
 285
 280
 296
 258
 263
 274
 253
 262
 249
 273
 281
 289
 278
 282
 257
 285
 291
 264
 261
 272
 270
 290
 282
 280
 259
 269
 288
 274
 309
 280
 282
 310
 279
 289
 267
 282
 286
 293
 293
 304
 296
 325
 309
 300
 346
 309
 299
 307
 344
 338
 323
 345
 340
 392
 356
 388
 390
 348
 342
 356
 374
 354
 356
 376
 402
 358
 348
 386
 351
 360
 354
 366
 365
 375
 348
 376
 381
 361
 388
 390
 402
 401
 352
 375
 378
 376
 419
 391
 407
 366
 426
 397
 406
 414
 393
 369
 407
 466
 428
 414
 372
 406
 443
 412
 405
 443
 456
 416
 462
 450
 452
 455
 439
 452
 457
 477
 443
 424
 428
 494
 450
 447
 451
 456
 517
 436
 502
 457
 445
 470
 472
 468
 444
 435
 479
 492
 496
 462
 463
 467
 481
 479
 470
 497
 470
 492
 493
 486
 447
 514
 505
 495
 497
 475
 461
 489
 494
 476
 486
 500
 486
 512
 442
 516
 478
 449
 469
 475
 462
 469
 505
 478
 498
 484
 492
 511
 447
 528
 498
 497
 463
 466
 518
 509
 482
 447
 492
 541
 500
 485
 511
 445
 537
 488
 470
 511
 513
 505
 499
 463
 547
 536
 509
 475
 490
 513
 537
 499
 485
 515
 562
 493
 525
 514
 515
 529
 551
 566
 535
 518
 521
 547
 551
 514
 543
 535
 542
 559
 559
 575
 552
 564
 617
 544
 556
 604
 596
 529
 571
 538
 529
 578
 598
 550
 605
 592
 580
 603
 571
 597
 657
 607
 597
 624
 629
 604
 615
 638
 629
 618
 593
 587
 654
 585
 595
 632
 639
 616
 627
 653
 652
 612
 636
 601
 668
 621
 649
 641
 658
 632
 621
 619
 610
 644
 691
 641
 653
 629
 645
 619
 628
 726
 613
 649
 632
 702
 605
 660
 640
 586
 624
 631
 663
 678
 652
 630
 624
 652
 637
 601
 631
 610
 603
 654
 633
 640
 688
 662
 648
 613
 655
 644
 622
 609
 624
 623
 657
 621
 645
 651
 643
 642
 650
 651
 622
 616
 596
 610
 609
 646
 612
 608
 673
 650
 660
 603
 607
 619
 643
 586
 620
 594
 607
 616
 603
 596
 585
 612
 635
 613
 609
 635
 606
 599
 636
 595
 652
 621
 601
 629
 607
 601
 594
 634
 635
 581
 605
 601
 618
 619
 598
 667
 661
 566
 555
 581
 581
 580
 538
 618
 562
 609
 587
 587
 610
 602
 576
 553
 585
 613
 581
 549
 590
 568
 546
 600
 571
 546
 556
 527
 598
 602
 551
 553
 612
 543
 518
 558
 547
 556
 587
 542
 572
 579
 551
 583
 547
 514
 525
 521
 600
 513
 514
 579
 546
 537
 532
 487
 509
 533
 552
 546
 504
 545
 563
 553
 525
 492
 524
 493
 502
 533
 510
 531
 530
 552
 572
 524
 508
 496
 503
 499
 497
 472
 508
 525
 512
 490
 529
 515
 532
 488
 492
 519
 499
 508
 528
 492
 508
 515
 495
 520
 440
 471
 469
 499
 455
 540
 459
 492
 516
 518
 446
 498
 484
 475
 474
 484
 454
 478
 493
 509
 509
 449
 489
 467
 473
 460
 448
 461
 508
 463
 479
 486
 468
 452
 503
 447
 456
 441
 463
 456
 460
 477
 437
 451
 437
 494
 447
 440
 463
 468
 448
 457
 480
 483
 471
 461
 462
 463
 467
 477
 464
 420
 446
 425
 481
 400
 469
 417
 514
 416
 522
 440
 435
 464
 429
 481
 462
 455
 450
 413
 436
 443
 397
 455
 440
 455
 415
 412
 404
 450
 452
 442
 461
 421
 435
 390
 390
 450
 458
 415
 403
 454
 431
 450
 413
 427
 431
 429
 440
 424
 439
 424
 393
 422
 424
 409
 392
 425
 416
 423
 409
 427
 400
 382
 422
 394
 384
 414
 435
 394
 394
 383
 395
 394
 406
 395
 370
 439
 373
 378
 398
 403
 397
 350
 401
 397
 424
 429
 396
 391
 395
 370
 384
 377
 395
 409
 365
 380
 403
 413
 428
 398
 396
 345
 403
 354
 394
 388
 381
 392
 393
 392
 384
 359
 398
 409
 412
 398
 405
 387
 413
 415
 395
 370
 367
 362
 418
 378
 391
 376
 365
 383
 387
 409
 396
 393
 360
 383
 387
 391
 356
 406
 368
 357
 366
 393
 373
 363
 414
 387
 364
 376
 345
 391
 349
 387
 415
 386
 379
 405
 418
 372
 430
 379
 388
 345
 378
 395
 376
 373
 403
 368
 372
 392
 366
 378
 358
 360
 369
 337
 383
 386
 391
 382
 388
 355
 385
 386
 367
 402
 392
 398
 391
 363
 344
 368
 356
 444
 374
 397
 377
 408
 351
 346
 356
 423
 337
 363
 363
 361
 379
 414
 365
 390
 328
 361
 342
 349
 346
 357
 332
 366
 369
 341
 335
 368
 323
 368
 314
 379
 331
 315
 353
 343
 362
 354
 357
 342
 362
 331
 313
 351
 312
 349
 329
 336
 306
 333
 351
 328
 337
 299
 343
 318
 357
 332
 302
 333
 339
 334
 311
 341
 340
 338
 319
 344
 311
 321
 323
 349
 331
 378
 323
 292
 328
 316
 336
 314
 337
 280
 299
 308
 340
 305
 312
 311
 326
 298
 335
 290
 301
 295
 271
 299
 328
 306
 306
 330
 281
 269
 296
 298
 316
 295
 296
 305
 285
 282
 293
 257
 299
 286
 315
 285
 300
 299
 326
 311
 296
 266
 286
 300
 271
 267
 306
 279
 304
 282
 295
 321
 282
 289
 256
 295
 252
 233
 279
 274
 297
 240
 272
 255
 288
 270
 299
 278
 260
 263
 263
 301
 278
 301
 294
 306
 275
 253
 268
 257
 285
 229
 268
 291
 271
 275
 296
 232
 285
 282
 278
 275
 255
 244
 297
 245
 282
 259
 279
 266
 263
 232
 297
 248
 260
 289
 266
 280
 278
 250
 292
 266
 244
 262
 259
 286
 243
 256
 253
 267
 250
 244
 271
 222
 236
 241
 236
 271
 218
 255
 241
 271
 255
 243
 247
 256
 268
 241
 265
 234
 265
 223
 276
 238
 283
 254
 238
 301
 216
 253
 249
 268
 255
 248
 255
 240
 248
 217
 266
 219
 248
 233
 248
 226
 248
 229
 267
 231
 231
 246
 242
 244
 246
 226
 252
 248
 219
 244
 245
 218
 213
 232
 215
 235
 219
 233
 239
 223
 218
 229
 243
 243
 249
 247
 223
 244
 219
 234
 256
 218
 245
 234
 233
 225
 218
 230
 223
 233
 229
 227
 223
 244
 222
 213
 219
 246
 262
 240
 215
 206
 209
 221
 229
 214
 230
 240
 240
 233
 219
 198
 231
 216
 212
 262
 203
 206
 224
 228
 223
 215
 235
 222
 213
 225
 220
 238
 199
 225
 201
 203
 229
 194
 209
 231
 208
 215
 238
 232
 212
 224
 221
 214
 225
 212
 237
 198
 213
 236
 203
 178
 194
 209
 209
 208
 196
 197
 203
 205
 217
 186
 211
 201
 193
 206
 206
 218
 189
 199
 199
 229
 233
 196
 225
 218
 186
 190
 196
 212
 200
 193
 192
 193
 199
 180
 208
 185
 214
 203
 212
 211
 193
 173
 179
 189
 208
 205
 198
 212
 213
 228
 200
 201
 210
 187
 191
 187
 192
 201
 203
 191
 193
 190
 196
 184
 197
 200
 198
 199
 196
 217
 193
 197
 173
 193
 177
 165
 211
 210
 181
 201
 186
 194
 211
 187
 174
 192
 166
 184
 176
 203
 176
 205
 177
 194
 193
 206
 213
 183
 171
 192
 185
 181
 197
 183
 184
 192
 172
 210
 187
 191
 184
 190
 172
 184
 203
 190
 188
 190
 177
 183
 200
 163
 166
 213
 170
 181
 174
 173
 177
 196
 190
 195
 183
 181
 155
 169
 153
 190
 178
 173
 196
 169
 162
 172
 162
 174
 173
 173
 174
 170
 169
 145
 173
 174
 183
 172
 160
 143
 186
 144
 164
 162
 159
 161
 163
 159
 165
 162
 160
 165
 137
 144
 176
 161
 153
 159
 206
 175
 170
 155
 163
 160
 160
 170
 145
 193
 169
 134
 148
 184
 173
 165
 143
 162
 139
 181
 168
 147
 166
 169
 165
 167
 149
 174
 169
 174
 143
 146
 159
 154
 142
 144
 152
 145
 144
 167
 156
 145
 154
 159
 153
 157
 156
 160
 167
 167
 159
 157
 176
 182
 177
 154
 156
 179
 167
 154
 148
 180
 163
 143
 164
 157
 136
 153
 140
 150
 147
 144
 145
 170
 148
 130
 132
 140
 135
 123
 158
 139
 159
 145
 180
 133
 159
 139
 148
 156
 121
 155
 147
 145
 132
 132
 154
 145
 126
 140
 141
 136
 142
 122
 156
 142
 158
 156
 157
 123
 158
 138
 145
 128
 128
 133
 149
 139
 146
 117
 143
 124
 149
 125
 123
 141
 145
 131
 148
 117
 135
 131
 135
 135
 124
 124
 124
 139
 140
 136
 143
 138
 130
 111
 137
 146
 142
 143
 114
 141
 138
 128
 139
 139
 124
 145
 128
 125
 132
 137
 125
 112
 113
 118
 142
 119
 117
 138
 126
 132
 125
 130
 119
 132
 126
 102
 127
 140
 106
 140
 115
 123
 112
 124
 137
 122
 121
 132
 109
 99
 119
 117
 110
 119
 120
 134
 113
 121
 115
 136
 121
 126
 105
 113
 107
 125
 128
 135
 141
 101
 110
 127
 125
 131
 120
 121
 132
 141
 136
 125
 132
 123
 136
 126
 127
 118
 127
 114
 111
 114
 126
 127
 114
 112
 113
 109
 104
 145
 142
 134
 113
 105
 113
 122
 130
 130
 108
 117
 136
 121
 132
 113
 117
 105
 104
 132
 101
 109
 128
 123
 122
 95
 127
 104
 118
 130
 119
 105
 129
 127
 118
 121
 141
 141
 113
 103
 113
 122
 89
 110
 121
 119
 114
 113
 112
 123
 121
 132
 112
 105
 134
 121
 128
 121
 132
 111
 118
 124
 114
 112
 122
 109
 119
 114
 130
 117
 105
 98
 121
 109
 97
 116
 103
 93
 94
 97
 97
 119
 97
 120
 122
 101
 93
 98
 107
 98
 96
 96
 104
 125
 105
 106
 117
 100
 104
 111
 109
 115
 87
 90
 89
 91
 108
 106
 90
 90
 103
 97
 99
 100
 99
 96
 107
 102
 100
 92
 106
 94
 99
 102
 97
 82
 95
 94
 91
 91
 86
 75
 98
 73
 89
 79
 85
 88
 80
 81
 73
 80
 57
 73
 76
 66
 79
 68
 74
 58
 65
 61
 60
 59
 55
 57
 53
 55
 54
 69
 58
 66
 59
 77
 72
 57
 66
 56
 62
 72
 71
 76
 63
 70
 76
 66
 59
 84
 57
 73
 64
 57
 72
 66
 67
 57
 59
 76
 62
 58
 57
 67
 70
 60
 62
 59
 65
 46
 59
 79
 54
 57
 64
 67
 62
 51
 64
 56
 62
 62
 81
 65
 46
 60
 59
 56
 55
 77
 63
 60
 61
 72
 75
 66
 63
 59
 51
 62
 53
 48
 59
 64
 69
 63
 50
 64
 60
 60
 64
 66
 65
 54
 52
 53
 64
 39
 51
 55
 49
 55
 50
 75
 62
 37
 47
 50
 50
 66
 54
 58
 70
 40
 58
 64
 78
 61
 49
 48
 59
 49
 50
 59
 54
 40
 56
 62
 52
 47
 59
 62
 70
 59
 50
 52
 50
 57
 55
 50
 51
 47
 47
 54
 47
 60
 56
 64
 40
 45
 45
 55
 51
 65
 37
 46
 62
 57
 59
 57
 55
 44
 54
 55
 51
 61
 53
 52
 44
 47
 51
 49
 58
 50
 40
 43
 49
 58
 48
 45
 49
 44
 40
 36
 45
 70
 54
 62
 36
 44
 51
 41
 49
 49
 40
 54
 49
 40
 39
 42
 52
 40
 53
 33
 41
 47
 45
 45
 57
 52
 65
 41
 55
 45
 35
 61
 45
 46
 53
 40
 49
 49
 41
 46
 40
 35
 44
 38
 47
 46
 47
 50
 40
 46
 48
 53
 42
 42
 39
 50
 41
 52
 50
 45
 50
 37
 43
 52
 57
 53
 49
 44
 41
 41
 40
 43
 39
 40
 52
 52
 48
 48
 38
 37
 51
 32
 42
 37
 44
 42
 37
 37
 42
 43
 41
 44
 47
 38
 46
 38
 32
 54
 44
 42
 47
 45
 45
 40
 43
 42
 42
 34
 38
 34
 54
 36
 44
 52
 38
 35
 42
 40
 43
 44
 30
 41
 43
 52
 42
 49
 45
 43
 46
 50
 38
 43
 34
 42
 43
 39
 51
 35
 26
 40
 37
 39
 49
 36
 44
 38
 40
 40
 33
 36
 40
 44
 35
 41
 33
 38
 42
 39
 37
 35
 50
 33
 46
 36
 35
 40
 42
 37
 39
 40
 31
 23
 32
 40
 32
 49
 43
 39
 56
 33
 33
 31
 43
 36
 39
 38
 34
 28
 39
 38
 39
 44
 39
 38
 35
 27
 27
 34
 25
 31
 35
 38
 29
 24
 33
 38
 36
 44
 36
 31
 35
 35
 30
 26
 36
 33
 38
 34
 37
 32
 33
 28
 40
 21
 41
 34
 35
 35
 36
 30
 30
 33
 32
 35
 41
 32
 27
 38
 22
 32
 37
 27
 35
 32
 30
 40
 32
 25
 35
 27
 45
 29
 24
 30
 35
 25
 35
 33
 33
 32
 41
 40
 28
 23
 36
 30
 29
 28
 35
 27
 31
 30
 26
 25
 29
 23
 30
 21
 45
 30
 38
 31
 42
 32
 31
 28
 38
 32
 27
 37
 25
 31
 23
 32
 38
 33
 31
 33
 29
 32
 23
 30
 31
 29
 29
 32
 37
 21
 40
 23
 33
 20
 24
 26
 27
 24
 24
 27
 36
 19
 32
 22
 26
 21
 21
 26
 29
 27
 21
 31
 31
 27
 20
 30
 24
 33
 33
 25
 30
 26
 30
 28
 26
 23
 20
 27
 24
 28
 30
 26
 24
 36
 22
 24
 24
 33
 32
 28
 28
 36
 29
 20
 30
 24
 34
 22
 27
 24
 35
 21
 32
 22
 32
 25
 25
 23
 27
 22
 26
 30
 27
 23
 23
 15
 27
 27
 28
 26
 27
 25
 25
 28
 21
 24
 19
 27
 29
 21
 27
 23
 25
 27
 22
 26
 26
 25
 19
 26
 32
 32
 32
 23
 21
 19
 33
 26
 17
 24
 16
 34
 19
 16
 40
 31
 12
 26
 11
 17
 17
 28
 28
 23
 17
 25
 29
 12
 23
 21
 17
 21
 19
 25
 25
 22
 16
 17
 23
 22
 23
 25
 23
 22
 27
 30
 24
 20
 24
 25
 17
 20
 19
 27
 34
 24
 15
 20
 22
 19
 20
 27
 16
 14
 27
 20
 22
 26
 14
 20
 17
 13
 12
 21
 26
 20
 22
 21
 21
 21
 21
 24
 19
 22
 9
 17
 24
 21
 16
 20
 14
 14
 21
 17
 22
 19
 18
 23
 15
 15
 15
 20
 14
 22
 22
 16
 16
 22
 13
 23
 25
 13
 16
 16
 18
 22
 17
 20
 22
 17
 18
 21
 17
 16
 19
 19
 16
 22
 15
 27
 18
 16
 25
 20
 11
 15
 12
 19
 18
 19
 19
 17
 27
 26
 20
 21
 21
 16
 14
 19
 11
 17
 24
 22
 17
 15
 15
 15
 16
 16
 10
 15
 22
 14
 18
 20
 11
 13
 24
 12
 22
 18
 15
 7
 15
 10
 15
 23
 16
 17
 13
 15
 20
 14
 7
 12
 24
 20
 18
 17
 12
 23
 25
 16
 14
 23
 17
 15
 16
 19
 17
 21
 11
 20
 9
 12
 16
 21
 13
 22
 8
 11
 19
 7
 16
 12
 13
 17
 14
 19
 20
 14
 15
 14
 19
 7
 12
 10
 12
 10
 16
 23
 13
 18
 18
 19
 14
 23
 10
 14
 17
 10
 13
 11
 13
 14
 9
 14
 16
 8
 9
 9
 16
 17
 18
 14
 14
 11
 16
 12
 17
 19
 8
 11
 13
 12
 7
 13
 16
 13
 7
 11
 12
 14
 13
 11
 16
 10
 13
 15
 10
 14
 10
 12
 15
 9
 22
 19
 13
 10
 23
 7
 15
 15
 7
 11
 17
 8
 13
 17
 13
 15
 14
 11
 14
 15
 10
 12
 13
 9
 8
 13
 9
 12
 15
 12
 16
 11
 15
 13
 11
 12
 18
 9
 18
 10
 16
 13
 11
 14
 12
 7
 8
 7
 15
 12
 15
 16
 11
 11
 19
 15
 18
 12
 8
 12
 11
 17
 12
 9
 14
 14
 6
 7
 10
 10
 22
 10
 13
 11
 13
 10
 13
 10
 11
 12
 16
 13
 10
 7
 11
 7
 18
 11
 12
 9
 17
 14
 13
 9
 10
 7
 11
 20
 12
 10
 15
 13
 14
 7
 13
 12
 12
 13
 14
 5
 12
 10
 12
 11
 13
 9
 10
 14
 16
 9
 12
 5
 6
 11
 9
 12
 5
 13
 13
 13
 8
 10
 7
 17
 15
 11
 6
 10
 8
 15
 10
 10
 10
 18
 4
 11
 10
 14
 9
 11
 5
 8
 11
 8
 11
 12
 10
 7
 9
 13
 9
 11
 8
 8
 11
 13
 14
 13
 7
 14
 7
 9
 9
 8
 11
 8
 9
 9
 10
 11
 8
 12
 8
 14
 11
 11
 8
 8
 13
 6
 11
 10
 13
 9
 14
 11
 13
 6
 13
 17
 11
 7
 12
 9
 9
 8
 7
 7
 9
 9
 11
 9
 10
 8
 8
 9
 5
 13
 6
 14
 8
 6
 7
 8
 12
 5
 6
 9
 8
 13
 7
 5
 7
 10
 9
 13
 15
 6
 9
 8
 10
 12
 12
 7
 13
 5
 4
 11
 8
 8
 8
 12
 14
 9
 13
 7
 11
 10
 3
 5
 5
 10
 9
 5
 6
 9
 6
 9
 5
 7
 8
 7
 7
 5
 6
 10
 7
 6
 9
 3
 9
 8
 11
 5
 8
 9
 10
 4
 8
 8
 7
 6
 4
 3
 5
 9
 7
 5
 6
 7
 8
 3
 7
 6
 6
 5
 11
 12
 6
 10
 6
 8
 6
 7
 12
 6
 8
 12
 4
 5
 9
 3
 6
 1
 5
 11
 7
 8
 7
 8
 4
 4
 6
 9
 7
 5
 8
 6
 5
 8
 5
 7
 10
 7
 13
 3
 6
 7
 4
 6
 6
 3
 8
 5
 5
 6
 7
 7
 7
 6
 3
 6
 2
 4
 7
 5
 8
 6
 7
 10
 11
 9
 2
 7
 8
 6
 6
 8
 6
 5
 3
 7
 6
 6
 6
 4
 7
 5
 8
 4
 2
 4
 3
 8
 7
 6
 4
 5
 10
 5
 12
 5
 7
 5
 5
 6
 8
 7
 5
 12
 4
 3
 7
 3
 4
 6
 6
 8
 8
 6
 4
 4
 1
 6
 2
 7
 5
 7
 6
 3
 8
 6
 10
 6
 3
 2
 4
 2
 4
 3
 6
 2
 10
 7
 4
 8
 6
 6
 8
 5
 2
 6
 10
 5
 2
 7
 8
 5
 3
 6
 6
 3
 9
 4
 1
 3
 6
 8
 9
 2
 3
 7
 8
 6
 7
 4
 1
 8
 5
 7
 2
 6
 6
 7
 8
 9
 2
 2
 5
 10
 9
 6
 4
 2
 9
 9
 3
 0
 3
 3
 2
 6
 3
 5
 3
 5
 9
 4
 3
 7
 5
 4
 6
 5
 4
 3
 2
 2
 3
 2
 8
 3
 4
 4
 3
 6
 2
 5
 3
 5
 6
 5
 6
 8
 5
 3
 5
 1
 4
 5
 7
 3
 1
 8
 5
 7
 9
 7
 5
 8
 5
 2
 8
 4
 6
 6
 3
 4
 2
 4
 4
 4
 7
 5
 4
 7
 0
 8
 6
 5
 2
 10
 3
 7
 11
 2
 4
 4
 5
 7
 6
 3
 4
 3
 6
 7
 9
 5
 7
 8
 2
 7
 3
 3
 6
 2
 6
 2
 1
 3
 6
 4
 6
 3
 1
 3
 7
 1
 2
 5
 4
 3
 3
 3
 4
 5
 6
 7
 2
 5
 4
 3
 5
 4
 4
 3
 2
 3
 4
 8
 0
 4
 4
 1
 1
 0
 5
 3
 3
 5
 1
 3
 1
 5
 5
 5
 2
 5
 4
 3
 6
 4
 5
 11
 0
 4
 4
 2
 5
 5
 4
 6
 2
 3
 5
 7
 3
 3
 4
 5
 3
 6
 6
 3
 5
 2
 3
 4
 5
 5
 2
 4
 2
 3
 1
 4
 6
 2
 1
 4
 0
 3
 5
 3
 4
 7
 1
 2
 2
 3
 6
 5
 5
 2
 2
 3
 1
 4
 3
 7
 4
 4
 4
 5
 1
 3
 3
 3
 4
 5
 4
 2
 1
 3
 8
 4
 4
 5
 1
 2
 1
 4
 0
 4
 6
 8
 3
 3
 1
 5
 5
 5
 6
 9
 2
 3
 1
 3
 4
 4
 4
 4
 6
 1
 4
 6
 3
 0
 4
 5
 3
 5
 5
 0
 6
 4
 2
 2
 3
 1
 0
 3
 2
 2
 2
 2
 3
 4
 6
 4
 2
 4
 1
 1
 3
 3
 2
 4
 5
 5
 2
 2
 2
 1
 2
 4
 1
 3
 3
 3
 2
 3
 1
 2
 5
 0
 7
 2
 0
 4
 1
 2
 2
 3
 3
 3
 0
 6
 3
 2
 3
 1
 4
 9
 5
 3
 3
 3
 6
 3
 2
 0
 2
 0
 4
 6
 3
 2
 4
 4
 5
 4
 2
 3
 2
 5
 0
 3
 4
 5
 3
 2
 1
 1
 3
 3
 5
 3
 3
 2
 1
 1
 5
 2
 5
 3
 2
 5
 4
 2
 8
 3
 1
 1
 2
 7
 5
 0
 2
 3
 4
 5
 4
 3
 2
 2
 3
 2
 3
 1
 1
 2
 1
 2
 3
 2
 0
 3
 3
 2
 1
 2
 2
 2
 1
 2
 2
 1
