VERSION:    3.1
ELEMENTS:              1
DATE:       MAR 11, 2010 07:09:52.026
CHANNELS:           4000
ROIS:        0
REAL_TIME:   1219.9599609
LIVE_TIME:   1200.2600098
CAL_OFFSET:  8.8112198e-002
CAL_SLOPE:   3.1493530e-002
CAL_QUAD:    0.0000000e+000
TWO_THETA:   9.9946346
DATA: 
 0
 0
 0
 0
 0
 0
 0
 0
 0
 0
 0
 0
 0
 0
 0
 0
 0
 0
 0
 0
 0
 0
 0
 0
 0
 0
 0
 0
 0
 0
 0
 0
 0
 0
 0
 0
 0
 0
 0
 0
 0
 0
 0
 0
 0
 0
 0
 0
 0
 0
 0
 0
 0
 0
 0
 0
 0
 0
 0
 0
 0
 0
 0
 0
 0
 0
 0
 0
 0
 0
 0
 17
 24
 23
 25
 18
 24
 24
 27
 23
 24
 29
 27
 20
 27
 26
 23
 20
 23
 24
 23
 23
 30
 38
 27
 22
 29
 27
 20
 27
 25
 29
 23
 20
 26
 23
 25
 18
 32
 19
 18
 27
 22
 29
 27
 30
 16
 26
 31
 18
 24
 25
 25
 25
 26
 28
 25
 28
 25
 29
 29
 37
 20
 30
 24
 23
 29
 35
 37
 27
 28
 32
 27
 30
 32
 29
 32
 32
 32
 36
 37
 33
 28
 33
 37
 29
 32
 34
 36
 30
 29
 36
 36
 35
 37
 35
 32
 36
 43
 36
 29
 31
 30
 36
 35
 48
 29
 60
 38
 52
 42
 49
 48
 42
 54
 56
 41
 44
 54
 43
 49
 41
 51
 42
 52
 54
 49
 50
 50
 46
 40
 47
 56
 53
 56
 36
 45
 45
 47
 45
 64
 44
 46
 61
 45
 41
 52
 61
 58
 60
 55
 50
 46
 66
 43
 45
 61
 61
 52
 49
 42
 64
 79
 77
 65
 75
 67
 77
 83
 72
 69
 69
 72
 83
 65
 73
 70
 71
 64
 60
 67
 70
 67
 59
 66
 82
 60
 57
 70
 62
 74
 81
 73
 76
 74
 80
 67
 81
 57
 67
 63
 58
 63
 59
 88
 66
 75
 66
 73
 59
 69
 74
 64
 92
 70
 77
 79
 79
 74
 78
 59
 55
 79
 80
 79
 81
 83
 86
 88
 77
 92
 86
 79
 89
 80
 97
 80
 94
 82
 73
 72
 87
 90
 83
 83
 85
 85
 67
 90
 73
 89
 100
 89
 87
 85
 68
 82
 74
 92
 95
 72
 88
 86
 91
 84
 99
 99
 96
 109
 90
 77
 104
 96
 99
 108
 110
 94
 85
 98
 86
 80
 101
 91
 97
 91
 93
 95
 104
 121
 118
 99
 94
 100
 99
 88
 101
 82
 103
 99
 91
 95
 102
 114
 96
 98
 100
 87
 88
 108
 91
 100
 91
 99
 117
 86
 105
 103
 100
 121
 96
 113
 100
 108
 104
 121
 95
 110
 96
 104
 133
 110
 118
 105
 113
 110
 123
 121
 102
 95
 128
 96
 103
 134
 133
 115
 119
 100
 131
 137
 111
 148
 141
 99
 140
 124
 124
 122
 144
 136
 122
 136
 139
 151
 127
 140
 140
 153
 142
 133
 139
 133
 136
 134
 147
 146
 144
 132
 145
 147
 130
 124
 135
 140
 156
 142
 139
 159
 162
 138
 145
 149
 161
 165
 167
 158
 149
 172
 172
 168
 165
 154
 178
 168
 171
 171
 195
 178
 192
 178
 151
 183
 191
 171
 163
 175
 194
 194
 194
 191
 236
 225
 224
 251
 243
 301
 271
 315
 328
 288
 290
 303
 264
 270
 270
 241
 238
 228
 272
 234
 268
 240
 247
 242
 270
 238
 266
 237
 265
 236
 274
 293
 265
 283
 278
 285
 288
 281
 331
 304
 332
 329
 327
 330
 328
 292
 375
 291
 357
 342
 334
 339
 358
 356
 377
 422
 410
 439
 497
 540
 471
 527
 511
 548
 497
 511
 529
 496
 504
 466
 427
 441
 423
 436
 432
 424
 431
 436
 453
 451
 392
 447
 450
 466
 439
 478
 460
 460
 465
 454
 482
 528
 453
 490
 468
 515
 480
 497
 512
 566
 551
 488
 527
 500
 494
 513
 567
 541
 574
 577
 573
 573
 565
 559
 610
 558
 630
 580
 607
 572
 607
 620
 629
 582
 613
 635
 663
 640
 638
 614
 658
 709
 710
 649
 683
 672
 662
 697
 654
 649
 664
 670
 735
 687
 717
 689
 660
 732
 747
 734
 704
 716
 765
 715
 760
 749
 732
 728
 781
 772
 789
 804
 762
 808
 766
 772
 780
 842
 834
 804
 871
 835
 831
 832
 855
 853
 837
 878
 905
 875
 884
 915
 851
 927
 893
 914
 908
 908
 917
 959
 961
 930
 952
 976
 984
 994
 1040
 978
 1072
 1019
 1074
 1032
 1018
 1065
 1096
 1065
 1064
 1081
 1135
 1057
 1068
 1116
 1119
 1088
 1092
 1148
 1164
 1198
 1146
 1134
 1147
 1138
 1198
 1231
 1142
 1208
 1234
 1251
 1163
 1253
 1218
 1196
 1230
 1259
 1247
 1277
 1268
 1364
 1264
 1319
 1318
 1243
 1413
 1282
 1296
 1309
 1328
 1341
 1323
 1331
 1334
 1411
 1409
 1342
 1347
 1354
 1395
 1345
 1362
 1358
 1310
 1475
 1418
 1411
 1460
 1441
 1439
 1471
 1475
 1473
 1467
 1471
 1474
 1451
 1530
 1524
 1478
 1369
 1527
 1486
 1456
 1499
 1494
 1533
 1468
 1544
 1563
 1478
 1503
 1468
 1505
 1638
 1451
 1543
 1500
 1519
 1530
 1548
 1495
 1543
 1606
 1552
 1522
 1589
 1500
 1559
 1587
 1584
 1550
 1586
 1524
 1555
 1540
 1589
 1622
 1536
 1618
 1540
 1510
 1646
 1589
 1612
 1604
 1632
 1544
 1650
 1519
 1501
 1610
 1658
 1619
 1614
 1652
 1639
 1578
 1644
 1663
 1634
 1653
 1616
 1610
 1613
 1609
 1719
 1650
 1668
 1648
 1653
 1671
 1582
 1664
 1630
 1689
 1668
 1710
 1726
 1722
 1720
 1748
 1777
 1687
 1727
 1653
 1706
 1726
 1764
 1740
 1743
 1783
 1711
 1782
 1760
 1721
 1796
 1709
 1681
 1782
 1816
 1767
 1740
 1823
 1720
 1754
 1755
 1766
 1762
 1661
 1821
 1840
 1887
 1838
 1802
 1775
 1854
 1850
 1795
 1811
 1757
 1740
 1865
 1725
 1773
 1706
 1803
 1804
 1826
 1858
 1696
 1717
 1759
 1751
 1743
 1748
 1669
 1711
 1717
 1716
 1736
 1692
 1685
 1687
 1658
 1656
 1603
 1630
 1686
 1571
 1523
 1612
 1543
 1550
 1595
 1517
 1541
 1558
 1519
 1503
 1505
 1423
 1370
 1548
 1465
 1382
 1459
 1402
 1415
 1376
 1407
 1376
 1351
 1355
 1331
 1363
 1372
 1401
 1204
 1296
 1218
 1274
 1297
 1279
 1237
 1204
 1177
 1231
 1251
 1225
 1176
 1279
 1203
 1161
 1153
 1169
 1242
 1142
 1201
 1124
 1114
 1156
 1095
 1092
 1185
 1142
 1109
 1190
 1189
 1158
 1091
 1106
 1049
 1114
 1116
 1119
 1078
 1068
 1101
 1097
 1045
 1031
 1122
 1094
 1025
 1085
 1049
 1009
 1055
 972
 1031
 1044
 1031
 1001
 1001
 1021
 1058
 979
 1075
 1059
 1042
 999
 989
 979
 984
 1024
 1033
 1035
 1022
 988
 989
 1019
 1019
 1021
 1052
 1046
 1066
 1004
 978
 967
 979
 989
 1034
 975
 987
 1009
 1050
 1009
 1022
 993
 982
 975
 1029
 970
 952
 957
 1017
 1014
 1028
 991
 946
 1026
 1035
 1027
 996
 1030
 956
 1034
 1013
 1010
 954
 1029
 936
 1017
 997
 978
 1003
 975
 998
 1077
 966
 1020
 1021
 991
 971
 972
 1039
 1061
 1002
 1073
 992
 992
 1016
 1032
 1013
 1010
 1007
 995
 1018
 967
 1051
 972
 1048
 1007
 1075
 997
 1021
 976
 956
 974
 996
 930
 998
 960
 960
 963
 926
 1002
 967
 980
 953
 980
 947
 980
 1001
 934
 1001
 985
 938
 1013
 1034
 986
 976
 992
 949
 1012
 935
 971
 938
 969
 984
 932
 956
 915
 976
 952
 953
 966
 882
 906
 881
 909
 923
 875
 911
 888
 1009
 960
 929
 863
 904
 876
 908
 888
 910
 905
 892
 917
 895
 909
 930
 884
 935
 908
 850
 857
 913
 855
 864
 864
 892
 844
 846
 867
 846
 827
 827
 824
 902
 858
 877
 857
 825
 804
 825
 834
 843
 801
 813
 777
 823
 809
 814
 806
 828
 810
 746
 781
 800
 809
 793
 847
 794
 737
 780
 812
 820
 814
 817
 784
 788
 787
 784
 794
 735
 758
 763
 779
 716
 787
 776
 722
 705
 750
 765
 711
 723
 737
 756
 747
 726
 720
 774
 767
 780
 735
 743
 754
 727
 751
 693
 692
 718
 691
 740
 688
 690
 702
 728
 666
 701
 765
 661
 702
 731
 737
 720
 692
 649
 709
 722
 669
 679
 643
 696
 686
 696
 739
 678
 660
 705
 693
 688
 697
 662
 702
 724
 671
 705
 724
 696
 724
 675
 693
 670
 668
 693
 655
 689
 639
 658
 648
 673
 695
 677
 687
 681
 695
 626
 681
 678
 666
 705
 697
 711
 700
 648
 688
 657
 709
 714
 645
 674
 717
 705
 663
 735
 685
 693
 692
 659
 685
 688
 699
 701
 689
 669
 640
 672
 667
 692
 655
 680
 672
 668
 706
 644
 725
 648
 680
 665
 703
 701
 683
 704
 705
 673
 675
 718
 709
 701
 692
 710
 658
 713
 713
 716
 704
 719
 699
 679
 690
 720
 677
 680
 661
 689
 700
 707
 708
 703
 654
 721
 630
 619
 701
 686
 634
 656
 694
 713
 672
 673
 686
 626
 673
 688
 649
 676
 694
 648
 654
 699
 650
 677
 694
 660
 693
 648
 639
 631
 641
 656
 705
 666
 626
 711
 682
 659
 639
 708
 619
 665
 652
 695
 658
 633
 622
 668
 595
 715
 646
 628
 642
 653
 647
 587
 677
 640
 648
 628
 613
 610
 632
 663
 627
 594
 638
 615
 599
 628
 596
 636
 657
 603
 604
 590
 617
 635
 586
 608
 620
 621
 625
 601
 614
 602
 596
 587
 562
 631
 589
 586
 579
 610
 588
 599
 602
 559
 554
 559
 594
 534
 615
 576
 602
 578
 589
 573
 544
 558
 589
 580
 557
 581
 564
 588
 562
 598
 565
 599
 596
 536
 523
 558
 542
 543
 564
 596
 568
 561
 551
 563
 612
 543
 557
 544
 552
 538
 511
 548
 489
 553
 549
 564
 539
 519
 498
 514
 551
 545
 534
 550
 480
 503
 523
 551
 513
 564
 512
 527
 514
 547
 499
 537
 568
 526
 520
 536
 515
 514
 562
 505
 484
 507
 504
 523
 554
 485
 504
 514
 529
 490
 466
 465
 503
 457
 486
 467
 490
 501
 486
 408
 455
 484
 482
 522
 453
 489
 451
 482
 441
 497
 479
 426
 547
 460
 460
 476
 438
 494
 455
 488
 437
 457
 492
 452
 446
 466
 437
 464
 479
 421
 492
 471
 451
 430
 466
 424
 413
 456
 442
 405
 433
 399
 447
 447
 441
 450
 426
 423
 419
 409
 389
 378
 395
 405
 440
 414
 414
 434
 386
 417
 377
 396
 415
 432
 418
 413
 405
 414
 401
 436
 414
 357
 379
 409
 411
 383
 387
 407
 363
 383
 400
 378
 418
 370
 378
 387
 372
 429
 389
 373
 339
 377
 363
 337
 377
 386
 405
 379
 385
 356
 388
 393
 362
 369
 397
 369
 382
 367
 373
 385
 359
 384
 374
 374
 367
 356
 360
 361
 348
 366
 375
 369
 376
 359
 389
 365
 374
 333
 348
 367
 360
 358
 357
 363
 348
 325
 336
 342
 333
 332
 336
 365
 366
 307
 342
 345
 342
 352
 337
 348
 329
 326
 305
 348
 357
 348
 331
 339
 353
 352
 311
 333
 352
 326
 314
 334
 334
 381
 323
 315
 315
 331
 331
 302
 289
 321
 318
 330
 332
 325
 311
 306
 320
 285
 289
 292
 299
 322
 310
 313
 310
 325
 323
 322
 293
 318
 310
 270
 301
 296
 302
 302
 304
 299
 314
 268
 327
 314
 303
 322
 315
 309
 262
 292
 307
 292
 305
 293
 302
 290
 293
 310
 330
 303
 305
 316
 267
 291
 299
 308
 294
 283
 282
 289
 266
 259
 286
 283
 299
 293
 290
 299
 279
 290
 289
 282
 305
 297
 317
 277
 288
 276
 259
 283
 283
 276
 278
 277
 302
 261
 291
 290
 271
 256
 275
 277
 299
 282
 257
 309
 276
 266
 280
 233
 261
 317
 282
 288
 254
 288
 303
 244
 256
 279
 273
 275
 232
 240
 269
 279
 259
 251
 281
 258
 252
 269
 261
 263
 264
 266
 290
 272
 245
 270
 266
 273
 272
 262
 238
 274
 289
 240
 265
 278
 244
 251
 260
 262
 263
 259
 259
 262
 243
 240
 231
 251
 260
 268
 246
 265
 254
 220
 259
 252
 243
 245
 249
 232
 231
 251
 260
 223
 233
 273
 238
 236
 235
 237
 231
 232
 225
 244
 253
 241
 248
 240
 236
 243
 254
 236
 229
 237
 254
 236
 232
 223
 232
 269
 220
 213
 220
 227
 225
 222
 225
 206
 220
 217
 209
 239
 238
 213
 182
 239
 237
 225
 247
 230
 214
 208
 207
 216
 228
 218
 219
 197
 214
 221
 210
 223
 195
 219
 240
 208
 263
 235
 197
 203
 204
 216
 197
 200
 216
 203
 208
 221
 196
 205
 214
 205
 205
 232
 240
 188
 195
 212
 189
 212
 215
 187
 200
 207
 212
 219
 240
 175
 187
 198
 196
 230
 229
 207
 189
 192
 213
 219
 225
 211
 216
 216
 212
 219
 215
 203
 201
 192
 197
 213
 194
 202
 222
 221
 225
 195
 209
 187
 213
 203
 206
 206
 200
 191
 208
 188
 205
 199
 193
 213
 191
 211
 190
 199
 201
 213
 203
 199
 213
 200
 180
 208
 198
 197
 206
 191
 204
 202
 201
 195
 200
 210
 204
 201
 206
 196
 205
 201
 197
 192
 196
 182
 203
 190
 233
 192
 206
 195
 196
 218
 186
 213
 185
 215
 187
 202
 216
 193
 200
 197
 210
 174
 174
 191
 178
 211
 199
 188
 198
 203
 214
 210
 208
 184
 186
 207
 198
 165
 189
 185
 175
 201
 196
 205
 201
 190
 181
 159
 184
 182
 167
 197
 209
 215
 172
 205
 204
 180
 209
 209
 177
 198
 192
 192
 202
 173
 175
 196
 157
 196
 208
 174
 189
 172
 183
 188
 186
 191
 201
 196
 174
 201
 170
 188
 190
 189
 191
 185
 188
 166
 157
 195
 173
 161
 174
 199
 163
 191
 187
 168
 163
 168
 185
 167
 188
 198
 194
 185
 175
 183
 174
 207
 170
 159
 163
 185
 157
 163
 176
 178
 145
 183
 174
 161
 165
 160
 160
 153
 163
 163
 149
 137
 158
 143
 144
 125
 142
 147
 122
 122
 139
 126
 117
 130
 103
 102
 101
 107
 118
 121
 112
 104
 129
 109
 114
 109
 125
 120
 101
 107
 115
 101
 98
 101
 103
 124
 111
 130
 110
 94
 93
 123
 129
 118
 98
 99
 120
 113
 111
 103
 113
 97
 88
 98
 95
 98
 121
 100
 94
 104
 104
 99
 102
 97
 98
 99
 93
 99
 114
 113
 99
 103
 99
 120
 117
 100
 89
 104
 72
 82
 96
 88
 99
 112
 116
 101
 103
 105
 82
 95
 94
 102
 97
 98
 92
 108
 99
 103
 97
 90
 88
 104
 118
 73
 88
 84
 92
 104
 92
 89
 85
 95
 100
 94
 100
 95
 94
 90
 100
 81
 75
 94
 87
 82
 94
 95
 85
 97
 90
 87
 90
 101
 108
 80
 94
 95
 99
 91
 69
 78
 60
 80
 94
 84
 92
 78
 75
 84
 84
 94
 75
 69
 104
 88
 72
 82
 94
 89
 87
 78
 73
 77
 79
 99
 83
 63
 80
 90
 80
 98
 68
 81
 85
 90
 76
 73
 84
 71
 81
 75
 78
 74
 97
 88
 77
 83
 77
 72
 88
 70
 84
 79
 87
 77
 76
 75
 73
 62
 86
 80
 66
 62
 83
 73
 78
 64
 78
 70
 81
 73
 93
 67
 72
 63
 82
 79
 77
 63
 73
 77
 64
 68
 64
 64
 78
 81
 80
 76
 85
 58
 89
 71
 58
 66
 63
 64
 71
 73
 62
 72
 86
 61
 57
 68
 78
 68
 76
 82
 64
 65
 74
 67
 46
 81
 72
 60
 75
 74
 87
 77
 89
 64
 62
 85
 74
 59
 71
 83
 71
 61
 69
 71
 58
 63
 61
 64
 70
 60
 70
 62
 73
 69
 62
 71
 61
 64
 76
 59
 73
 77
 59
 60
 53
 60
 65
 71
 61
 70
 58
 63
 59
 65
 56
 69
 47
 64
 70
 73
 60
 76
 69
 67
 71
 68
 63
 58
 63
 46
 67
 73
 76
 55
 66
 77
 53
 63
 57
 58
 67
 72
 72
 64
 56
 76
 60
 63
 68
 68
 60
 55
 55
 59
 61
 58
 68
 67
 62
 40
 44
 49
 59
 53
 64
 61
 59
 54
 54
 53
 53
 52
 63
 55
 63
 51
 54
 68
 61
 53
 63
 60
 68
 57
 58
 50
 67
 59
 51
 64
 56
 67
 54
 51
 58
 66
 64
 65
 49
 73
 58
 53
 53
 60
 50
 52
 36
 61
 58
 56
 66
 59
 48
 58
 56
 57
 49
 48
 55
 57
 46
 56
 45
 54
 57
 62
 54
 50
 58
 54
 56
 53
 40
 56
 48
 50
 62
 56
 57
 57
 41
 54
 43
 45
 43
 56
 55
 58
 52
 66
 54
 52
 53
 56
 51
 59
 48
 55
 46
 42
 47
 49
 46
 47
 58
 41
 38
 63
 54
 49
 62
 61
 63
 49
 40
 59
 50
 59
 62
 50
 62
 53
 41
 59
 57
 43
 35
 48
 50
 56
 43
 55
 38
 47
 50
 51
 47
 46
 55
 41
 35
 51
 50
 45
 48
 43
 44
 38
 53
 48
 44
 53
 42
 38
 47
 31
 44
 46
 48
 47
 40
 43
 49
 42
 54
 40
 49
 53
 32
 41
 48
 41
 51
 44
 48
 48
 47
 43
 45
 36
 45
 36
 56
 38
 46
 45
 42
 43
 42
 36
 53
 41
 45
 40
 33
 30
 40
 48
 44
 32
 42
 44
 36
 32
 36
 43
 56
 54
 42
 38
 51
 41
 33
 53
 43
 30
 34
 44
 38
 38
 42
 41
 46
 40
 34
 43
 43
 40
 48
 34
 33
 43
 45
 40
 42
 30
 36
 45
 44
 50
 38
 33
 39
 33
 31
 30
 31
 30
 39
 34
 48
 43
 23
 32
 34
 42
 30
 39
 28
 37
 34
 42
 43
 39
 29
 41
 37
 32
 44
 55
 45
 39
 29
 42
 35
 42
 31
 29
 37
 35
 38
 21
 36
 45
 33
 35
 31
 37
 30
 38
 30
 30
 40
 39
 40
 41
 47
 32
 36
 45
 32
 32
 38
 36
 41
 41
 26
 33
 35
 27
 23
 39
 33
 39
 34
 39
 37
 45
 39
 38
 39
 28
 33
 40
 40
 34
 31
 35
 27
 35
 35
 26
 36
 37
 26
 24
 35
 37
 36
 42
 36
 24
 31
 35
 40
 40
 35
 41
 27
 39
 26
 42
 32
 30
 35
 35
 26
 31
 29
 30
 38
 32
 37
 28
 33
 30
 24
 32
 36
 32
 34
 30
 35
 26
 36
 28
 32
 31
 25
 37
 32
 24
 36
 38
 43
 33
 29
 25
 29
 22
 35
 27
 31
 31
 29
 25
 35
 31
 39
 20
 26
 27
 37
 36
 18
 18
 29
 32
 26
 26
 37
 27
 36
 28
 35
 25
 24
 32
 29
 31
 23
 33
 37
 33
 28
 39
 27
 32
 27
 20
 25
 32
 27
 30
 33
 24
 27
 26
 47
 31
 23
 29
 25
 31
 31
 25
 22
 35
 35
 28
 22
 26
 33
 32
 22
 30
 18
 32
 15
 26
 35
 23
 19
 25
 26
 29
 18
 29
 21
 23
 32
 17
 24
 29
 18
 18
 25
 29
 28
 16
 31
 22
 29
 30
 23
 23
 22
 26
 21
 28
 20
 20
 29
 18
 16
 21
 22
 27
 30
 25
 33
 24
 29
 24
 24
 22
 24
 24
 25
 23
 34
 20
 25
 13
 28
 28
 20
 18
 26
 30
 27
 19
 18
 19
 25
 26
 29
 28
 28
 12
 20
 24
 26
 29
 37
 26
 22
 15
 24
 22
 21
 18
 26
 17
 18
 18
 25
 18
 28
 14
 27
 24
 20
 23
 20
 33
 20
 17
 21
 14
 17
 28
 13
 16
 7
 20
 25
 24
 14
 14
 23
 21
 24
 23
 27
 13
 19
 21
 15
 27
 21
 15
 19
 14
 12
 17
 21
 19
 19
 25
 16
 28
 29
 19
 19
 16
 21
 23
 12
 18
 12
 19
 13
 21
 15
 19
 21
 21
 17
 22
 24
 18
 24
 15
 9
 21
 26
 22
 18
 27
 18
 16
 18
 24
 16
 14
 16
 16
 16
 22
 23
 13
 14
 14
 23
 17
 11
 17
 24
 13
 19
 18
 18
 21
 18
 17
 14
 20
 23
 13
 16
 20
 19
 12
 15
 12
 18
 23
 12
 17
 15
 16
 22
 19
 10
 16
 11
 11
 8
 17
 12
 21
 11
 26
 21
 20
 16
 16
 18
 16
 21
 14
 19
 19
 13
 27
 20
 14
 16
 21
 19
 16
 9
 15
 16
 18
 10
 13
 19
 9
 16
 11
 11
 14
 18
 13
 13
 22
 20
 18
 20
 16
 7
 14
 17
 15
 12
 18
 20
 18
 17
 14
 13
 23
 20
 19
 10
 15
 15
 8
 15
 11
 17
 17
 18
 11
 14
 11
 17
 17
 21
 19
 19
 14
 19
 21
 10
 15
 22
 19
 12
 9
 18
 14
 19
 23
 10
 15
 10
 8
 13
 7
 17
 15
 20
 23
 13
 17
 13
 14
 17
 10
 14
 8
 7
 18
 14
 14
 18
 13
 11
 16
 13
 12
 20
 19
 13
 15
 18
 14
 13
 12
 18
 12
 12
 11
 18
 13
 9
 19
 10
 11
 15
 21
 10
 13
 10
 10
 12
 8
 10
 9
 9
 13
 12
 13
 6
 8
 11
 13
 10
 10
 12
 16
 13
 12
 12
 15
 11
 11
 9
 13
 11
 17
 13
 8
 12
 15
 15
 16
 14
 5
 9
 11
 18
 13
 7
 7
 11
 20
 17
 10
 15
 11
 11
 19
 14
 16
 11
 10
 13
 8
 11
 10
 14
 10
 13
 7
 10
 8
 11
 13
 16
 14
 10
 13
 10
 12
 11
 10
 10
 12
 15
 7
 13
 19
 10
 8
 9
 10
 14
 7
 8
 16
 10
 2
 10
 13
 10
 15
 10
 12
 19
 10
 11
 20
 15
 10
 9
 10
 12
 7
 10
 11
 14
 7
 16
 11
 9
 13
 10
 20
 11
 10
 6
 7
 9
 9
 8
 7
 12
 9
 7
 13
 7
 6
 7
 14
 11
 10
 15
 19
 12
 12
 16
 9
 12
 10
 8
 13
 7
 9
 9
 9
 11
 11
 4
 12
 9
 8
 8
 13
 10
 12
 10
 10
 7
 6
 8
 13
 11
 4
 11
 5
 8
 14
 8
 7
 1
 11
 8
 12
 8
 6
 9
 7
 9
 7
 8
 15
 6
 11
 12
 9
 14
 9
 6
 10
 8
 8
 7
 11
 11
 15
 5
 10
 11
 5
 11
 7
 8
 5
 9
 13
 12
 10
 5
 8
 8
 5
 6
 4
 7
 14
 10
 13
 8
 10
 11
 8
 12
 14
 11
 9
 15
 15
 6
 4
 8
 10
 11
 10
 8
 7
 8
 10
 10
 7
 8
 7
 12
 11
 12
 5
 4
 11
 7
 6
 12
 11
 12
 7
 8
 9
 11
 14
 8
 10
 10
 7
 5
 6
 12
 7
 7
 12
 11
 6
 11
 7
 8
 9
 10
 12
 2
 9
 14
 10
 9
 6
 10
 7
 6
 11
 8
 7
 13
 10
 12
 6
 5
 7
 12
 13
 5
 9
 7
 6
 7
 7
 10
 8
 5
 8
 9
 9
 9
 6
 5
 10
 9
 9
 8
 8
 9
 4
 3
 10
 5
 4
 7
 4
 8
 10
 9
 9
 4
 9
 11
 10
 7
 5
 12
 8
 8
 6
 11
 5
 16
 8
 8
 8
 11
 5
 11
 4
 6
 9
 10
 4
 5
 8
 7
 9
 10
 5
 1
 3
 6
 7
 6
 10
 5
 7
 8
 5
 6
 10
 7
 12
 11
 6
 3
 11
 5
 3
 3
 7
 5
 8
 5
 3
 5
 5
 4
 8
 10
 3
 4
 4
 8
 3
 8
 5
 14
 6
 7
 5
 7
 7
 4
 6
 3
 11
 6
 2
 4
 6
 8
 4
 4
 5
 6
 7
 4
 8
 9
 13
 4
 6
 10
 8
 4
 6
 10
 7
 2
 11
 5
 9
 12
 5
 9
 6
 7
 8
 6
 10
 9
 5
 8
 8
 4
 10
 3
 4
 5
 9
 9
 6
 4
 5
 7
 4
 10
 4
 3
 4
 5
 6
 4
 6
 4
 8
 6
 4
 4
 6
 7
 5
 5
 2
 9
 3
 10
 7
 6
 3
 9
 5
 6
 6
 6
 2
 7
 6
 2
 10
 2
 1
 10
 7
 8
 7
 7
 5
 7
 5
 7
 7
 5
 6
 7
 8
 5
 4
 6
 3
 6
 2
 3
 6
 5
 3
 1
 5
 5
 6
 5
 3
 5
 6
 11
 8
 2
 4
 4
 5
 10
 7
 5
 5
 3
 9
 3
 3
 11
 5
 6
 3
 5
 7
 4
 4
 7
 6
 1
 6
 4
 5
 7
 8
 7
 6
 2
 4
 4
 1
 4
 2
 8
 4
 6
 5
 5
 2
 5
 6
 5
 8
 5
 4
 1
 5
 4
 2
 1
 6
 5
 5
 3
 10
 1
 7
 4
 4
 3
 2
 3
 1
 2
 7
 1
 3
 3
 3
 5
 5
 2
 3
 2
 6
 5
 4
 2
 4
 3
 4
 4
 7
 8
 2
 4
 2
 3
 6
 3
 2
 2
 7
 7
 3
 7
 9
 9
 2
 8
 4
 6
 4
 3
 4
 2
 4
 7
 2
 7
 9
 2
 2
 5
 4
 4
 2
 7
