5.650493229492536962e-01 1.672187085061122847e-01 1.474373476576029034e-03
6.150493229492537406e-01 1.852831580598963690e-01 1.855205571580943995e-03
6.650493229492537850e-01 2.090021049259289665e-01 1.807164085796567109e-03
7.150493229492538294e-01 2.361511813057988740e-01 2.322321628087387676e-03
7.650493229492538738e-01 2.645060194010949717e-01 2.893759133730819909e-03
8.150493229492539182e-01 2.918851501320838260e-01 7.104643539029602099e-03
8.650493229492539626e-01 3.181784065061245559e-01 4.657166174707492307e-03
9.150493229492540070e-01 3.462263249007201948e-01 6.165862165088616641e-03
9.650493229492540515e-01 3.790951539121792391e-01 5.682622743182651724e-03
1.015049322949254096e+00 4.198513940258819521e-01 6.799896124638294195e-03
1.065049322949254140e+00 4.720572965326069736e-01 7.776726620434430692e-03
1.115049322949254185e+00 5.408070073052188009e-01 1.167213590999660079e-02
1.165049322949254229e+00 6.314440722407884676e-01 1.450886102726686028e-02
1.215049322949254273e+00 7.463738908713690723e-01 1.413273336613927490e-02
1.265049322949254318e+00 8.833265456477089606e-01 1.372964363993425634e-02
1.315049322949254362e+00 1.039615435571618285e+00 1.623817235567071721e-02
1.365049322949254407e+00 1.211761201939213883e+00 1.481389718262879004e-02
1.415049322949254451e+00 1.378702269738026231e+00 1.817315093851027547e-02
1.465049322949254496e+00 1.502372698707274523e+00 1.656822394874309448e-02
1.515049322949254540e+00 1.558314031234381059e+00 1.692621335336329594e-02
1.565049322949254584e+00 1.544839919568554709e+00 1.824456824078165423e-02
1.615049322949254629e+00 1.469939579078660241e+00 1.568219820638563217e-02
1.665049322949254673e+00 1.361449222992041852e+00 1.861132720576540514e-02
1.715049322949254718e+00 1.246160595429677498e+00 1.983248817114458690e-02
1.765049322949254762e+00 1.134389548785696311e+00 2.091510334930040890e-02
1.815049322949254806e+00 1.031656647570597718e+00 3.996454295612102137e-02
1.865049322949254851e+00 9.396521493240105327e-01 5.053037917279711716e-02
1.915049322949254895e+00 8.588848032063187699e-01 2.743753459717913554e-02
1.965049322949254940e+00 7.898630219288473864e-01 1.425925002072432266e-02
2.015049322949255206e+00 7.329575094747500241e-01 1.457795909530294580e-02
2.065049322949255028e+00 6.874159383526838862e-01 1.438256088456439652e-02
2.115049322949254851e+00 6.519382697670148552e-01 1.408299603444810970e-02
2.165049322949255117e+00 6.252207745547817552e-01 1.149370666821214124e-02
2.215049322949255384e+00 6.059594269303364422e-01 1.219232066594021051e-02
2.265049322949255206e+00 5.924521755338831852e-01 1.120091717210400760e-02
2.315049322949255028e+00 5.818128834509709302e-01 1.255051880154461723e-02
2.365049322949255295e+00 5.709362230798821214e-01 1.127096033320513363e-02
2.415049322949255561e+00 5.569535400400611458e-01 6.382167629892423165e-03
2.465049322949255384e+00 5.397105229235216184e-01 4.928901176108432813e-03
2.515049322949255206e+00 5.207866467400302790e-01 6.680135233723573721e-03
2.565049322949255473e+00 5.017895110486964017e-01 8.139638883200604053e-03
2.615049322949255295e+00 4.843267154086285387e-01 9.198631929686056086e-03
2.665049322949255561e+00 4.700058593789355754e-01 6.474559773213077289e-03
2.715049322949255828e+00 4.604345425187265084e-01 8.313182215192799901e-03
2.765049322949255650e+00 4.572203643871100009e-01 1.613396388701749881e-02
2.815049322949255473e+00 4.618476941035771777e-01 1.858857494425276632e-02
2.865049322949255739e+00 4.736753499257336797e-01 2.075061849040854209e-02
2.915049322949256005e+00 4.902687043631586694e-01 1.837101341940781951e-02
2.965049322949255828e+00 5.091369220655275196e-01 1.714481033701359403e-02
3.015049322949255650e+00 5.277891676825151590e-01 1.769118165660139852e-02
3.065049322949255917e+00 5.438350533382458885e-01 1.706760686649464592e-02
3.115049322949256183e+00 5.565322218348947025e-01 1.611683052143260408e-02
3.165049322949256005e+00 5.664855023938508705e-01 1.232518366701550704e-02
3.215049322949255828e+00 5.743392355222306511e-01 1.238800427912402705e-02
3.265049322949256094e+00 5.807377617271494152e-01 1.109567106710897602e-02
3.315049322949256361e+00 5.863025265762811244e-01 9.513009952161432387e-03
3.365049322949256183e+00 5.915620048958359911e-01 1.047230792160029275e-02
3.415049322949256005e+00 5.970210758151762720e-01 9.477292082240686491e-03
3.465049322949256272e+00 6.031846184607158046e-01 1.521122102272657976e-02
3.515049322949256538e+00 6.105575119588676491e-01 9.865655229755127334e-03
3.565049322949256361e+00 6.196446354360453102e-01 1.862753027418547619e-02
3.615049322949256183e+00 6.309508680186626250e-01 1.321896231286948803e-02
3.665049322949256450e+00 6.449810888331326542e-01 1.604134333398351403e-02
3.715049322949256716e+00 6.622401770058692350e-01 1.573080524277278847e-02
3.765049322949256538e+00 6.832059089311492972e-01 1.653424887095342188e-02
3.815049322949256361e+00 7.078549084901465394e-01 1.639080870339540419e-02
3.865049322949256627e+00 7.357223933748822109e-01 1.691256007056402694e-02
3.915049322949256894e+00 7.663284882067677994e-01 1.853351138254102221e-02
3.965049322949256716e+00 7.991933176072147926e-01 2.708707504022285495e-02
4.015049322949256094e+00 8.338370061976347891e-01 3.328588721704705405e-02
4.065049322949256805e+00 8.697796785994412749e-01 2.983480348618821817e-02
4.115049322949257515e+00 9.065414594340444054e-01 2.718499563752629217e-02
4.165049322949256450e+00 9.436424733228550021e-01 2.820522251994489124e-02
4.215049322949257160e+00 9.805665841064004074e-01 2.991042433239957110e-02
4.265049322949256982e+00 1.016486198390772477e+00 2.158609515961842917e-02
4.315049322949256805e+00 1.050415095978842084e+00 2.732092986788441785e-02
4.365049322949257515e+00 1.081365796771063925e+00 2.614735149099384204e-02
4.415049322949256450e+00 1.108350820667891368e+00 2.614246854796617447e-02
4.465049322949257160e+00 1.130382687569779776e+00 2.467981181893033615e-02
4.515049322949257871e+00 1.146474286221045968e+00 2.148512215971776565e-02
4.565049322949256805e+00 1.156531053886439731e+00 2.598655818898435582e-02
4.615049322949257515e+00 1.163267436191130377e+00 1.565711035927510805e-02
4.665049322949256450e+00 1.169949077873460253e+00 2.261954685534053183e-02
4.715049322949257160e+00 1.179841623671771256e+00 2.254275737631733847e-02
4.765049322949257871e+00 1.196210718324406397e+00 2.384484513240551704e-02
4.815049322949256805e+00 1.222322006569706021e+00 2.599325840413333269e-02
4.865049322949257515e+00 1.261313678880261913e+00 2.087515415697453747e-02
4.915049322949258226e+00 1.311565137822630067e+00 2.237282131970023957e-02
4.965049322949257160e+00 1.365385008082866669e+00 3.171201880624734820e-02
5.015049322949257871e+00 1.414687175552005849e+00 3.971426023232323133e-02
5.065049322949256805e+00 1.451385526121074188e+00 3.925065203716010531e-02
5.115049322949257515e+00 1.467393945681106038e+00 3.680709582070375990e-02
5.165049322949258226e+00 1.454667867041583129e+00 3.492733305533940458e-02
5.215049322949257160e+00 1.410472584602252777e+00 3.479161859373074844e-02
5.265049322949257871e+00 1.342541584695117196e+00 4.887759135551145856e-02
5.315049322949258581e+00 1.259833093656835823e+00 5.271216583893426066e-02
5.365049322949257515e+00 1.171305337824070758e+00 5.584206405143948837e-02
5.415049322949258226e+00 1.085881121980192043e+00 5.757121955129822222e-02
5.465049322949257160e+00 1.009360330657340432e+00 4.582172569001227019e-02
5.515049322949257871e+00 9.420200771124948025e-01 3.941786266122805638e-02
5.565049322949258581e+00 8.835726150062026552e-01 3.377903304666493578e-02
5.615049322949257515e+00 8.337301979990094924e-01 4.903078736721355052e-02
5.665049322949258226e+00 7.922050797514561538e-01 4.961117977964896869e-02
5.715049322949258936e+00 7.587095139240888075e-01 3.575744612737279116e-02
5.765049322949257871e+00 7.329557541774526230e-01 5.085606315059980342e-02
5.815049322949258581e+00 7.146560541720892168e-01 4.201312913815227756e-02
5.865049322949257515e+00 7.035226675685453124e-01 4.031969920758331216e-02
5.915049322949258226e+00 6.992638677550764292e-01 3.070384459385199633e-02
5.965049322949258936e+00 7.013354468048128565e-01 2.738122275888837248e-02
6.015049322949257871e+00 7.087937843586935571e-01 2.743491655433299287e-02
6.065049322949258581e+00 7.206599416155109461e-01 3.516464140135251021e-02
6.115049322949259292e+00 7.359549797740561061e-01 3.197777493661460579e-02
6.165049322949258226e+00 7.536999600331203419e-01 2.685329907263630383e-02
6.215049322949258936e+00 7.729159435914960685e-01 2.915387862134283595e-02
6.265049322949257871e+00 7.926239916479738135e-01 2.840912789912276859e-02
6.315049322949258581e+00 8.118451654013464358e-01 3.479293167980877094e-02
6.365049322949259292e+00 8.296005260504051293e-01 3.252220701581832324e-02
6.415049322949258226e+00 8.449111347939407546e-01 2.932310330553791408e-02
6.465049322949258936e+00 8.567980528307460597e-01 2.675991376833099580e-02
6.515049322949259647e+00 8.642823413596119053e-01 4.850849123239930893e-02
6.565049322949258581e+00 8.663915984251711055e-01 2.843054221940328682e-02
6.615049322949259292e+00 8.627974882857913919e-01 2.542769293178926554e-02
6.665049322949258226e+00 8.543504288784041778e-01 3.307510953796201358e-02
6.715049322949258936e+00 8.420267191516616068e-01 3.763332905012854029e-02
6.765049322949259647e+00 8.268026580542163773e-01 2.940286328671266533e-02
6.815049322949258581e+00 8.096545445347207437e-01 4.509028564178616666e-02
6.865049322949259292e+00 7.915586775418264054e-01 3.312265798575511622e-02
6.915049322949260002e+00 7.734913560241860608e-01 3.263617123079183557e-02
6.965049322949258936e+00 7.564288789304527416e-01 3.184206887626125221e-02
7.015049322949259647e+00 7.413475452092773699e-01 2.696453526547844606e-02
7.065049322949258581e+00 7.292236538093133102e-01 3.140532232462830281e-02
7.115049322949259292e+00 7.210333869664204975e-01 3.951192226839912724e-02
7.165049322949260002e+00 7.174903937426044820e-01 3.799578144870419116e-02
7.215049322949258936e+00 7.184872855839630201e-01 3.986761752864543401e-02
7.265049322949259647e+00 7.237566093864435945e-01 4.032090468352437368e-02
7.315049322949260358e+00 7.330309120459939098e-01 3.922513429325800993e-02
7.365049322949259292e+00 7.460427404585611155e-01 3.673997537444586431e-02
7.415049322949260002e+00 7.625246415200933603e-01 4.429402625188619269e-02
7.465049322949258936e+00 7.822091621265371275e-01 5.199926912454460454e-02
7.515049322949259647e+00 8.048288491738418982e-01 4.052849767189818653e-02
7.565049322949260358e+00 8.301162495579539335e-01 4.273755977041179821e-02
7.615049322949259292e+00 8.578038657805616696e-01 4.419026021895579304e-02
7.665049322949260002e+00 8.875473914862198610e-01 4.418424488274972500e-02
7.715049322949260713e+00 9.187680477098609799e-01 5.152493128596054295e-02
7.765049322949259647e+00 9.508424714915910680e-01 5.338635011737491443e-02
7.815049322949260358e+00 9.831472998715203859e-01 3.727532293001619562e-02
7.865049322949259292e+00 1.015059169889754420e+00 5.191314698285257739e-02
7.915049322949260002e+00 1.045954718586402876e+00 5.747324460437678445e-02
7.965049322949260713e+00 1.075210583001572351e+00 5.388171665260459847e-02
8.015049322949259647e+00 1.102203400175369774e+00 6.264605788766265670e-02
8.065049322949260358e+00 1.126309807147905184e+00 5.069053281683578993e-02
8.115049322949261068e+00 1.146978097009774267e+00 4.755729420581596839e-02
8.165049322949260002e+00 1.164190202915528216e+00 5.680065702289106844e-02
8.215049322949260713e+00 1.178168833894434941e+00 4.992007955576844430e-02
8.265049322949259647e+00 1.189137869354145005e+00 3.522715719895090636e-02
8.315049322949260358e+00 1.197321188702311190e+00 5.995212717526988977e-02
8.365049322949261068e+00 1.202942671346584502e+00 5.749791183947290663e-02
8.415049322949260002e+00 1.206226196694616837e+00 5.062988266766202394e-02
8.465049322949260713e+00 1.207395644154060310e+00 5.808303339653426295e-02
8.515049322949261423e+00 1.206674893132566151e+00 6.186953633088127652e-02
8.565049322949260358e+00 1.204287823037786254e+00 5.410796432333229988e-02
8.615049322949261068e+00 1.200458222747929904e+00 5.107532886946498235e-02
8.665049322949260002e+00 1.195378079150057893e+00 4.403926952557243174e-02
8.715049322949260713e+00 1.189160918213448603e+00 7.625835709677787622e-02
8.765049322949259647e+00 1.181908379446462876e+00 5.294823671186286995e-02
8.815049322949260358e+00 1.173722102357462882e+00 7.315179691235149106e-02
8.865049322949261068e+00 1.164703726454810129e+00 5.226051310018252349e-02
8.915049322949260002e+00 1.154954891246867010e+00 3.321463948940012872e-02
8.965049322949260713e+00 1.144577236241993923e+00 5.213092577290557444e-02
9.015049322949261423e+00 1.133672400948552594e+00 5.184661644167367495e-02
9.065049322949260358e+00 1.122342024874905420e+00 6.422168739133285453e-02
9.115049322949261068e+00 1.110687747529413683e+00 4.559822180272797565e-02
9.165049322949261779e+00 1.098811208420438446e+00 6.336997620031283029e-02
9.215049322949260713e+00 1.086814047056342547e+00 5.492650720938651449e-02
9.265049322949261423e+00 1.074797902945486383e+00 3.765225204230748107e-02
9.315049322949260358e+00 1.062864415596232126e+00 4.567471247654542044e-02
9.365049322949261068e+00 1.051115224516941060e+00 7.074217811009386736e-02
9.415049322949261779e+00 1.039651969215975136e+00 5.227682020835618809e-02
9.465049322949260713e+00 1.028576289201695637e+00 4.327342340564115097e-02
9.515049322949261423e+00 1.017989823982464292e+00 5.349351407057837543e-02
9.565049322949260358e+00 1.007994213066643274e+00 4.655880812298120869e-02
9.615049322949261068e+00 9.986910959625932005e-01 4.292188545093830743e-02
9.665049322949261779e+00 9.901818950982936851e-01 4.085827178058300951e-02
9.715049322949260713e+00 9.825225112817995710e-01 6.330593873749362777e-02
9.765049322949261423e+00 9.756675247470176782e-01 6.675031373640591403e-02
9.815049322949262134e+00 9.695578441526682134e-01 5.286562047497170985e-02
9.865049322949261068e+00 9.641343781574729377e-01 4.619353278803536161e-02
9.915049322949261779e+00 9.593380354201519467e-01 5.699344462217893065e-02
9.965049322949262489e+00 9.551097245994260021e-01 5.512162496911301307e-02
1.001504932294926142e+01 9.513903543540156438e-01 4.934893981451526218e-02
1.006504932294926213e+01 9.481208333426415225e-01 4.442147683251904816e-02
1.011504932294926107e+01 9.452420702240247330e-01 6.559069017930072021e-02
1.016504932294926178e+01 9.426949736568857041e-01 6.988952442790659358e-02
1.021504932294926249e+01 9.404204522999450866e-01 6.189255036622923895e-02
1.026504932294926142e+01 9.383594148119238643e-01 5.397958849834226525e-02
1.031504932294926213e+01 9.364527698515421328e-01 5.729365362745717644e-02
1.036504932294926107e+01 9.346414260775210980e-01 6.481891932698274905e-02
1.041504932294926178e+01 9.328662921485814108e-01 5.581955666102913355e-02
1.046504932294926249e+01 9.310682767234434998e-01 6.307703903199285422e-02
1.051504932294926142e+01 9.291882884608281268e-01 4.693226869338658347e-02
1.056504932294926213e+01 9.271672360194560536e-01 5.742790540488354467e-02
1.061504932294926284e+01 9.249463656215327623e-01 5.579366782509039696e-02
1.066504932294926178e+01 9.225110949611001754e-01 5.243984832367822729e-02
1.071504932294926249e+01 9.199344792302162066e-01 7.523106117336800236e-02
1.076504932294926320e+01 9.172999056871987689e-01 7.481449719848860813e-02
1.081504932294926213e+01 9.146907615903649980e-01 6.139366752397052568e-02
1.086504932294926284e+01 9.121904341980324737e-01 5.115850121158736774e-02
1.091504932294926178e+01 9.098823107685191092e-01 5.736886975019236251e-02
1.096504932294926249e+01 9.078497785601418180e-01 7.596260516110919792e-02
1.101504932294926320e+01 9.061762248312185131e-01 7.017809445964197368e-02
1.106504932294926213e+01 9.049450368400665523e-01 5.849069275348951075e-02
1.111504932294926284e+01 9.042396018450036266e-01 6.863880675971734124e-02
1.116504932294926178e+01 9.041433071043469827e-01 5.699441918813744068e-02
1.121504932294926249e+01 9.047395398764139784e-01 6.192947674580446399e-02
1.126504932294926320e+01 9.061116874195225268e-01 6.315907226470078573e-02
1.131504932294926213e+01 9.083431369919899856e-01 7.077412440229152724e-02
1.136504932294926284e+01 9.115172758521339347e-01 5.530609869917455651e-02
1.141504932294926355e+01 9.157174912582719539e-01 7.449234382835150103e-02
1.146504932294926249e+01 9.210271704687208461e-01 6.126520523067190138e-02
1.151504932294926320e+01 9.275297007417990791e-01 7.696078239474463123e-02
1.156504932294926391e+01 9.353084693358240109e-01 7.809320843392035527e-02
1.161504932294926284e+01 9.444468635091123332e-01 7.837542528579147239e-02
1.166504932294926355e+01 9.550282705199826250e-01 8.444051656632320380e-02
1.171504932294926249e+01 9.671360776267512449e-01 9.470111134658106000e-02
1.176504932294926320e+01 9.808536720877372161e-01 7.230625058555240070e-02
1.181504932294926391e+01 9.962638447288003629e-01 8.514211317635511644e-02
1.186504932294926284e+01 1.013322766898734351e+00 7.091291731466217718e-02
1.191504932294926355e+01 1.031704018789002975e+00 7.394680924965769953e-02
1.196504932294926249e+01 1.051042930764405803e+00 9.822979487330016357e-02
1.201504932294926320e+01 1.070974833189745734e+00 8.715569890856036950e-02
1.206504932294926391e+01 1.091135056429823447e+00 7.980700819052415074e-02
1.211504932294926284e+01 1.111158930849439841e+00 1.044715310729195379e-01
1.216504932294926355e+01 1.130681786813396483e+00 1.128970105827820092e-01
1.221504932294926427e+01 1.149338954686494718e+00 1.273925667610662227e-01
1.226504932294926320e+01 1.166765764833535002e+00 6.737971079347572501e-02
1.231504932294926391e+01 1.182597547619320011e+00 8.390468747752144463e-02
1.236504932294926462e+01 1.196469633408649536e+00 7.743008358015376902e-02
1.241504932294926355e+01 1.208017352566325808e+00 7.024545971605758443e-02
1.246504932294926427e+01 1.216876035457149730e+00 7.605564532679709444e-02
1.251504932294926320e+01 1.222719655429818308e+00 7.060312227908192850e-02
1.256504932294926391e+01 1.225587341170608191e+00 9.298699259994618049e-02
1.261504932294926462e+01 1.225719194724701699e+00 9.595806087305537579e-02
1.266504932294926355e+01 1.223357407346699510e+00 6.823854494940627402e-02
1.271504932294926427e+01 1.218744170291203632e+00 8.155014474766150712e-02
1.276504932294926320e+01 1.212121674812814298e+00 9.275522806710072288e-02
1.281504932294926391e+01 1.203732112166133739e+00 8.206979703027794670e-02
1.286504932294926462e+01 1.193817673605762630e+00 7.348681450334849929e-02
1.291504932294926355e+01 1.182620550386302760e+00 8.210217253867434228e-02
1.296504932294926427e+01 1.170382933762355027e+00 1.032835664821464272e-01
1.301504932294926498e+01 1.157347014988520773e+00 9.459274801078741690e-02
1.306504932294926391e+01 1.143754985319401341e+00 1.122996715699872555e-01
1.311504932294926462e+01 1.129849036009598295e+00 8.958287481456192469e-02
1.316504932294926533e+01 1.115871358313711648e+00 8.365384386130024497e-02
1.321504932294926427e+01 1.102064143486344738e+00 1.095621421899414388e-01
1.326504932294926498e+01 1.088669183104162608e+00 9.582932222330274585e-02
1.331504932294926391e+01 1.075855061755072395e+00 8.483293608769122696e-02
1.336504932294926462e+01 1.063632356152368619e+00 9.165846260716115079e-02
1.341504932294926533e+01 1.051991065395372793e+00 1.422629136623339841e-01
1.346504932294926427e+01 1.040921188583406654e+00 1.131617110010864347e-01
1.351504932294926498e+01 1.030412724815791270e+00 1.059032369776114896e-01
1.356504932294926391e+01 1.020455673191848378e+00 1.099936800932065639e-01
1.361504932294926462e+01 1.011040032810899270e+00 8.200729886675285629e-02
1.366504932294926533e+01 1.002155802772265236e+00 1.104866960668788728e-01
1.371504932294926427e+01 9.937929821752682358e-01 1.239668460149690038e-01
1.376504932294926498e+01 9.859415701192293380e-01 1.193995105289621661e-01
1.381504932294926569e+01 9.785915657034701676e-01 1.047571137588168416e-01
1.386504932294926462e+01 9.717329680273121273e-01 1.232361207960505495e-01
1.391504932294926533e+01 9.653557761900765088e-01 9.448965965850862625e-02
1.396504932294926604e+01 9.594499892910846039e-01 1.210791632240825200e-01
1.401504932294926498e+01 9.540056064296588145e-01 2.358084118796675843e-01
1.406504932294926569e+01 9.490126267051197662e-01 1.551870393109800739e-01
1.411504932294926462e+01 9.444610492167891946e-01 1.133024671389242372e-01
1.416504932294926533e+01 9.403408730639883917e-01 1.058678722056145827e-01
1.421504932294926604e+01 9.366420973460388710e-01 1.002423822070460102e-01
1.426504932294926498e+01 9.333547211622621464e-01 1.093136785785785575e-01
1.431504932294926569e+01 9.304687436119797317e-01 9.498557664233610309e-02
1.436504932294926462e+01 9.279741637945126964e-01 1.146971972818538188e-01
1.441504932294926533e+01 9.258609808091829985e-01 1.077492442419222124e-01
1.446504932294926604e+01 9.241191937553120406e-01 1.129660789296381279e-01
1.451504932294926498e+01 9.227388017322208924e-01 1.189112250984745295e-01
1.456504932294926569e+01 9.217098038392316228e-01 1.036157083463979528e-01
1.461504932294926640e+01 9.210221991756650795e-01 1.386690837380718799e-01
1.466504932294926533e+01 9.206659868408429981e-01 1.222957572138046040e-01
1.471504932294926604e+01 9.206311659340867815e-01 1.642904728732668684e-01
1.476504932294926675e+01 9.209077355547180543e-01 1.183457585160495040e-01
1.481504932294926569e+01 9.214856948020578864e-01 1.154785318598156585e-01
1.486504932294926640e+01 9.223550427754279024e-01 1.049766549592868747e-01
1.491504932294926533e+01 9.235057785741499492e-01 1.538294724257962265e-01
1.496504932294926604e+01 9.249279012975449854e-01 1.001042819566071856e-01
1.501504932294926675e+01 9.266114100449347468e-01 1.543241611892679777e-01
1.506504932294926569e+01 9.285463039156406362e-01 1.547158472546875108e-01
1.511504932294926640e+01 9.307225820089839452e-01 1.674084889358573858e-01
1.516504932294926533e+01 9.331302434242862986e-01 2.452753084516738347e-01
1.521504932294926604e+01 9.357592872608689882e-01 1.959933069372931935e-01
1.526504932294926675e+01 9.385997126180538608e-01 1.175588141215397481e-01
1.531504932294926569e+01 9.416415185951618749e-01 1.122415962096241920e-01
1.536504932294926640e+01 9.448747042915147665e-01 1.952722491446807762e-01
1.541504932294926711e+01 9.482892688064339382e-01 1.716692640469757170e-01
1.546504932294926604e+01 9.518752112392409037e-01 1.317334761164737911e-01
1.551504932294926675e+01 9.556225306892571769e-01 3.461947183757286828e-01
1.556504932294926746e+01 9.595212262558039384e-01 2.769586988277419892e-01
1.561504932294926640e+01 9.635612970382028131e-01 1.404147842701504723e-01
1.566504932294926711e+01 9.677327421357753146e-01 2.826456742082050222e-01
1.571504932294926604e+01 9.720255606478427346e-01 1.124362768724637973e-01
1.576504932294926675e+01 9.764297516737269200e-01 1.277940218613864143e-01
1.581504932294926746e+01 9.809353143127487185e-01 2.624431214650354560e-01
1.586504932294926640e+01 9.855322476642300877e-01 1.165464065510776331e-01
1.591504932294926711e+01 9.902105508274924306e-01 1.434955606240892467e-01
1.596504932294926604e+01 9.949602229018565946e-01 1.468579516041854938e-01
1.601504932294926675e+01 9.997712629866452039e-01 1.114514062350352996e-01
1.606504932294926746e+01 1.004633670181178662e+00 1.822378083195127230e-01
1.611504932294926817e+01 1.009537443584779037e+00 1.766631644801119061e-01
1.616504932294926888e+01 1.014472582296767289e+00 2.182901224640275140e-01
1.621504932294926959e+01 1.019429085416465375e+00 1.851717511909757030e-01
1.626504932294926675e+01 1.024396952043194142e+00 1.356247583065280649e-01
1.631504932294926746e+01 1.029366181276275549e+00 1.674123521065042364e-01
1.636504932294926817e+01 1.034326772215031109e+00 1.427057032845888140e-01
1.641504932294926888e+01 1.039268723958782115e+00 2.428418086114315089e-01
1.646504932294926959e+01 1.044182035606850079e+00 1.403917148015596250e-01
1.651504932294926675e+01 1.049056706258555849e+00 1.626204440602767309e-01
1.656504932294926746e+01 1.053882735013221605e+00 1.574118868939592686e-01
1.661504932294926817e+01 1.058650120970169084e+00 1.543933816480683452e-01
1.666504932294926888e+01 1.063348863228719132e+00 1.633183536672319081e-01
1.671504932294926604e+01 1.067968960888192820e+00 1.321304895881845742e-01
1.676504932294926675e+01 1.072500413047912549e+00 1.454574993489571588e-01
1.681504932294926746e+01 1.076933218807199388e+00 1.587790103214024029e-01
1.686504932294926817e+01 1.081257377265374853e+00 1.384253199479497931e-01
1.691504932294926888e+01 1.085462887521760234e+00 2.036616402589542241e-01
1.696504932294926604e+01 1.089539748675676822e+00 1.819741734969249070e-01
1.701504932294926675e+01 1.093477959826446577e+00 1.780089067842222650e-01
1.706504932294926746e+01 1.097267520073390568e+00 1.668469621446455886e-01
1.711504932294926817e+01 1.100898428515830307e+00 2.302711368533989778e-01
1.716504932294926888e+01 1.104360684253087754e+00 2.710872226601358514e-01
1.721504932294926959e+01 1.107644286384483534e+00 2.427611056059905681e-01
1.726504932294926675e+01 1.110739234009339382e+00 1.598468132759871263e-01
1.731504932294926746e+01 1.113635526226977257e+00 2.207392582056186825e-01
1.736504932294926817e+01 1.116323162136718006e+00 1.803375208142982411e-01
1.741504932294926888e+01 1.118792140837883364e+00 1.516493405144146156e-01
1.746504932294926959e+01 1.121032461429795068e+00 1.457235207039414282e-01
1.751504932294926675e+01 1.123034123011773744e+00 2.661788959020031098e-01
1.756504932294926746e+01 1.124787124683141792e+00 1.535562833083051193e-01
1.761504932294926817e+01 1.126281465543220062e+00 1.534308911228712546e-01
1.766504932294926888e+01 1.127507144691330065e+00 1.546235929459421621e-01
1.771504932294926959e+01 1.128454161226793540e+00 2.238276906140060918e-01
1.776504932294927031e+01 1.129112514248931998e+00 1.586065040749199129e-01
1.781504932294926746e+01 1.129472202857066065e+00 1.586511394179452861e-01
1.786504932294926817e+01 1.129523226150518145e+00 1.611274751716691989e-01
1.791504932294926888e+01 1.129255583228609527e+00 1.628891985436160539e-01
1.796504932294926959e+01 1.128659273190661283e+00 1.674216910864511354e-01
1.801504932294927031e+01 1.127724295135995147e+00 1.710217464271757137e-01
1.806504932294926746e+01 1.126440648163932634e+00 1.676396787777738040e-01
1.811504932294926817e+01 1.124798331373795035e+00 1.766794454231609413e-01
1.816504932294926888e+01 1.122787343864903642e+00 1.846703314733195433e-01
1.821504932294926959e+01 1.120397684736580413e+00 1.721854383207113703e-01
1.826504932294927031e+01 1.117619353088146195e+00 1.947649073301970790e-01
1.831504932294926746e+01 1.114442348018923390e+00 1.716527714335761845e-01
1.836504932294926817e+01 1.110856668628232402e+00 3.328594152537963646e-01
1.841504932294926888e+01 1.106852314015394745e+00 1.802172491700319290e-01
1.846504932294926959e+01 1.102419283279732820e+00 1.801502967733610572e-01
1.851504932294927031e+01 1.097547575520567475e+00 1.977258683849698884e-01
1.856504932294926746e+01 1.092227189837220225e+00 2.648646112685592580e-01
1.861504932294926817e+01 1.086448125329012138e+00 1.877159700479995585e-01
1.866504932294926888e+01 1.080200381095265172e+00 1.955603943811554946e-01
1.871504932294926959e+01 1.073473956235300841e+00 2.975368059215204308e-01
1.876504932294927031e+01 1.066258849848440216e+00 1.884822421774123014e-01
1.881504932294927102e+01 1.058545061034005030e+00 2.923079820422215813e-01
1.886504932294926817e+01 1.050322588891317022e+00 2.749509683584388520e-01
1.891504932294926888e+01 1.041581432519697259e+00 1.941762193971060257e-01
1.896504932294926959e+01 1.032311591018466590e+00 2.852689345599860316e-01
1.901504932294927031e+01 1.022503063486947639e+00 2.663102542564378394e-01
1.906504932294927102e+01 1.012145849024461031e+00 1.986166908108349394e-01
1.911504932294926817e+01 1.001229946730329168e+00 3.366212683871502298e-01
1.916504932294926888e+01 9.897453557038722316e-01 3.070815522322850044e-01
1.921504932294926959e+01 9.776820750444121799e-01 2.076108075951046128e-01
1.926504932294927031e+01 9.650301038512709706e-01 2.223110951874203989e-01
1.931504932294927102e+01 9.517794412237694512e-01 3.081650032652192284e-01
1.936504932294927173e+01 9.379200862612291356e-01 2.093398804851943351e-01
1.941504932294926888e+01 9.234420380629728697e-01 3.681787617293289516e-01
1.946504932294926959e+01 9.083352957283199469e-01 2.163739369108610699e-01
1.951504932294927031e+01 8.925898583565927691e-01 2.282451126013194109e-01
1.956504932294927102e+01 8.761957250471127390e-01 2.330324979356156179e-01
1.961504932294927173e+01 8.591428948992012593e-01 2.264905615376711923e-01
1.966504932294926888e+01 8.414213670121813982e-01 2.769528576518516250e-01
1.971504932294926959e+01 8.230211404853717827e-01 5.181594154251312201e-01
1.976504932294927031e+01 8.039322144180950369e-01 2.299167263221441049e-01
1.981504932294927102e+01 7.841445879096728966e-01 2.306849453324924526e-01
1.986504932294927173e+01 7.636482600594267645e-01 4.031949607869266816e-01
1.991504932294926888e+01 7.424332299666795976e-01 2.466370854654564293e-01
1.996504932294926959e+01 7.204894967307495790e-01 6.340647312939701186e-01
2.001504932294927031e+01 6.978070594509602209e-01 3.482792265514514374e-01
2.006504932294927102e+01 6.743759172266323709e-01 2.506591736059797793e-01
2.011504932294927173e+01 6.501860691570878759e-01 5.239542437329354208e-01
