VERSION:    3.1
ELEMENTS:              1
DATE:       MAR 11, 2010 05:31:59.110
CHANNELS:           4000
ROIS:        0
REAL_TIME:   1813.3699951
LIVE_TIME:   1800.3900146
CAL_OFFSET:  8.8112198e-002
CAL_SLOPE:   3.1493530e-002
CAL_QUAD:    0.0000000e+000
TWO_THETA:   9.9946346
DATA: 
 0
 0
 0
 0
 0
 0
 0
 0
 0
 0
 0
 0
 0
 0
 0
 0
 0
 0
 0
 0
 0
 0
 0
 0
 0
 0
 0
 0
 0
 0
 0
 0
 0
 0
 0
 0
 0
 0
 0
 0
 0
 0
 0
 0
 0
 0
 0
 0
 0
 0
 0
 0
 0
 0
 0
 0
 0
 0
 0
 0
 0
 0
 0
 0
 0
 0
 0
 0
 0
 0
 1
 11
 13
 22
 11
 13
 12
 12
 10
 14
 9
 17
 7
 3
 10
 14
 15
 11
 11
 11
 13
 8
 19
 15
 11
 8
 14
 15
 10
 19
 16
 14
 15
 11
 21
 11
 18
 15
 17
 13
 13
 20
 11
 14
 13
 18
 19
 10
 7
 9
 19
 17
 19
 16
 18
 14
 14
 17
 15
 14
 13
 17
 16
 23
 18
 15
 15
 23
 18
 7
 13
 17
 15
 21
 19
 25
 20
 18
 17
 27
 23
 16
 22
 16
 21
 10
 25
 28
 22
 18
 19
 20
 25
 29
 21
 17
 22
 24
 22
 19
 19
 31
 17
 22
 23
 26
 24
 24
 28
 38
 25
 31
 34
 26
 36
 33
 26
 29
 34
 24
 38
 29
 24
 33
 30
 35
 36
 42
 24
 29
 45
 34
 29
 34
 40
 37
 43
 42
 31
 34
 45
 31
 31
 46
 34
 41
 31
 33
 34
 26
 38
 30
 41
 37
 49
 45
 37
 33
 42
 45
 46
 51
 50
 65
 46
 51
 51
 58
 63
 60
 53
 53
 43
 32
 51
 41
 55
 34
 38
 30
 40
 34
 31
 38
 43
 41
 43
 40
 36
 40
 42
 48
 47
 39
 40
 41
 32
 40
 48
 26
 38
 39
 33
 48
 52
 34
 36
 34
 35
 48
 35
 36
 28
 37
 40
 39
 44
 49
 31
 35
 37
 36
 43
 40
 30
 41
 50
 40
 40
 41
 39
 45
 61
 47
 36
 52
 45
 50
 47
 37
 53
 48
 37
 44
 52
 36
 46
 61
 51
 51
 47
 49
 34
 39
 41
 37
 52
 34
 50
 38
 52
 47
 49
 37
 40
 50
 40
 59
 54
 43
 38
 49
 44
 46
 47
 44
 38
 53
 50
 32
 48
 62
 37
 48
 44
 50
 43
 41
 49
 49
 49
 30
 37
 42
 44
 56
 49
 41
 59
 52
 39
 40
 39
 37
 52
 49
 64
 47
 44
 58
 46
 48
 51
 43
 62
 39
 46
 54
 51
 47
 56
 47
 52
 40
 45
 52
 51
 44
 54
 43
 55
 55
 49
 49
 48
 52
 40
 42
 44
 49
 47
 50
 50
 49
 53
 46
 56
 48
 53
 61
 52
 48
 46
 63
 60
 73
 56
 50
 47
 55
 61
 55
 58
 42
 75
 65
 64
 61
 58
 69
 62
 52
 67
 49
 70
 60
 59
 58
 64
 62
 62
 80
 82
 63
 95
 71
 72
 64
 76
 84
 82
 93
 71
 82
 82
 94
 86
 83
 76
 95
 106
 93
 103
 95
 95
 126
 117
 105
 94
 89
 114
 109
 128
 91
 132
 131
 121
 120
 118
 124
 148
 155
 182
 191
 178
 202
 184
 212
 208
 197
 215
 177
 198
 179
 153
 166
 154
 166
 170
 148
 158
 162
 174
 176
 183
 179
 185
 218
 212
 192
 181
 202
 206
 209
 234
 206
 210
 221
 233
 239
 202
 247
 242
 260
 230
 239
 224
 265
 279
 262
 294
 287
 278
 283
 315
 317
 365
 390
 421
 436
 400
 442
 436
 441
 410
 358
 403
 345
 315
 314
 307
 293
 272
 268
 283
 276
 266
 255
 280
 262
 281
 286
 268
 266
 267
 261
 247
 275
 261
 252
 241
 286
 256
 269
 240
 279
 276
 284
 301
 283
 247
 279
 262
 298
 283
 290
 304
 267
 305
 303
 300
 305
 296
 279
 321
 329
 296
 304
 315
 287
 312
 301
 315
 369
 323
 334
 373
 349
 367
 374
 391
 381
 371
 362
 368
 377
 346
 345
 330
 363
 292
 361
 339
 368
 354
 360
 410
 359
 382
 375
 359
 390
 391
 401
 351
 334
 399
 371
 428
 392
 423
 427
 402
 377
 386
 424
 413
 413
 389
 435
 447
 413
 437
 464
 448
 438
 453
 453
 422
 444
 452
 424
 429
 440
 440
 470
 432
 471
 431
 452
 456
 443
 481
 471
 452
 457
 468
 466
 422
 440
 443
 480
 477
 472
 450
 481
 473
 494
 486
 496
 473
 468
 490
 498
 493
 497
 465
 465
 482
 472
 512
 473
 456
 511
 466
 506
 483
 477
 491
 520
 486
 464
 462
 474
 483
 476
 443
 521
 477
 473
 516
 528
 455
 497
 513
 515
 475
 478
 492
 512
 493
 487
 483
 513
 468
 491
 525
 509
 508
 514
 528
 485
 494
 505
 486
 497
 516
 519
 477
 509
 469
 501
 507
 469
 475
 503
 477
 503
 522
 538
 509
 532
 498
 533
 523
 471
 529
 565
 542
 523
 523
 524
 496
 530
 549
 521
 523
 570
 499
 560
 555
 561
 561
 566
 561
 558
 575
 580
 507
 563
 562
 507
 544
 582
 572
 570
 565
 627
 570
 559
 615
 607
 560
 653
 621
 633
 638
 642
 607
 582
 620
 625
 567
 650
 602
 621
 676
 664
 594
 618
 658
 644
 666
 573
 682
 648
 629
 648
 618
 639
 660
 646
 636
 622
 650
 663
 619
 651
 641
 617
 651
 635
 657
 640
 665
 649
 650
 690
 628
 670
 623
 614
 657
 674
 685
 618
 643
 644
 685
 631
 604
 640
 643
 638
 639
 637
 657
 609
 691
 636
 643
 672
 634
 672
 659
 625
 644
 663
 649
 606
 591
 624
 651
 637
 679
 687
 632
 635
 659
 632
 640
 645
 661
 609
 623
 669
 629
 644
 620
 604
 612
 666
 642
 603
 651
 648
 641
 618
 638
 600
 574
 619
 639
 649
 613
 617
 628
 616
 634
 697
 640
 635
 573
 638
 614
 599
 546
 607
 586
 634
 589
 595
 616
 598
 599
 552
 622
 586
 631
 582
 607
 549
 584
 558
 592
 566
 586
 607
 578
 584
 532
 596
 597
 570
 580
 521
 612
 592
 608
 572
 567
 558
 555
 565
 595
 543
 562
 564
 522
 557
 552
 527
 545
 538
 552
 566
 563
 534
 523
 511
 544
 511
 581
 557
 532
 542
 530
 531
 524
 532
 512
 524
 548
 537
 575
 492
 522
 548
 550
 513
 518
 536
 545
 506
 544
 539
 505
 529
 524
 464
 479
 511
 575
 464
 518
 492
 499
 507
 506
 480
 497
 519
 516
 498
 479
 507
 514
 505
 484
 463
 456
 491
 512
 446
 468
 471
 508
 491
 526
 547
 486
 506
 530
 472
 497
 471
 479
 461
 476
 458
 496
 516
 520
 477
 461
 500
 463
 488
 507
 486
 504
 479
 482
 468
 464
 466
 496
 468
 458
 462
 470
 466
 486
 468
 468
 484
 485
 507
 444
 462
 478
 452
 449
 448
 488
 467
 435
 447
 435
 485
 477
 453
 428
 448
 462
 446
 466
 487
 502
 481
 425
 428
 409
 463
 481
 473
 453
 467
 447
 413
 423
 443
 433
 463
 438
 413
 416
 421
 405
 442
 457
 442
 434
 466
 407
 413
 436
 441
 424
 484
 417
 419
 438
 462
 446
 448
 394
 399
 454
 410
 445
 425
 435
 392
 430
 416
 481
 422
 432
 397
 456
 394
 398
 439
 398
 412
 394
 403
 425
 386
 448
 402
 450
 402
 389
 393
 406
 381
 384
 417
 389
 397
 408
 397
 406
 387
 395
 450
 396
 407
 424
 444
 415
 384
 400
 374
 387
 422
 401
 406
 414
 420
 383
 418
 384
 423
 385
 417
 388
 376
 441
 355
 420
 407
 374
 390
 410
 374
 411
 357
 404
 345
 378
 383
 394
 417
 355
 389
 379
 385
 372
 411
 395
 390
 328
 383
 372
 377
 389
 415
 392
 360
 352
 373
 382
 375
 402
 418
 353
 336
 385
 371
 399
 372
 376
 390
 365
 408
 409
 393
 383
 403
 383
 403
 391
 371
 410
 363
 386
 382
 380
 372
 357
 363
 379
 361
 397
 392
 369
 402
 381
 382
 390
 379
 407
 379
 388
 385
 379
 362
 368
 399
 345
 358
 394
 377
 353
 402
 350
 387
 358
 373
 397
 429
 373
 367
 363
 365
 367
 347
 391
 377
 372
 402
 363
 336
 387
 395
 389
 346
 332
 375
 359
 349
 363
 383
 365
 359
 375
 348
 350
 345
 380
 372
 326
 332
 356
 330
 368
 376
 375
 361
 361
 328
 370
 397
 359
 330
 352
 337
 331
 323
 333
 322
 340
 360
 333
 344
 341
 304
 352
 319
 331
 315
 336
 335
 286
 307
 315
 344
 360
 308
 308
 319
 333
 343
 353
 314
 331
 297
 325
 297
 291
 317
 330
 313
 268
 299
 334
 302
 344
 337
 312
 316
 302
 298
 333
 330
 317
 288
 353
 283
 281
 302
 315
 273
 273
 302
 287
 303
 343
 300
 281
 318
 291
 306
 312
 301
 280
 298
 276
 266
 321
 293
 320
 282
 278
 263
 325
 281
 281
 271
 287
 280
 266
 298
 250
 256
 294
 257
 316
 294
 285
 279
 286
 291
 294
 251
 303
 260
 266
 262
 264
 275
 254
 272
 296
 286
 270
 282
 272
 244
 285
 269
 260
 254
 273
 274
 256
 265
 265
 283
 276
 254
 261
 263
 250
 261
 234
 297
 268
 254
 221
 243
 282
 294
 276
 233
 275
 270
 270
 250
 260
 251
 287
 239
 253
 262
 252
 272
 234
 271
 247
 264
 279
 241
 248
 227
 269
 230
 269
 295
 236
 280
 252
 237
 235
 242
 260
 280
 259
 270
 275
 251
 250
 272
 241
 219
 264
 246
 256
 236
 250
 252
 242
 228
 214
 234
 256
 231
 245
 222
 264
 249
 232
 248
 269
 224
 262
 248
 236
 244
 265
 283
 235
 223
 232
 243
 210
 243
 230
 236
 251
 247
 258
 239
 241
 266
 249
 235
 182
 232
 216
 226
 222
 215
 247
 220
 217
 234
 218
 237
 260
 239
 230
 229
 204
 231
 235
 239
 245
 266
 220
 225
 217
 209
 225
 222
 231
 210
 224
 202
 208
 267
 218
 243
 217
 242
 238
 239
 209
 212
 204
 227
 245
 235
 207
 249
 235
 245
 220
 233
 211
 224
 220
 215
 200
 202
 230
 211
 193
 196
 215
 239
 191
 199
 217
 223
 235
 195
 235
 253
 212
 209
 202
 205
 235
 244
 205
 194
 204
 223
 217
 208
 207
 205
 199
 200
 215
 206
 228
 217
 230
 215
 173
 196
 227
 200
 206
 235
 200
 218
 183
 226
 191
 211
 225
 206
 213
 206
 191
 213
 193
 206
 183
 175
 191
 178
 200
 204
 204
 186
 176
 199
 211
 168
 193
 217
 196
 200
 194
 206
 210
 176
 187
 174
 198
 211
 213
 210
 209
 200
 197
 189
 180
 181
 182
 197
 205
 165
 201
 183
 207
 190
 199
 189
 192
 180
 193
 192
 167
 183
 186
 176
 207
 175
 193
 201
 179
 196
 155
 177
 191
 188
 190
 147
 192
 168
 188
 162
 206
 172
 194
 182
 165
 191
 198
 175
 171
 189
 184
 166
 191
 203
 187
 178
 185
 191
 180
 158
 161
 167
 175
 170
 165
 179
 183
 187
 175
 202
 173
 165
 180
 205
 183
 168
 153
 173
 157
 182
 171
 166
 159
 179
 172
 168
 170
 191
 164
 187
 141
 163
 176
 169
 165
 172
 170
 168
 161
 180
 183
 188
 190
 164
 182
 171
 152
 166
 155
 163
 177
 166
 174
 150
 164
 181
 150
 173
 163
 184
 184
 159
 156
 164
 147
 174
 165
 175
 171
 155
 170
 172
 152
 130
 172
 147
 155
 163
 172
 139
 160
 158
 167
 170
 139
 168
 176
 172
 144
 176
 174
 144
 142
 151
 180
 133
 146
 146
 159
 165
 142
 164
 150
 134
 161
 149
 175
 162
 173
 154
 173
 183
 176
 180
 166
 186
 165
 162
 145
 161
 153
 153
 152
 172
 137
 167
 162
 144
 156
 131
 113
 160
 168
 134
 152
 169
 153
 144
 141
 136
 150
 136
 167
 139
 138
 158
 145
 127
 125
 142
 140
 135
 151
 156
 145
 143
 169
 131
 140
 135
 154
 130
 153
 137
 147
 139
 146
 130
 141
 154
 146
 138
 136
 137
 147
 142
 132
 155
 137
 122
 152
 112
 125
 132
 138
 133
 121
 139
 141
 148
 146
 158
 139
 139
 129
 114
 141
 126
 133
 125
 131
 134
 121
 137
 125
 124
 129
 120
 131
 139
 130
 124
 103
 135
 124
 136
 111
 146
 127
 119
 125
 129
 130
 129
 147
 127
 120
 127
 104
 143
 134
 129
 137
 144
 139
 120
 123
 121
 118
 121
 101
 149
 121
 135
 124
 137
 138
 132
 122
 137
 106
 144
 138
 99
 120
 135
 120
 131
 133
 119
 104
 128
 122
 129
 102
 118
 134
 119
 142
 129
 116
 111
 104
 141
 128
 139
 114
 123
 123
 127
 130
 132
 138
 124
 121
 111
 122
 127
 125
 121
 115
 108
 112
 125
 116
 140
 108
 123
 139
 124
 109
 121
 136
 107
 121
 116
 130
 134
 134
 122
 118
 136
 119
 137
 100
 141
 102
 111
 123
 138
 121
 120
 125
 120
 102
 101
 104
 124
 129
 126
 110
 122
 108
 129
 107
 105
 97
 107
 122
 110
 103
 125
 120
 118
 118
 120
 110
 118
 118
 108
 113
 131
 133
 117
 103
 109
 132
 118
 126
 103
 110
 113
 131
 107
 107
 91
 119
 104
 115
 112
 116
 120
 103
 104
 117
 105
 110
 110
 101
 99
 107
 94
 103
 104
 86
 103
 107
 113
 99
 110
 93
 103
 90
 103
 90
 99
 91
 84
 88
 97
 98
 101
 84
 94
 110
 95
 99
 94
 86
 107
 103
 94
 98
 89
 96
 85
 86
 99
 99
 86
 93
 83
 102
 93
 89
 93
 81
 86
 106
 75
 77
 81
 92
 78
 94
 70
 85
 80
 79
 76
 78
 75
 79
 76
 67
 58
 69
 62
 79
 66
 61
 70
 64
 80
 70
 66
 55
 53
 74
 79
 70
 58
 62
 73
 64
 73
 68
 44
 66
 63
 72
 72
 64
 69
 61
 75
 61
 57
 67
 54
 67
 66
 68
 61
 73
 56
 57
 69
 53
 65
 61
 46
 61
 69
 66
 75
 69
 43
 60
 56
 60
 67
 53
 79
 57
 76
 75
 69
 53
 58
 63
 64
 53
 60
 68
 63
 69
 70
 66
 56
 55
 55
 77
 52
 70
 52
 58
 68
 62
 53
 62
 67
 62
 66
 48
 58
 68
 52
 62
 74
 50
 63
 63
 48
 62
 69
 56
 52
 64
 50
 60
 59
 69
 60
 62
 51
 58
 61
 48
 50
 58
 62
 57
 46
 60
 57
 45
 50
 47
 44
 51
 62
 58
 55
 53
 61
 65
 62
 54
 43
 61
 62
 53
 56
 58
 42
 51
 49
 46
 66
 62
 59
 46
 40
 42
 44
 41
 61
 54
 55
 68
 46
 48
 63
 54
 52
 50
 62
 48
 50
 60
 44
 48
 53
 54
 45
 61
 50
 51
 39
 44
 45
 46
 61
 47
 54
 41
 45
 41
 48
 45
 41
 45
 48
 52
 51
 44
 45
 54
 43
 64
 51
 43
 42
 45
 51
 45
 47
 40
 47
 37
 52
 37
 42
 43
 46
 41
 48
 50
 47
 36
 42
 49
 41
 46
 49
 45
 53
 45
 41
 39
 52
 38
 45
 50
 38
 39
 50
 48
 39
 44
 40
 35
 49
 35
 48
 56
 44
 38
 43
 36
 44
 54
 45
 28
 45
 53
 41
 33
 52
 46
 53
 45
 45
 43
 47
 34
 43
 47
 41
 35
 42
 43
 40
 54
 42
 37
 38
 43
 49
 34
 43
 39
 37
 39
 35
 44
 31
 47
 42
 36
 37
 40
 41
 34
 40
 36
 41
 28
 41
 40
 37
 52
 38
 45
 41
 40
 36
 41
 42
 42
 37
 40
 31
 31
 45
 42
 43
 40
 35
 41
 42
 48
 37
 34
 43
 46
 39
 30
 36
 41
 37
 35
 36
 33
 44
 33
 42
 38
 33
 40
 48
 39
 52
 41
 53
 41
 46
 29
 36
 41
 42
 47
 32
 36
 33
 41
 38
 55
 30
 41
 36
 48
 36
 34
 38
 34
 51
 31
 39
 34
 38
 38
 36
 40
 42
 32
 44
 42
 35
 38
 50
 44
 31
 37
 39
 35
 32
 33
 31
 32
 40
 37
 44
 34
 34
 40
 29
 35
 42
 41
 32
 38
 34
 30
 33
 35
 31
 40
 35
 33
 37
 39
 34
 30
 26
 25
 30
 36
 46
 31
 31
 34
 33
 32
 53
 19
 31
 43
 35
 23
 25
 31
 28
 38
 28
 28
 30
 25
 39
 25
 43
 37
 34
 28
 30
 21
 35
 35
 24
 30
 22
 26
 29
 35
 23
 33
 25
 22
 38
 41
 33
 36
 32
 29
 30
 43
 31
 33
 39
 22
 28
 29
 27
 29
 34
 35
 29
 38
 32
 30
 26
 45
 33
 30
 20
 44
 39
 27
 26
 33
 27
 41
 32
 19
 28
 28
 27
 26
 33
 23
 29
 24
 24
 34
 30
 25
 24
 29
 21
 41
 31
 21
 37
 31
 33
 33
 25
 32
 32
 24
 23
 21
 30
 29
 22
 26
 26
 30
 20
 27
 30
 34
 27
 33
 25
 30
 26
 31
 31
 19
 19
 23
 22
 25
 22
 27
 32
 29
 28
 26
 31
 28
 27
 34
 21
 24
 24
 28
 35
 23
 36
 33
 28
 18
 18
 26
 29
 21
 22
 26
 26
 28
 17
 26
 22
 21
 24
 33
 28
 20
 23
 19
 30
 20
 23
 27
 29
 30
 28
 25
 21
 27
 24
 21
 22
 19
 27
 31
 24
 22
 24
 32
 22
 41
 18
 23
 26
 29
 26
 28
 21
 22
 22
 15
 13
 20
 29
 20
 29
 18
 18
 18
 28
 30
 21
 25
 20
 24
 19
 28
 18
 18
 26
 18
 29
 27
 19
 26
 18
 19
 34
 25
 20
 13
 19
 22
 29
 26
 21
 27
 12
 16
 21
 17
 22
 22
 20
 23
 21
 30
 19
 14
 21
 14
 23
 23
 25
 20
 18
 19
 17
 24
 12
 25
 17
 17
 21
 19
 24
 23
 17
 17
 21
 32
 15
 19
 19
 23
 18
 19
 17
 25
 21
 16
 24
 21
 20
 18
 26
 12
 20
 16
 23
 26
 22
 24
 20
 16
 25
 15
 17
 29
 20
 15
 25
 19
 21
 9
 15
 20
 15
 16
 14
 17
 21
 16
 12
 10
 22
 17
 22
 22
 17
 16
 16
 12
 24
 17
 19
 22
 20
 16
 21
 20
 12
 26
 22
 16
 17
 17
 20
 13
 17
 22
 13
 17
 18
 22
 10
 25
 15
 16
 17
 20
 21
 25
 15
 14
 12
 14
 15
 25
 18
 26
 27
 26
 20
 12
 11
 23
 10
 18
 14
 18
 19
 18
 15
 16
 18
 20
 12
 12
 19
 14
 20
 13
 12
 14
 8
 14
 13
 11
 20
 13
 13
 14
 14
 16
 17
 19
 19
 19
 25
 6
 15
 12
 14
 12
 19
 15
 13
 13
 16
 17
 21
 16
 19
 12
 18
 24
 20
 16
 16
 8
 17
 8
 13
 20
 25
 12
 20
 12
 15
 16
 10
 11
 12
 19
 15
 13
 20
 12
 18
 17
 12
 17
 13
 18
 20
 13
 9
 11
 18
 22
 9
 10
 12
 12
 24
 18
 11
 11
 12
 14
 20
 15
 16
 11
 19
 14
 11
 13
 18
 14
 8
 13
 12
 17
 8
 20
 12
 8
 20
 13
 16
 13
 21
 13
 9
 15
 16
 12
 13
 14
 11
 8
 18
 14
 7
 29
 18
 16
 14
 12
 13
 18
 13
 7
 12
 12
 17
 5
 8
 12
 14
 12
 13
 10
 9
 6
 13
 10
 14
 10
 13
 11
 12
 14
 10
 5
 12
 20
 19
 7
 9
 18
 16
 12
 14
 9
 14
 10
 16
 10
 10
 9
 10
 17
 10
 17
 17
 11
 18
 10
 11
 12
 6
 8
 15
 14
 8
 17
 17
 11
 14
 12
 16
 14
 12
 14
 12
 13
 10
 11
 11
 19
 11
 13
 9
 9
 7
 11
 8
 13
 12
 13
 8
 13
 13
 11
 8
 10
 14
 9
 14
 12
 12
 13
 8
 13
 12
 8
 21
 8
 11
 12
 13
 10
 13
 8
 6
 12
 17
 11
 11
 13
 13
 13
 18
 8
 11
 5
 14
 9
 13
 11
 9
 13
 5
 10
 7
 9
 11
 11
 8
 13
 14
 16
 17
 12
 8
 9
 10
 12
 8
 8
 12
 15
 6
 8
 7
 14
 11
 12
 8
 12
 5
 9
 8
 9
 4
 4
 11
 8
 12
 11
 2
 5
 12
 11
 11
 9
 10
 9
 12
 6
 12
 10
 13
 9
 10
 10
 5
 10
 9
 10
 5
 13
 9
 14
 10
 14
 11
 6
 14
 11
 8
 8
 13
 5
 9
 11
 8
 10
 7
 10
 9
 12
 8
 6
 14
 9
 8
 7
 6
 3
 8
 7
 9
 7
 8
 3
 17
 2
 5
 7
 5
 7
 8
 6
 11
 11
 6
 5
 7
 7
 9
 11
 7
 4
 6
 4
 5
 10
 5
 5
 10
 6
 11
 5
 13
 11
 15
 6
 9
 9
 14
 4
 8
 5
 8
 5
 11
 9
 7
 10
 8
 10
 5
 11
 6
 5
 6
 12
 11
 6
 8
 9
 6
 5
 6
 3
 11
 8
 12
 6
 8
 10
 4
 7
 4
 13
 9
 7
 4
 1
 2
 11
 5
 9
 7
 7
 10
 7
 5
 4
 5
 5
 6
 5
 7
 7
 6
 5
 8
 5
 10
 5
 10
 8
 10
 6
 10
 10
 9
 11
 13
 4
 6
 9
 7
 5
 4
 8
 5
 9
 6
 7
 5
 3
 4
 10
 11
 4
 7
 2
 5
 7
 6
 8
 10
 10
 3
 14
 3
 9
 8
 5
 10
 4
 6
 7
 8
 8
 5
 8
 8
 7
 12
 11
 9
 8
 8
 6
 6
 7
 3
 3
 7
 10
 7
 10
 5
 6
 10
 10
 3
 9
 5
 7
 1
 4
 13
 3
 3
 8
 5
 4
 3
 5
 5
 2
 7
 6
 4
 3
 4
 4
 9
 4
 3
 6
 7
 7
 6
 8
 9
 9
 2
 4
 7
 3
 2
 6
 2
 4
 5
 5
 5
 5
 6
 5
 5
 7
 2
 8
 3
 13
 5
 7
 8
 8
 2
 5
 8
 12
 3
 8
 8
 3
 9
 6
 2
 6
 3
 10
 5
 7
 8
 6
 3
 4
 5
 1
 6
 4
 7
 7
 7
 5
 8
 6
 4
 3
 4
 5
 5
 6
 8
 2
 7
 5
 5
 4
 6
 7
 5
 5
 5
 7
 6
 1
 7
 7
 4
 3
 5
 6
 10
 4
 9
 5
 3
 5
 4
 7
 2
 5
 5
 9
 9
 6
 3
 8
 11
 2
 3
 7
 2
 5
 2
 10
 6
 7
 4
 9
 4
 4
 2
 5
 3
 6
 9
 7
 4
 8
 5
 3
 9
 7
 4
 5
 3
 4
 4
 4
 3
 5
 2
 4
 2
 4
 3
 5
 7
 4
 7
 5
 6
 8
 9
 5
 1
 3
 7
 4
 4
 7
 2
 5
 4
 4
 2
 3
 5
 4
 4
 5
 5
 4
 2
 5
 9
 6
 4
 6
 2
 4
 4
 10
 4
 2
 6
 5
 6
 5
 6
 2
 2
 5
 3
 5
 6
 2
 5
 4
 3
 2
 4
 6
 3
 2
 6
 5
 3
 8
 5
 3
 3
 10
 6
 4
 4
 3
 2
 2
 6
 7
 4
 5
 0
 6
 2
 4
 3
 9
 5
 3
 5
 5
 4
 5
 5
 3
 7
 4
 4
 3
 5
 4
 3
 4
 5
 6
 1
 5
 3
 4
 1
 3
 5
 6
 6
 3
 5
 3
 5
 9
 6
 8
 3
 7
 3
 2
 4
 3
 4
 6
 1
 2
 7
 2
 2
 2
 5
 3
 7
 4
 5
 4
 6
 2
 0
 3
 5
 2
 4
 2
 3
 5
 4
 3
 2
 3
 5
 1
 0
 1
 6
 2
 5
 4
 5
 2
 2
 2
 3
 4
 6
 2
 2
 2
 1
 2
 1
 2
 4
 2
 5
 2
 5
 3
 3
 2
 4
 3
 3
 4
 3
 2
 2
 3
 4
 2
 2
 2
 4
 5
 5
 2
 5
 2
 6
 4
 2
 4
 5
 4
 2
 3
 1
 2
 1
 4
 3
 3
 2
 6
 2
 1
 4
 2
 5
 3
 5
 5
 1
 7
 1
 7
 1
 4
 4
 3
 2
 5
 1
 2
 2
 3
 2
 2
 2
 3
 5
 4
 5
 3
 4
 2
 2
 3
 0
 3
 2
 4
 4
 0
 4
 2
 3
 3
 3
 2
 4
 3
 4
 3
 3
 1
 1
 1
 5
 5
 5
 2
 3
 2
 1
 5
 2
 2
 1
 0
 4
 4
 4
 2
 6
 4
 3
 1
 3
 0
 1
 3
 5
 5
 4
 1
 2
 8
 1
 2
 4
 2
 1
 3
 5
 0
 3
 4
 6
 6
 3
 0
 2
 4
 2
 4
 2
 1
 2
 4
 1
 6
 4
 5
 3
