VERSION:    3.1
ELEMENTS:              1
DATE:       MAR 10, 2010 21:45:57.219
CHANNELS:           4000
ROIS:        0
REAL_TIME:   1220.0300293
LIVE_TIME:   1200.3199463
CAL_OFFSET:  8.8112198e-002
CAL_SLOPE:   3.1493530e-002
CAL_QUAD:    0.0000000e+000
TWO_THETA:   9.9946346
DATA: 
 0
 0
 0
 0
 0
 0
 0
 0
 0
 0
 0
 0
 0
 0
 0
 0
 0
 0
 0
 0
 0
 0
 0
 0
 0
 0
 0
 0
 0
 0
 0
 0
 0
 0
 0
 0
 0
 0
 0
 0
 0
 0
 0
 0
 0
 0
 0
 0
 0
 0
 0
 0
 0
 0
 0
 0
 0
 0
 0
 0
 0
 0
 0
 0
 0
 0
 0
 0
 0
 0
 1
 12
 22
 21
 16
 20
 25
 21
 21
 17
 30
 23
 21
 19
 26
 28
 30
 26
 30
 24
 20
 29
 20
 25
 26
 37
 26
 29
 22
 25
 22
 21
 22
 18
 27
 22
 20
 20
 25
 21
 24
 24
 31
 29
 26
 24
 23
 22
 26
 28
 23
 28
 26
 26
 18
 27
 28
 26
 34
 25
 26
 27
 35
 28
 33
 36
 27
 27
 28
 19
 35
 34
 29
 21
 33
 27
 20
 39
 31
 48
 30
 32
 37
 31
 33
 34
 37
 35
 37
 29
 32
 29
 46
 43
 31
 38
 34
 29
 36
 36
 43
 45
 42
 39
 39
 39
 34
 46
 38
 48
 57
 39
 52
 51
 43
 40
 53
 46
 44
 40
 38
 49
 47
 37
 54
 41
 38
 46
 46
 51
 46
 52
 48
 60
 43
 44
 55
 57
 47
 48
 59
 44
 60
 46
 57
 40
 46
 54
 67
 48
 60
 52
 50
 67
 50
 59
 63
 53
 57
 59
 67
 77
 57
 65
 67
 81
 63
 58
 63
 74
 76
 63
 65
 71
 60
 64
 69
 62
 52
 62
 65
 64
 66
 68
 58
 67
 76
 66
 51
 69
 79
 67
 83
 65
 67
 76
 67
 84
 65
 67
 71
 81
 76
 91
 75
 75
 76
 63
 80
 66
 70
 87
 76
 79
 66
 85
 66
 71
 62
 75
 83
 81
 73
 65
 81
 73
 64
 80
 74
 80
 81
 81
 82
 74
 84
 81
 80
 79
 84
 92
 107
 93
 78
 61
 82
 93
 82
 72
 88
 92
 85
 69
 97
 107
 91
 76
 81
 82
 86
 83
 84
 85
 81
 83
 95
 84
 92
 107
 94
 85
 93
 87
 96
 104
 90
 96
 92
 94
 105
 107
 84
 100
 96
 96
 101
 101
 94
 104
 90
 107
 90
 100
 93
 112
 104
 91
 105
 101
 95
 91
 100
 113
 101
 120
 102
 110
 77
 102
 94
 92
 94
 94
 117
 109
 103
 91
 99
 112
 110
 97
 102
 107
 92
 130
 107
 100
 114
 111
 96
 95
 111
 113
 121
 114
 104
 125
 109
 117
 117
 115
 104
 125
 111
 125
 107
 108
 109
 126
 110
 156
 132
 120
 131
 118
 121
 131
 99
 133
 157
 141
 149
 116
 140
 118
 129
 129
 119
 139
 119
 138
 130
 146
 133
 147
 134
 128
 130
 149
 150
 131
 147
 171
 157
 124
 143
 137
 133
 158
 164
 144
 152
 145
 136
 159
 141
 149
 155
 175
 166
 165
 167
 137
 165
 168
 176
 156
 174
 169
 165
 163
 177
 187
 170
 185
 175
 198
 208
 216
 218
 210
 215
 234
 238
 241
 284
 287
 307
 275
 281
 296
 306
 298
 271
 268
 289
 240
 276
 238
 230
 235
 235
 259
 274
 265
 280
 269
 276
 238
 270
 290
 265
 263
 252
 299
 298
 291
 281
 301
 302
 339
 286
 315
 298
 307
 342
 311
 334
 308
 324
 336
 343
 362
 374
 402
 378
 416
 433
 494
 474
 473
 523
 533
 479
 495
 548
 516
 523
 499
 474
 480
 440
 415
 467
 434
 435
 385
 429
 436
 413
 448
 410
 437
 469
 456
 469
 459
 461
 487
 478
 488
 445
 500
 480
 497
 495
 483
 504
 549
 535
 552
 504
 488
 520
 519
 549
 551
 530
 500
 545
 513
 532
 551
 520
 558
 616
 560
 583
 589
 581
 561
 615
 599
 595
 643
 631
 646
 619
 667
 644
 647
 713
 669
 716
 740
 700
 717
 709
 681
 744
 675
 676
 676
 695
 698
 748
 752
 750
 735
 719
 729
 709
 753
 778
 692
 768
 745
 737
 774
 790
 806
 785
 767
 790
 814
 795
 817
 799
 825
 845
 836
 832
 938
 820
 859
 886
 885
 877
 834
 872
 875
 871
 851
 879
 895
 861
 925
 945
 951
 933
 950
 990
 960
 1003
 927
 993
 1005
 963
 1003
 984
 1035
 1021
 1063
 997
 1050
 1046
 1054
 1154
 1041
 1120
 1115
 1149
 1114
 1143
 1078
 1133
 1148
 1139
 1159
 1118
 1132
 1178
 1150
 1156
 1142
 1182
 1207
 1226
 1191
 1224
 1219
 1203
 1285
 1240
 1259
 1280
 1315
 1250
 1298
 1321
 1275
 1256
 1351
 1307
 1332
 1335
 1319
 1299
 1370
 1325
 1372
 1378
 1386
 1313
 1398
 1408
 1395
 1361
 1357
 1374
 1368
 1417
 1457
 1408
 1424
 1409
 1399
 1412
 1490
 1443
 1451
 1457
 1346
 1486
 1468
 1447
 1481
 1471
 1455
 1460
 1478
 1460
 1463
 1537
 1462
 1468
 1541
 1495
 1466
 1497
 1410
 1526
 1438
 1538
 1585
 1519
 1481
 1531
 1575
 1525
 1604
 1528
 1628
 1533
 1573
 1562
 1507
 1633
 1590
 1582
 1595
 1618
 1526
 1593
 1605
 1583
 1593
 1559
 1662
 1562
 1658
 1676
 1626
 1562
 1633
 1556
 1695
 1623
 1557
 1628
 1616
 1648
 1600
 1687
 1604
 1678
 1603
 1643
 1645
 1680
 1691
 1727
 1637
 1677
 1717
 1653
 1718
 1596
 1634
 1685
 1632
 1633
 1733
 1703
 1756
 1679
 1696
 1715
 1704
 1720
 1583
 1697
 1685
 1653
 1636
 1753
 1746
 1777
 1746
 1721
 1776
 1734
 1672
 1714
 1757
 1814
 1757
 1854
 1752
 1788
 1802
 1801
 1721
 1785
 1787
 1798
 1777
 1798
 1728
 1802
 1767
 1732
 1815
 1733
 1817
 1752
 1868
 1800
 1829
 1710
 1848
 1810
 1833
 1773
 1814
 1837
 1780
 1769
 1790
 1681
 1736
 1673
 1801
 1736
 1711
 1665
 1667
 1709
 1774
 1675
 1627
 1693
 1627
 1651
 1658
 1590
 1581
 1608
 1688
 1571
 1563
 1533
 1552
 1493
 1572
 1508
 1498
 1483
 1435
 1449
 1504
 1484
 1433
 1479
 1458
 1444
 1387
 1365
 1347
 1342
 1399
 1301
 1335
 1313
 1358
 1298
 1362
 1300
 1183
 1268
 1302
 1253
 1255
 1235
 1221
 1221
 1178
 1274
 1185
 1204
 1216
 1156
 1199
 1149
 1095
 1169
 1114
 1203
 1145
 1116
 1065
 1088
 1106
 1117
 1105
 1107
 1097
 1097
 1140
 1077
 1062
 1056
 1009
 1140
 1113
 1071
 1035
 1071
 1065
 1036
 1075
 1047
 1073
 1008
 1043
 985
 1074
 1068
 1063
 1029
 1042
 1015
 1008
 1040
 942
 1061
 1019
 1040
 974
 1086
 1033
 1069
 1016
 1028
 1080
 1038
 1040
 983
 1077
 960
 1057
 1026
 1023
 1018
 999
 992
 1012
 960
 1015
 949
 985
 1024
 990
 1027
 979
 1056
 967
 998
 1034
 1072
 1024
 1002
 1007
 988
 945
 965
 962
 959
 944
 1024
 991
 1038
 1012
 1074
 971
 979
 1027
 1044
 959
 1017
 985
 999
 968
 1018
 1007
 1005
 996
 1054
 982
 961
 967
 968
 998
 1039
 1027
 1003
 955
 988
 967
 1066
 975
 978
 1058
 1024
 967
 989
 1011
 1027
 1063
 985
 974
 980
 1045
 956
 985
 1019
 960
 974
 1037
 973
 1023
 996
 1035
 937
 938
 971
 955
 1001
 942
 989
 965
 1011
 929
 1033
 947
 947
 950
 1002
 962
 935
 938
 961
 948
 985
 1032
 943
 926
 902
 926
 921
 1015
 943
 974
 945
 887
 948
 898
 966
 941
 873
 916
 945
 973
 892
 939
 889
 868
 911
 921
 970
 915
 863
 872
 887
 930
 907
 863
 914
 859
 902
 904
 908
 875
 853
 883
 846
 895
 831
 850
 874
 909
 872
 870
 833
 843
 871
 833
 802
 836
 814
 814
 828
 819
 850
 799
 816
 822
 841
 890
 787
 850
 831
 823
 823
 811
 827
 828
 835
 765
 785
 862
 778
 764
 852
 775
 779
 792
 771
 752
 722
 769
 767
 782
 734
 741
 757
 768
 769
 703
 724
 761
 764
 730
 723
 763
 765
 713
 742
 736
 694
 713
 724
 736
 762
 704
 697
 731
 741
 731
 693
 749
 722
 750
 694
 694
 706
 726
 688
 685
 689
 699
 688
 720
 721
 710
 660
 697
 698
 693
 715
 644
 686
 693
 656
 677
 689
 701
 673
 723
 675
 708
 684
 659
 737
 675
 685
 670
 665
 677
 656
 713
 686
 655
 662
 703
 675
 672
 688
 665
 639
 641
 679
 698
 698
 702
 680
 678
 658
 658
 666
 662
 668
 661
 715
 699
 708
 665
 676
 699
 677
 662
 675
 676
 702
 644
 672
 689
 645
 724
 663
 657
 712
 728
 670
 710
 705
 636
 706
 710
 702
 765
 706
 728
 684
 687
 658
 687
 677
 714
 712
 701
 649
 700
 688
 654
 720
 674
 626
 670
 695
 735
 713
 733
 687
 748
 662
 719
 713
 709
 712
 674
 629
 677
 632
 675
 688
 723
 714
 668
 657
 654
 664
 699
 692
 670
 702
 674
 666
 681
 667
 685
 652
 677
 669
 700
 673
 665
 650
 661
 680
 647
 675
 688
 696
 657
 682
 652
 634
 599
 655
 687
 680
 705
 615
 631
 656
 644
 618
 680
 660
 665
 662
 639
 693
 717
 649
 630
 638
 629
 620
 666
 688
 626
 635
 626
 628
 634
 565
 615
 661
 589
 605
 598
 580
 632
 667
 623
 637
 634
 624
 543
 585
 650
 642
 636
 602
 601
 595
 598
 574
 624
 625
 601
 615
 575
 594
 580
 568
 591
 606
 614
 549
 621
 639
 608
 567
 614
 553
 564
 577
 577
 558
 579
 631
 582
 580
 565
 599
 601
 544
 561
 528
 556
 571
 541
 592
 554
 552
 524
 540
 555
 574
 555
 523
 553
 557
 588
 546
 560
 520
 575
 527
 555
 618
 494
 553
 562
 525
 548
 550
 535
 522
 552
 522
 516
 573
 503
 515
 522
 530
 499
 503
 506
 540
 510
 535
 542
 517
 528
 516
 522
 511
 516
 489
 511
 478
 522
 501
 472
 486
 463
 472
 515
 516
 491
 478
 514
 462
 524
 527
 505
 501
 485
 483
 482
 477
 484
 469
 475
 480
 472
 479
 490
 522
 442
 476
 454
 490
 458
 474
 433
 465
 440
 467
 477
 454
 465
 456
 451
 487
 425
 440
 445
 468
 386
 489
 432
 422
 442
 438
 463
 453
 418
 436
 423
 442
 470
 480
 420
 425
 456
 391
 415
 453
 414
 407
 407
 412
 426
 389
 416
 462
 425
 476
 380
 434
 425
 424
 435
 361
 403
 424
 410
 425
 419
 425
 411
 391
 387
 412
 373
 380
 365
 419
 364
 400
 421
 398
 377
 417
 389
 360
 393
 407
 388
 403
 389
 375
 396
 387
 374
 354
 384
 347
 384
 417
 377
 356
 369
 383
 417
 385
 374
 380
 352
 393
 340
 399
 364
 387
 392
 330
 344
 367
 360
 346
 387
 361
 365
 398
 351
 313
 380
 355
 320
 345
 313
 343
 320
 355
 369
 344
 368
 346
 315
 327
 363
 321
 344
 306
 327
 351
 338
 338
 320
 324
 322
 330
 344
 356
 334
 310
 338
 311
 342
 315
 348
 310
 325
 315
 287
 317
 327
 323
 339
 319
 302
 330
 303
 332
 339
 321
 345
 328
 291
 316
 291
 345
 322
 333
 309
 335
 296
 319
 334
 326
 325
 316
 313
 333
 311
 286
 311
 320
 312
 289
 335
 315
 320
 314
 317
 320
 340
 310
 309
 308
 325
 311
 305
 292
 268
 329
 313
 297
 302
 336
 305
 312
 286
 276
 289
 277
 298
 299
 305
 259
 331
 322
 303
 283
 278
 298
 295
 261
 294
 289
 274
 261
 303
 282
 289
 299
 299
 291
 299
 291
 309
 303
 282
 265
 290
 285
 267
 286
 305
 302
 286
 301
 256
 262
 281
 267
 258
 270
 299
 294
 279
 286
 269
 253
 272
 258
 266
 262
 301
 293
 255
 268
 277
 293
 276
 275
 285
 266
 296
 244
 250
 305
 272
 246
 268
 269
 266
 270
 271
 255
 272
 285
 264
 257
 268
 259
 267
 272
 257
 283
 263
 265
 241
 288
 274
 278
 287
 255
 249
 255
 260
 259
 278
 264
 258
 278
 266
 270
 262
 221
 256
 288
 267
 253
 212
 231
 272
 221
 254
 251
 223
 237
 232
 243
 222
 233
 226
 247
 232
 255
 265
 254
 244
 239
 241
 242
 234
 229
 253
 240
 230
 229
 209
 209
 241
 234
 251
 225
 221
 217
 183
 209
 251
 225
 217
 222
 236
 220
 224
 226
 221
 233
 224
 226
 211
 243
 202
 235
 227
 213
 253
 224
 254
 208
 226
 216
 196
 206
 197
 220
 232
 265
 213
 221
 218
 207
 226
 210
 194
 240
 221
 214
 228
 213
 213
 188
 207
 199
 184
 182
 226
 230
 205
 200
 191
 187
 204
 208
 212
 220
 209
 236
 223
 192
 202
 215
 215
 231
 219
 227
 228
 207
 201
 223
 182
 222
 213
 235
 185
 218
 213
 199
 209
 214
 225
 202
 199
 185
 188
 207
 213
 202
 229
 209
 192
 166
 194
 176
 188
 183
 204
 199
 225
 181
 197
 202
 207
 202
 191
 201
 202
 199
 180
 178
 213
 194
 188
 203
 210
 184
 182
 211
 195
 188
 204
 179
 180
 224
 204
 188
 185
 213
 205
 203
 198
 197
 213
 200
 217
 205
 186
 216
 185
 173
 216
 172
 217
 214
 188
 211
 187
 192
 178
 191
 175
 192
 188
 181
 187
 191
 185
 215
 196
 187
 209
 208
 190
 188
 179
 193
 199
 233
 178
 181
 221
 190
 205
 175
 167
 196
 189
 212
 178
 180
 191
 208
 200
 205
 170
 189
 190
 203
 186
 212
 232
 194
 177
 215
 177
 188
 198
 201
 232
 194
 182
 178
 197
 211
 206
 173
 159
 179
 199
 190
 184
 218
 215
 191
 182
 150
 183
 198
 173
 176
 208
 207
 194
 165
 197
 174
 174
 181
 171
 171
 176
 195
 161
 183
 171
 171
 182
 180
 199
 175
 173
 199
 176
 179
 190
 193
 150
 207
 172
 167
 174
 161
 183
 171
 176
 184
 182
 166
 148
 169
 155
 180
 174
 133
 168
 135
 154
 154
 136
 159
 105
 139
 127
 133
 124
 135
 101
 124
 116
 101
 118
 127
 119
 106
 116
 108
 116
 117
 131
 95
 127
 120
 113
 117
 106
 100
 117
 107
 110
 117
 113
 92
 105
 95
 124
 107
 90
 98
 103
 123
 111
 106
 108
 117
 87
 103
 99
 109
 103
 104
 95
 104
 108
 108
 103
 118
 104
 103
 103
 115
 114
 94
 108
 90
 106
 106
 115
 98
 93
 92
 90
 87
 107
 100
 104
 87
 114
 83
 107
 92
 114
 106
 75
 90
 96
 113
 105
 98
 92
 97
 99
 84
 101
 94
 107
 90
 94
 88
 98
 88
 88
 84
 100
 92
 100
 99
 103
 85
 94
 93
 93
 84
 87
 89
 77
 91
 85
 77
 92
 82
 94
 77
 83
 87
 90
 71
 86
 99
 83
 108
 92
 95
 81
 91
 74
 78
 92
 79
 75
 102
 84
 89
 81
 63
 83
 75
 72
 91
 93
 68
 74
 83
 87
 96
 77
 82
 78
 93
 76
 89
 73
 81
 82
 94
 85
 72
 87
 89
 79
 75
 71
 88
 76
 91
 82
 89
 86
 78
 62
 76
 92
 71
 76
 83
 74
 69
 86
 82
 80
 78
 91
 57
 77
 71
 76
 78
 74
 82
 86
 84
 81
 60
 75
 73
 80
 102
 65
 82
 86
 74
 73
 71
 87
 84
 71
 66
 78
 73
 61
 78
 61
 65
 87
 60
 73
 74
 85
 70
 64
 78
 62
 55
 57
 78
 78
 62
 71
 69
 66
 69
 84
 71
 67
 71
 74
 66
 69
 76
 69
 68
 63
 67
 77
 58
 69
 63
 69
 73
 81
 66
 73
 62
 69
 72
 69
 67
 71
 53
 41
 58
 70
 67
 78
 84
 53
 69
 74
 67
 57
 58
 61
 83
 71
 66
 61
 94
 59
 60
 61
 58
 67
 59
 67
 72
 70
 60
 70
 61
 56
 55
 54
 58
 67
 68
 67
 55
 63
 58
 58
 74
 65
 45
 50
 73
 72
 67
 72
 62
 63
 68
 55
 66
 60
 54
 82
 49
 60
 57
 69
 76
 56
 69
 60
 61
 72
 59
 58
 66
 58
 65
 61
 68
 64
 66
 49
 55
 58
 62
 63
 51
 64
 48
 53
 54
 63
 54
 67
 65
 71
 45
 54
 48
 53
 55
 54
 53
 53
 59
 53
 48
 53
 54
 62
 43
 56
 48
 53
 37
 59
 71
 59
 65
 44
 53
 46
 62
 59
 52
 55
 53
 48
 51
 56
 66
 49
 58
 68
 63
 68
 49
 50
 57
 70
 40
 72
 51
 43
 51
 67
 46
 40
 57
 47
 53
 72
 40
 53
 42
 60
 39
 51
 61
 43
 55
 58
 51
 47
 50
 43
 51
 47
 44
 37
 44
 36
 35
 61
 49
 40
 66
 43
 51
 49
 48
 44
 40
 40
 62
 53
 48
 50
 52
 45
 50
 50
 57
 55
 60
 47
 56
 48
 38
 45
 42
 41
 47
 45
 41
 57
 49
 48
 51
 49
 52
 44
 50
 38
 45
 44
 49
 43
 45
 34
 37
 48
 50
 49
 48
 41
 39
 46
 38
 50
 47
 37
 49
 57
 46
 51
 43
 55
 58
 50
 62
 36
 41
 48
 39
 43
 48
 45
 37
 49
 37
 49
 44
 40
 45
 39
 39
 46
 44
 45
 35
 46
 45
 45
 47
 37
 38
 44
 36
 33
 41
 36
 43
 38
 33
 48
 50
 42
 34
 46
 63
 28
 35
 36
 40
 52
 43
 31
 47
 37
 45
 45
 41
 46
 36
 42
 52
 38
 37
 47
 39
 42
 45
 48
 37
 44
 37
 34
 46
 40
 49
 38
 38
 49
 45
 40
 40
 41
 31
 51
 40
 39
 39
 36
 51
 38
 37
 42
 36
 28
 40
 38
 47
 38
 28
 24
 21
 41
 33
 36
 29
 29
 36
 36
 36
 42
 34
 39
 45
 33
 34
 31
 31
 37
 38
 33
 26
 36
 31
 33
 38
 29
 46
 39
 24
 37
 31
 42
 30
 25
 31
 35
 36
 38
 38
 43
 36
 28
 35
 33
 26
 33
 25
 34
 29
 35
 35
 28
 39
 44
 28
 33
 34
 47
 36
 34
 29
 34
 40
 38
 36
 33
 29
 31
 38
 35
 27
 22
 30
 27
 36
 45
 35
 29
 23
 35
 30
 29
 29
 25
 38
 32
 39
 35
 29
 34
 32
 38
 29
 37
 42
 24
 28
 41
 27
 30
 28
 39
 27
 26
 35
 26
 27
 25
 31
 29
 28
 28
 32
 31
 31
 32
 30
 34
 31
 28
 36
 33
 32
 35
 34
 27
 27
 45
 28
 27
 32
 32
 29
 41
 27
 38
 33
 33
 21
 19
 30
 30
 33
 31
 36
 30
 32
 29
 33
 31
 31
 23
 27
 25
 21
 27
 29
 26
 33
 24
 19
 31
 24
 29
 26
 30
 20
 31
 29
 19
 14
 19
 27
 24
 29
 33
 22
 23
 35
 22
 30
 26
 27
 32
 22
 29
 16
 36
 28
 24
 23
 31
 21
 27
 17
 20
 28
 24
 22
 21
 19
 26
 26
 37
 28
 30
 18
 16
 28
 26
 33
 21
 32
 15
 25
 30
 23
 26
 17
 31
 30
 22
 19
 23
 24
 21
 13
 18
 28
 16
 23
 18
 25
 24
 28
 19
 23
 26
 26
 36
 18
 26
 37
 26
 22
 25
 15
 24
 22
 17
 33
 21
 25
 22
 19
 22
 22
 16
 27
 25
 29
 23
 25
 27
 20
 21
 18
 27
 21
 25
 20
 18
 22
 12
 20
 36
 22
 24
 21
 26
 28
 24
 23
 22
 20
 19
 20
 24
 30
 24
 18
 19
 21
 20
 25
 20
 23
 22
 21
 22
 14
 14
 22
 25
 17
 25
 18
 18
 15
 16
 20
 22
 20
 15
 22
 20
 17
 14
 21
 16
 23
 24
 18
 12
 22
 23
 16
 18
 21
 24
 13
 17
 13
 24
 13
 16
 20
 19
 24
 23
 21
 15
 15
 21
 21
 15
 23
 26
 20
 20
 20
 17
 14
 13
 25
 23
 16
 28
 23
 24
 20
 21
 26
 17
 20
 24
 21
 17
 17
 22
 15
 30
 21
 16
 26
 14
 16
 17
 16
 12
 11
 16
 17
 20
 18
 16
 27
 22
 20
 16
 22
 19
 16
 16
 20
 19
 18
 24
 11
 12
 22
 30
 11
 24
 12
 14
 17
 16
 17
 16
 19
 18
 11
 16
 21
 14
 14
 18
 19
 12
 21
 14
 13
 16
 15
 16
 18
 17
 18
 16
 25
 15
 19
 9
 20
 13
 15
 24
 25
 13
 18
 15
 17
 18
 15
 16
 15
 19
 17
 22
 25
 25
 23
 14
 21
 16
 10
 20
 14
 20
 17
 13
 18
 17
 15
 21
 20
 24
 18
 16
 11
 15
 16
 20
 21
 17
 18
 14
 14
 15
 18
 14
 12
 16
 15
 18
 15
 13
 16
 17
 19
 16
 13
 22
 18
 18
 15
 18
 15
 12
 14
 14
 14
 12
 15
 15
 13
 20
 16
 7
 22
 17
 13
 11
 14
 8
 15
 12
 16
 18
 23
 14
 14
 8
 19
 13
 11
 14
 20
 8
 17
 11
 8
 9
 11
 22
 8
 11
 9
 9
 16
 11
 13
 22
 10
 14
 19
 14
 19
 13
 11
 12
 12
 10
 13
 15
 15
 16
 14
 9
 4
 6
 15
 15
 9
 11
 17
 10
 7
 15
 8
 13
 8
 9
 11
 16
 11
 9
 22
 9
 14
 11
 12
 16
 12
 11
 19
 15
 14
 9
 12
 16
 16
 9
 17
 18
 11
 15
 9
 15
 10
 10
 17
 11
 10
 15
 12
 13
 12
 12
 16
 16
 19
 16
 11
 12
 16
 19
 14
 9
 7
 9
 12
 17
 13
 13
 16
 11
 12
 8
 9
 13
 16
 13
 11
 15
 12
 15
 7
 15
 13
 10
 10
 8
 7
 10
 3
 8
 10
 11
 12
 14
 10
 14
 13
 4
 7
 11
 10
 9
 12
 10
 8
 13
 11
 8
 17
 18
 12
 12
 13
 7
 10
 9
 7
 12
 14
 11
 16
 5
 11
 10
 13
 8
 13
 10
 11
 5
 13
 13
 13
 13
 16
 6
 6
 14
 14
 9
 9
 6
 7
 14
 7
 7
 14
 11
 9
 7
 13
 16
 10
 9
 9
 10
 8
 15
 15
 15
 10
 9
 5
 11
 11
 14
 12
 10
 12
 12
 6
 14
 13
 6
 8
 12
 9
 10
 9
 10
 12
 9
 9
 9
 7
 13
 11
 11
 5
 8
 5
 9
 6
 10
 15
 15
 15
 7
 5
 7
 4
 11
 10
 7
 9
 8
 7
 8
 19
 9
 9
 8
 6
 5
 9
 6
 10
 12
 10
 7
 14
 8
 7
 5
 8
 8
 11
 4
 3
 12
 6
 6
 11
 9
 7
 8
 6
 10
 5
 10
 13
 11
 7
 8
 10
 10
 7
 5
 6
 10
 9
 10
 16
 10
 8
 8
 7
 16
 3
 9
 6
 3
 6
 12
 10
 7
 9
 10
 6
 6
 7
 5
 16
 6
 9
 9
 8
 11
 11
 10
 16
 5
 6
 5
 12
 7
 4
 12
 7
 12
 5
 5
 8
 9
 11
 13
 6
 5
 8
 6
 6
 7
 11
 6
 6
 6
 6
 5
 9
 3
 4
 9
 5
 5
 7
 7
 6
 13
 9
 5
 5
 11
 6
 9
 6
 7
 10
 4
 10
 3
 6
 10
 7
 7
 5
 6
 5
 8
 12
 8
 13
 6
 3
 7
 4
 5
 6
 6
 8
 6
 7
 11
 4
 10
 8
 8
 2
 12
 8
 7
 11
 8
 5
 7
 2
 12
 9
 10
 6
 7
 7
 6
 12
 8
 6
 8
 4
 6
 12
 7
 4
 6
 3
 5
 5
 4
 7
 6
 10
 3
 8
 7
 6
 5
 3
 7
 6
 6
 4
 8
 7
 11
 6
 10
 7
 4
 9
 4
 8
 5
 6
 8
 9
 6
 9
 3
 8
 7
 9
 2
 6
 2
 7
 1
 7
 4
 6
 6
 5
 5
 7
 3
 9
 4
 5
 11
 10
 7
 8
 2
 2
 3
 7
 6
 7
 7
 5
 4
 5
 7
 3
 6
 7
 5
 5
 5
 3
 3
 3
 3
 5
 4
 9
 7
 3
 6
 5
 4
 2
 5
 6
 3
 10
 5
 6
 8
 7
 5
 3
 7
 7
 5
 6
 6
 5
 6
 2
 4
 5
 7
 4
 7
 5
 4
 11
 7
 5
 9
 7
 3
 10
 5
 8
 7
 6
 1
 7
 2
 4
 4
 1
 5
 6
 4
 7
 3
 4
 5
 5
 2
 3
 1
 4
 2
 2
 7
 3
 7
 9
 2
 1
 0
 3
 0
 5
 9
 9
 7
 5
 6
 5
 7
 6
 7
 6
 3
 3
 4
 10
 0
 6
 4
 5
 1
 3
 4
 7
 4
 5
 3
 9
 6
 3
 7
 7
 4
 3
 3
 5
 5
 3
 6
 6
 2
 5
 5
 0
 8
 2
 4
 4
 8
 6
 5
 4
 9
 5
 8
 6
 6
 4
 6
 4
 4
 4
 5
 2
 6
 9
 5
 7
 3
 1
 6
 7
 7
 7
 5
 1
 7
 5
 3
 2
 6
 3
 7
 3
 4
 0
 4
 4
 3
 2
 7
 3
 6
 6
 3
 7
 5
 5
 2
 4
 2
 3
 3
 6
 7
 4
 8
 9
 10
 2
 5
