VERSION:    3.1
ELEMENTS:              1
DATE:       MAR 10, 2010 20:56:19.828
CHANNELS:           4000
ROIS:        0
REAL_TIME:   449.3800049
LIVE_TIME:   400.2999878
CAL_OFFSET:  8.8112198e-002
CAL_SLOPE:   3.1493530e-002
CAL_QUAD:    0.0000000e+000
TWO_THETA:   9.9946346
DATA: 
 0
 0
 0
 0
 0
 0
 0
 0
 0
 0
 0
 0
 0
 0
 0
 0
 0
 0
 0
 0
 0
 0
 0
 0
 0
 0
 0
 0
 0
 0
 0
 0
 0
 0
 0
 0
 0
 0
 0
 0
 0
 0
 0
 0
 0
 0
 0
 0
 0
 0
 0
 0
 0
 0
 0
 0
 0
 0
 0
 0
 0
 0
 0
 0
 0
 0
 0
 0
 0
 0
 1
 40
 87
 68
 63
 63
 47
 51
 57
 59
 57
 46
 63
 69
 55
 66
 54
 77
 54
 50
 67
 68
 57
 49
 51
 52
 58
 65
 57
 55
 53
 71
 53
 58
 64
 53
 70
 60
 67
 51
 66
 67
 54
 54
 69
 73
 70
 48
 56
 51
 64
 52
 65
 75
 60
 59
 64
 61
 59
 67
 63
 52
 60
 61
 53
 65
 55
 59
 65
 73
 74
 51
 55
 68
 62
 58
 73
 61
 59
 68
 71
 71
 70
 75
 68
 72
 70
 60
 68
 47
 61
 63
 65
 60
 64
 67
 71
 69
 72
 69
 71
 83
 51
 61
 59
 85
 78
 72
 95
 94
 92
 91
 80
 102
 94
 93
 104
 81
 96
 83
 92
 87
 82
 86
 92
 86
 92
 75
 111
 98
 104
 99
 93
 104
 121
 114
 113
 99
 81
 129
 97
 96
 90
 103
 105
 109
 117
 113
 107
 109
 120
 122
 107
 123
 123
 134
 113
 108
 111
 130
 127
 116
 138
 154
 132
 117
 134
 115
 120
 130
 153
 138
 160
 157
 168
 147
 158
 149
 139
 167
 130
 126
 159
 143
 143
 144
 166
 154
 132
 176
 177
 129
 143
 159
 151
 166
 154
 162
 171
 160
 145
 157
 168
 147
 169
 152
 173
 180
 180
 175
 168
 167
 162
 149
 175
 189
 179
 176
 188
 186
 174
 199
 192
 177
 187
 174
 182
 206
 188
 199
 203
 208
 195
 174
 213
 203
 235
 222
 181
 217
 200
 190
 182
 203
 232
 219
 231
 206
 223
 200
 224
 215
 225
 242
 239
 226
 217
 224
 215
 235
 241
 248
 271
 280
 262
 261
 254
 271
 267
 277
 257
 279
 265
 236
 292
 262
 285
 274
 291
 286
 268
 278
 286
 278
 288
 257
 288
 285
 287
 286
 269
 285
 324
 268
 316
 299
 291
 332
 273
 326
 329
 313
 294
 291
 314
 322
 337
 322
 304
 340
 302
 346
 337
 334
 344
 342
 371
 336
 325
 330
 352
 355
 345
 346
 381
 320
 385
 355
 327
 344
 393
 339
 388
 364
 358
 381
 412
 377
 373
 346
 365
 340
 389
 402
 357
 407
 335
 399
 386
 392
 382
 375
 395
 371
 388
 392
 404
 410
 364
 401
 391
 383
 404
 425
 404
 426
 364
 453
 430
 395
 389
 396
 418
 410
 406
 431
 435
 407
 429
 438
 414
 417
 410
 440
 422
 438
 407
 406
 438
 408
 411
 421
 512
 435
 458
 479
 437
 465
 463
 428
 459
 417
 438
 430
 455
 447
 465
 472
 450
 420
 450
 481
 480
 441
 434
 462
 473
 462
 493
 512
 507
 521
 525
 513
 543
 557
 526
 570
 539
 535
 521
 535
 505
 523
 504
 502
 502
 459
 501
 497
 540
 507
 444
 514
 520
 584
 536
 538
 543
 537
 497
 564
 519
 516
 555
 566
 584
 564
 530
 571
 559
 588
 559
 591
 620
 567
 656
 625
 606
 677
 656
 621
 621
 671
 672
 646
 680
 732
 721
 742
 767
 764
 742
 693
 747
 765
 772
 742
 780
 767
 812
 818
 772
 834
 772
 812
 771
 807
 774
 884
 779
 828
 873
 887
 883
 853
 934
 909
 874
 920
 971
 930
 954
 1029
 1028
 1031
 960
 1029
 1025
 1024
 1105
 1061
 1060
 1127
 1094
 1123
 1087
 1135
 1228
 1155
 1112
 1212
 1222
 1269
 1234
 1273
 1384
 1311
 1312
 1341
 1367
 1310
 1367
 1355
 1392
 1386
 1383
 1534
 1568
 1456
 1525
 1494
 1549
 1518
 1627
 1513
 1648
 1655
 1660
 1615
 1686
 1669
 1674
 1730
 1824
 1804
 1766
 1850
 1822
 1836
 1901
 1920
 1912
 2016
 1987
 2008
 2035
 2047
 2063
 2152
 2038
 2215
 2178
 2138
 2218
 2282
 2226
 2315
 2383
 2362
 2345
 2374
 2425
 2394
 2544
 2518
 2527
 2595
 2642
 2695
 2659
 2718
 2688
 2682
 2799
 2714
 2898
 2982
 2832
 2945
 2918
 3147
 2844
 3032
 3082
 3128
 3053
 3091
 3153
 3203
 3299
 3379
 3312
 3398
 3284
 3425
 3445
 3559
 3606
 3557
 3556
 3533
 3560
 3705
 3754
 3759
 3817
 3887
 3915
 3891
 3895
 4114
 4061
 3890
 4150
 4148
 4142
 4070
 4214
 4238
 4245
 4298
 4393
 4455
 4506
 4425
 4574
 4434
 4593
 4649
 4601
 4534
 4542
 4760
 4780
 4717
 4741
 4882
 4780
 4888
 4932
 4950
 4903
 4900
 4955
 4940
 5074
 5094
 4989
 5120
 5038
 5142
 5025
 5103
 5369
 5193
 5267
 5310
 5414
 5373
 5479
 5325
 5525
 5509
 5498
 5432
 5555
 5350
 5504
 5591
 5538
 5549
 5676
 5591
 5617
 5775
 5633
 5558
 5749
 5663
 5577
 5729
 5668
 5814
 5735
 5596
 5667
 5659
 5745
 5655
 5837
 5798
 5788
 5675
 5671
 5601
 5936
 5705
 5801
 5801
 5909
 5829
 5671
 5776
 5661
 5884
 5783
 5810
 5788
 5823
 5746
 5780
 5769
 5714
 5742
 5723
 5817
 5744
 5727
 5675
 5697
 5708
 5834
 5697
 5690
 5609
 5721
 5563
 5688
 5629
 5638
 5690
 5607
 5557
 5468
 5615
 5564
 5590
 5523
 5456
 5340
 5468
 5432
 5348
 5537
 5429
 5453
 5353
 5376
 5401
 5340
 5228
 5405
 5243
 5142
 5216
 5189
 5146
 5144
 5290
 5285
 5181
 5126
 5208
 5152
 5053
 4942
 5048
 5037
 5086
 4921
 5001
 5046
 4937
 4949
 4831
 4800
 4978
 4865
 4825
 4921
 4764
 4887
 4930
 4748
 4735
 4671
 4632
 4724
 4732
 4754
 4682
 4597
 4663
 4547
 4526
 4549
 4438
 4415
 4497
 4616
 4525
 4508
 4498
 4402
 4555
 4376
 4307
 4341
 4225
 4278
 4327
 4301
 4198
 4340
 4247
 4185
 4265
 4318
 4154
 4274
 4097
 4113
 4055
 4055
 4136
 4184
 4056
 4106
 4128
 3985
 4001
 3999
 3941
 3989
 3968
 4047
 3921
 3839
 3868
 3857
 3808
 3888
 3832
 3801
 3939
 3830
 3843
 3654
 3808
 3752
 3661
 3737
 3775
 3719
 3713
 3773
 3702
 3757
 3804
 3834
 3876
 3815
 3813
 3782
 3745
 3752
 3711
 3733
 3628
 3582
 3545
 3597
 3461
 3420
 3385
 3328
 3324
 3264
 3424
 3486
 3360
 3330
 3334
 3317
 3298
 3043
 3198
 3193
 3240
 3211
 3182
 3253
 3178
 3074
 3185
 3112
 3104
 3089
 3022
 3057
 3063
 3038
 3050
 2963
 3057
 3048
 3079
 2966
 2871
 3033
 2923
 2915
 3063
 2918
 2878
 2882
 3016
 2973
 2827
 2942
 2875
 2900
 2799
 2800
 2868
 2970
 2830
 2786
 2810
 2813
 2706
 2801
 2793
 2731
 2797
 2734
 2744
 2773
 2781
 2715
 2640
 2697
 2720
 2693
 2679
 2676
 2684
 2584
 2716
 2613
 2709
 2614
 2637
 2594
 2639
 2603
 2571
 2633
 2545
 2542
 2530
 2605
 2624
 2554
 2637
 2553
 2477
 2497
 2471
 2468
 2411
 2451
 2504
 2513
 2389
 2523
 2498
 2419
 2458
 2420
 2463
 2426
 2469
 2387
 2363
 2478
 2431
 2379
 2316
 2321
 2376
 2301
 2377
 2344
 2393
 2302
 2396
 2265
 2320
 2427
 2372
 2325
 2259
 2276
 2329
 2245
 2295
 2284
 2221
 2176
 2268
 2281
 2211
 2234
 2260
 2312
 2211
 2257
 2269
 2264
 2193
 2286
 2247
 2161
 2201
 2220
 2183
 2242
 2211
 2214
 2130
 2165
 2155
 2205
 2211
 2106
 2141
 2105
 2072
 2178
 2219
 2147
 2025
 2178
 2053
 2082
 2058
 2115
 2071
 2009
 2090
 2041
 2030
 2029
 2034
 1959
 2104
 2009
 2032
 2096
 2035
 2073
 1971
 2063
 1998
 2066
 2024
 1988
 2067
 1922
 1958
 1927
 1927
 1987
 1970
 1970
 1952
 1974
 1956
 1936
 1962
 1883
 1929
 1915
 1854
 1963
 1949
 1884
 1968
 1923
 1926
 1830
 1930
 1926
 1872
 1964
 1836
 1906
 1895
 1908
 1883
 1984
 1830
 1811
 1903
 1767
 1834
 1728
 1866
 1847
 1779
 1851
 1750
 1822
 1618
 1796
 1939
 1773
 1770
 1774
 1720
 1789
 1758
 1795
 1742
 1759
 1793
 1826
 1873
 1744
 1753
 1719
 1776
 1788
 1777
 1727
 1745
 1733
 1825
 1677
 1757
 1700
 1672
 1742
 1720
 1657
 1683
 1711
 1743
 1701
 1609
 1678
 1663
 1665
 1695
 1660
 1693
 1706
 1633
 1676
 1723
 1575
 1580
 1552
 1563
 1676
 1601
 1605
 1640
 1584
 1643
 1626
 1569
 1595
 1700
 1587
 1659
 1582
 1560
 1537
 1575
 1617
 1577
 1530
 1546
 1501
 1561
 1528
 1450
 1505
 1547
 1522
 1537
 1510
 1520
 1512
 1513
 1542
 1500
 1473
 1473
 1502
 1460
 1460
 1419
 1454
 1427
 1508
 1428
 1494
 1423
 1498
 1460
 1467
 1490
 1473
 1411
 1446
 1383
 1442
 1370
 1430
 1422
 1458
 1373
 1435
 1402
 1390
 1356
 1351
 1409
 1408
 1435
 1343
 1320
 1441
 1391
 1268
 1361
 1359
 1336
 1316
 1281
 1390
 1313
 1326
 1333
 1303
 1304
 1304
 1247
 1286
 1337
 1215
 1354
 1286
 1320
 1283
 1261
 1265
 1214
 1301
 1283
 1247
 1258
 1228
 1215
 1232
 1242
 1242
 1190
 1225
 1266
 1200
 1189
 1211
 1146
 1203
 1218
 1197
 1194
 1189
 1170
 1192
 1252
 1201
 1098
 1196
 1138
 1106
 1137
 1119
 1104
 1125
 1168
 1173
 1135
 1152
 1163
 1186
 1092
 1089
 1160
 1082
 1052
 1153
 1094
 1102
 1067
 1142
 1160
 1152
 1115
 1123
 1047
 1100
 1055
 1029
 1045
 1060
 1073
 1114
 1050
 1092
 1086
 1051
 1070
 1087
 1066
 1109
 1033
 1075
 1056
 1012
 1085
 1119
 1073
 1077
 1066
 1016
 1042
 1035
 1093
 1090
 1037
 1003
 1110
 986
 1066
 1118
 1051
 1009
 1042
 1085
 1111
 1030
 1045
 1051
 1006
 1070
 1042
 1032
 1004
 948
 1045
 1036
 1088
 951
 955
 1047
 1012
 955
 1019
 1021
 980
 1044
 1070
 1039
 1032
 995
 1075
 1050
 991
 1002
 1005
 1000
 993
 937
 1006
 951
 1008
 990
 1009
 1033
 1013
 1085
 1033
 1026
 997
 990
 1006
 1038
 978
 1024
 979
 943
 975
 1009
 966
 1024
 997
 1037
 1020
 1027
 943
 1025
 1042
 997
 1017
 989
 1033
 997
 1013
 1034
 1014
 984
 987
 978
 1008
 1027
 1045
 885
 985
 1064
 1025
 1054
 1004
 1024
 965
 958
 927
 998
 1004
 956
 998
 966
 979
 956
 979
 998
 1008
 915
 911
 929
 928
 922
 998
 969
 996
 956
 1006
 967
 979
 946
 993
 992
 957
 1003
 980
 1033
 910
 926
 942
 964
 961
 919
 964
 963
 944
 930
 975
 938
 935
 941
 981
 947
 938
 920
 952
 929
 1005
 932
 913
 964
 906
 874
 957
 989
 906
 921
 986
 938
 932
 923
 946
 935
 905
 951
 919
 967
 911
 908
 911
 918
 896
 971
 942
 910
 928
 914
 932
 975
 957
 886
 917
 921
 872
 978
 898
 910
 903
 871
 947
 873
 952
 925
 868
 885
 861
 893
 847
 932
 915
 847
 875
 875
 925
 939
 869
 852
 857
 881
 826
 824
 884
 857
 903
 853
 912
 877
 834
 881
 855
 858
 946
 841
 929
 862
 832
 849
 874
 847
 894
 849
 860
 857
 871
 814
 881
 806
 870
 838
 869
 878
 864
 794
 814
 855
 831
 903
 858
 803
 800
 884
 820
 862
 828
 847
 844
 859
 806
 826
 859
 842
 815
 865
 834
 836
 853
 816
 756
 785
 800
 759
 866
 789
 803
 841
 775
 837
 783
 825
 772
 792
 769
 844
 803
 729
 715
 812
 802
 802
 765
 795
 784
 779
 743
 800
 798
 787
 805
 777
 750
 805
 780
 789
 779
 752
 797
 748
 823
 783
 786
 767
 798
 782
 761
 769
 780
 774
 828
 747
 789
 791
 753
 752
 797
 789
 807
 770
 758
 750
 728
 762
 833
 746
 742
 734
 744
 736
 744
 748
 733
 713
 742
 715
 719
 800
 712
 719
 689
 709
 733
 746
 758
 737
 748
 694
 690
 692
 768
 753
 702
 764
 758
 726
 707
 767
 668
 734
 732
 736
 738
 724
 716
 751
 691
 731
 707
 713
 679
 687
 733
 688
 701
 678
 670
 676
 704
 688
 728
 692
 686
 714
 729
 714
 724
 669
 696
 681
 685
 690
 680
 625
 708
 709
 646
 669
 693
 697
 632
 736
 681
 676
 723
 654
 686
 647
 662
 655
 687
 702
 702
 737
 664
 694
 686
 646
 734
 667
 697
 716
 682
 683
 649
 685
 638
 663
 609
 664
 658
 685
 675
 668
 655
 639
 624
 657
 654
 599
 652
 655
 707
 680
 649
 630
 662
 655
 697
 661
 669
 681
 650
 621
 615
 659
 642
 600
 644
 597
 632
 632
 622
 626
 621
 639
 640
 662
 595
 621
 611
 635
 672
 596
 653
 642
 654
 650
 639
 625
 637
 617
 657
 652
 617
 626
 634
 612
 619
 642
 589
 619
 631
 625
 601
 637
 640
 636
 622
 622
 662
 615
 694
 581
 638
 630
 590
 587
 634
 646
 589
 629
 587
 612
 596
 608
 669
 586
 607
 621
 620
 625
 646
 611
 659
 590
 634
 578
 586
 597
 632
 631
 636
 619
 599
 612
 562
 604
 615
 605
 625
 569
 605
 587
 616
 568
 641
 594
 591
 587
 638
 606
 624
 605
 598
 548
 550
 605
 621
 561
 575
 595
 604
 635
 596
 598
 599
 539
 588
 548
 577
 548
 603
 570
 592
 619
 624
 617
 646
 614
 625
 622
 632
 556
 546
 613
 596
 627
 554
 536
 563
 550
 557
 571
 593
 578
 548
 588
 572
 602
 641
 553
 637
 610
 604
 596
 636
 529
 597
 565
 587
 576
 616
 569
 576
 603
 580
 572
 575
 541
 598
 553
 568
 608
 593
 546
 554
 567
 567
 555
 565
 582
 576
 601
 566
 575
 556
 580
 576
 568
 565
 573
 596
 559
 577
 594
 616
 573
 565
 580
 637
 620
 589
 579
 645
 579
 600
 611
 612
 581
 582
 585
 604
 661
 632
 577
 611
 607
 605
 573
 583
 607
 586
 622
 553
 604
 574
 556
 627
 599
 596
 525
 555
 609
 555
 542
 541
 564
 529
 518
 572
 584
 523
 636
 570
 548
 559
 582
 584
 533
 541
 536
 581
 540
 554
 593
 554
 551
 553
 533
 523
 577
 552
 594
 552
 551
 572
 537
 549
 541
 541
 545
 566
 571
 545
 534
 576
 553
 551
 568
 522
 556
 512
 561
 519
 562
 536
 554
 555
 564
 589
 534
 533
 548
 505
 528
 514
 472
 502
 477
 488
 458
 452
 453
 436
 444
 431
 417
 387
 386
 388
 367
 392
 369
 363
 386
 389
 382
 403
 423
 388
 377
 410
 366
 395
 392
 356
 374
 345
 374
 353
 388
 350
 382
 348
 370
 378
 355
 389
 390
 345
 386
 374
 340
 348
 381
 385
 355
 348
 368
 352
 389
 351
 350
 368
 325
 374
 353
 340
 329
 352
 341
 343
 375
 353
 342
 346
 343
 356
 316
 334
 370
 368
 356
 399
 350
 347
 345
 353
 366
 341
 383
 357
 344
 342
 348
 331
 323
 341
 335
 338
 349
 345
 360
 335
 329
 339
 334
 360
 324
 328
 342
 334
 367
 315
 347
 316
 305
 338
 331
 290
 330
 302
 342
 305
 331
 304
 344
 340
 343
 320
 313
 325
 339
 313
 343
 306
 332
 349
 318
 321
 324
 312
 311
 302
 262
 333
 342
 292
 308
 313
 280
 299
 337
 321
 306
 304
 304
 286
 296
 327
 298
 296
 290
 305
 298
 285
 317
 298
 301
 298
 309
 325
 309
 314
 269
 309
 290
 305
 291
 279
 309
 314
 285
 272
 301
 290
 300
 314
 304
 281
 307
 301
 265
 292
 279
 274
 289
 294
 282
 288
 282
 287
 289
 275
 288
 311
 269
 290
 268
 284
 307
 268
 272
 250
 232
 264
 273
 297
 267
 249
 280
 276
 289
 265
 244
 274
 263
 278
 257
 273
 273
 247
 233
 273
 283
 243
 265
 275
 278
 287
 271
 270
 268
 273
 265
 228
 265
 277
 255
 263
 313
 251
 288
 285
 285
 239
 288
 255
 262
 258
 225
 277
 264
 284
 262
 259
 285
 250
 259
 261
 241
 245
 258
 236
 260
 246
 239
 238
 245
 232
 241
 230
 271
 239
 254
 249
 246
 252
 253
 241
 239
 247
 243
 257
 249
 212
 263
 253
 232
 235
 240
 230
 229
 254
 258
 230
 245
 274
 245
 233
 220
 250
 266
 223
 212
 207
 232
 224
 217
 223
 245
 237
 263
 211
 227
 248
 234
 225
 230
 238
 246
 247
 219
 194
 227
 236
 213
 240
 208
 274
 242
 229
 245
 250
 236
 232
 231
 237
 255
 252
 256
 207
 251
 244
 226
 239
 254
 221
 209
 239
 210
 233
 244
 243
 218
 214
 215
 220
 223
 215
 213
 232
 223
 212
 222
 211
 213
 223
 207
 232
 225
 239
 219
 215
 237
 217
 217
 228
 242
 225
 221
 212
 245
 212
 195
 218
 205
 202
 210
 222
 231
 206
 230
 213
 194
 203
 204
 220
 209
 219
 220
 205
 216
 183
 209
 251
 194
 218
 208
 206
 213
 216
 193
 203
 213
 214
 209
 225
 226
 198
 203
 220
 191
 208
 204
 233
 233
 194
 167
 208
 197
 212
 202
 173
 195
 196
 188
 198
 205
 180
 193
 173
 180
 201
 189
 190
 220
 163
 207
 193
 198
 208
 186
 193
 194
 192
 179
 205
 191
 196
 191
 211
 200
 179
 186
 178
 177
 174
 190
 186
 192
 192
 157
 159
 195
 170
 209
 171
 202
 178
 152
 170
 187
 143
 173
 175
 186
 187
 171
 148
 191
 178
 183
 178
 162
 163
 160
 166
 160
 177
 166
 143
 164
 177
 154
 173
 165
 168
 149
 170
 159
 149
 162
 148
 154
 176
 164
 157
 145
 170
 158
 163
 162
 159
 145
 156
 156
 160
 160
 159
 133
 154
 157
 132
 157
 163
 159
 129
 136
 152
 166
 144
 140
 162
 157
 145
 146
 133
 149
 136
 149
 130
 122
 142
 127
 121
 127
 144
 139
 148
 147
 144
 141
 138
 129
 144
 145
 118
 141
 131
 136
 126
 119
 152
 125
 118
 126
 139
 132
 130
 136
 115
 108
 121
 113
 113
 113
 102
 116
 117
 116
 111
 119
 108
 100
 104
 108
 116
 108
 123
 125
 98
 98
 152
 136
 129
 101
 104
 110
 110
 116
 118
 99
 110
 107
 126
 99
 101
 111
 103
 95
 96
 105
 112
 101
 118
 95
 89
 103
 91
 100
 92
 107
 84
 83
 95
 96
 114
 98
 99
 97
 103
 113
 96
 113
 86
 85
 90
 96
 112
 101
 78
 91
 86
 69
 81
 92
 94
 80
 90
 94
 93
 87
 92
 78
 94
 109
 86
 84
 109
 72
 75
 77
 95
 88
 87
 80
 83
 83
 81
 95
 87
 95
 74
 81
 78
 94
 89
 100
 69
 70
 82
 110
 76
 83
 69
 87
 84
 70
 74
 74
 76
 67
 71
 73
 85
 76
 73
 80
 87
 91
 67
 74
 103
 83
 88
 85
 73
 60
 85
 75
 65
 76
 78
 70
 82
 70
 85
 88
 66
 72
 79
 69
 72
 70
 76
 64
 75
 59
 63
 77
 69
 65
 72
 51
 67
 78
 74
 74
 60
 55
 78
 72
 61
 86
 68
 67
 71
 68
 64
 71
 78
 61
 63
 59
 56
 57
 67
 70
 68
 66
 56
 72
 82
 60
 91
 56
 65
 52
 70
 76
 71
 65
 61
 60
 65
 62
 70
 66
 71
 66
 55
 69
 66
 58
 57
 67
 50
 66
 57
 55
 60
 82
 63
 57
 72
 58
 56
 70
 56
 60
 53
 50
 65
 71
 41
 49
 51
 58
 50
 60
 68
 56
 64
 61
 46
 57
 60
 67
 49
 61
 52
 56
 67
 53
 55
 57
 61
 64
 64
 50
 60
 53
 51
 44
 56
 48
 54
 53
 59
 60
 54
 58
 55
 57
 52
 52
 46
 65
 51
 57
 58
 56
 60
 40
 43
 77
 42
 53
 38
 71
 50
 55
 50
 53
 37
 40
 51
 51
 59
 53
 44
 46
 51
 51
 38
 65
 46
 49
 50
 54
 57
 64
 44
 44
 58
 57
 44
 50
 49
 48
 45
 48
 55
 47
 48
 58
 47
 62
 52
 47
 43
 52
 47
 58
 43
 51
 69
 43
 42
 64
 42
 46
 44
 41
 56
 34
 47
 44
 46
 53
 65
 39
 35
 43
 38
 39
 39
 46
 56
 56
 49
 48
 45
 51
 57
 55
 51
 55
 36
 45
 43
 46
 53
 55
 52
 48
 52
 45
 55
 42
 61
 52
 55
 59
 46
 54
 52
 41
 41
 47
 50
 48
 40
 58
 41
 53
 49
 51
 53
 38
 45
 45
 44
 44
 46
 48
 44
 51
 40
 46
 50
 42
 38
 49
 41
 44
 39
 40
 38
 37
 49
 39
 43
 48
 48
 45
 42
 46
 43
 50
 35
 46
 40
 35
 26
 41
 31
 51
 44
 35
 42
 33
 46
 38
 45
 40
 49
 50
 43
 50
 38
 32
 47
 39
 42
 35
 42
 42
 48
 34
 53
 36
 34
 41
 31
 46
 43
 28
 38
 36
 39
 39
 43
 39
 42
 30
 47
 36
 45
 36
 32
 43
 46
 41
 42
 40
 51
 36
 51
 48
 42
 38
 46
 40
 42
 39
 37
 41
 33
 27
 34
 27
 41
 38
 37
 34
 43
 46
 41
 25
 28
 37
 30
 42
 29
 44
 34
 38
 35
 36
 39
 30
 37
 30
 38
 38
 29
 33
 45
 34
 39
 26
 40
 44
 38
 31
 29
 26
 43
 17
 28
 38
 28
 41
 41
 38
 31
 35
 37
 31
 25
 46
 41
 30
 44
 24
 33
 33
 35
 37
 36
 21
 35
 35
 29
 29
 27
 42
 38
 33
 39
 33
 39
 27
 29
 42
 30
 36
 38
 44
 32
 35
 31
 33
 31
 24
 36
 38
 33
 31
 42
 32
 36
 41
 27
 36
 33
 31
 28
 35
 30
 31
 33
 35
 28
 36
 41
 31
 28
 34
 35
 34
 33
 25
 34
 29
 27
 25
 26
 35
 36
 29
 28
 38
 23
 20
 34
 35
 31
 26
 26
 30
 36
 25
 34
 24
 29
 37
 20
 27
 34
 33
 27
 41
 27
 33
 25
 25
 26
 27
 21
 26
 21
 25
 35
 21
 24
 22
 23
 32
 30
 29
 24
 30
 22
 25
 16
 24
 33
 33
 23
 32
 16
 24
 27
 26
 24
 22
 29
 24
 29
 30
 18
 19
 29
 32
 25
 26
 33
 28
 27
 24
 24
 17
 22
 26
 22
 25
 29
 28
 31
 29
 15
 25
 23
 31
 24
 21
 21
 24
 25
 21
 35
 27
 14
 20
 29
 23
 30
 27
 20
 26
 19
 27
 18
 20
 16
 23
 29
 26
 19
 14
 26
 20
 19
 27
 24
 21
 17
 25
 23
 20
 24
 24
 25
 14
 28
 22
 21
 15
 28
 25
 22
 22
 23
 24
 26
 17
 27
 21
 20
 28
 26
 23
 25
 23
 14
 22
 24
 25
 29
 22
 20
 23
 19
 31
 18
 18
 25
 20
 33
 20
 35
 24
 24
 13
 19
 9
 20
 26
 32
 20
 24
 24
 24
 30
 22
 17
 19
 20
 23
 9
 18
 25
 16
 11
 18
 17
 27
 19
 17
 15
 22
 21
 19
 17
 15
 17
 10
 16
 22
 20
 20
 15
 19
 10
 22
 15
 17
 18
 15
 15
 11
 23
 17
 27
 26
 18
 16
 14
 20
 14
 18
 14
 17
 19
 23
 24
 12
 17
 24
 23
 15
 19
 17
 13
 15
 16
 26
 16
 20
 16
 17
 13
 22
 11
 25
 22
 7
 19
 15
 19
 19
 17
 17
 10
 18
 20
 17
 15
 19
 19
 14
 21
 17
 21
 18
 18
 18
 15
 19
 15
 15
 15
 18
 16
 21
 20
 10
 21
 11
 14
 13
 18
 19
 20
 16
 10
 11
 14
 10
 15
 13
 21
 8
 15
 19
 17
 21
 20
 8
 11
 14
 18
 23
 16
 18
 14
 15
 11
 16
 11
 11
 13
 11
 20
 14
 17
 16
 16
 9
 16
 17
 13
 18
 18
 21
 16
 15
 21
 13
 12
 17
 12
 7
 9
 18
 10
 19
 14
 14
 17
 17
 16
 14
 10
 15
 13
 15
 10
 17
 12
 16
 11
 15
 14
 11
 16
 13
 14
 17
 17
 10
 21
 12
 16
 7
 14
 14
 12
 12
 17
 16
 11
 15
 13
 18
 11
 17
 9
 16
 11
 15
 9
 9
 13
 11
 20
 9
 14
 18
 8
 10
 17
 17
 16
 16
 16
 15
 10
 11
 18
 14
 12
 12
 17
 17
 9
 6
 10
 13
 18
 16
 9
 12
 11
 13
 17
 17
 14
 10
 10
 9
 5
 10
 15
 14
 17
 9
 12
 19
 13
 16
 22
 13
 16
 13
 8
 9
 8
 16
 15
 6
 4
 22
 7
 9
 14
 11
 11
 13
 9
 10
 10
 11
 9
 9
 19
 12
 13
 21
 8
 13
 18
 9
 12
 9
 5
 10
 15
 18
 9
 4
 6
 7
 16
 9
 11
 15
 10
 15
 15
 9
 8
 8
 15
 13
 20
 7
 9
 14
 14
 10
 9
 13
 9
 12
 11
 19
 11
 10
 7
 12
 21
 7
 10
 6
 10
 8
 13
 8
 12
 11
 15
 5
 16
 4
 12
 12
 12
 12
 7
 12
 15
 12
 5
 8
 15
 14
 12
 7
 13
 9
 10
 11
 13
 9
 9
 10
 7
 9
 10
 10
 6
 13
 9
 8
 6
 11
 13
 14
 9
 12
 9
 10
 11
 12
 7
 6
 14
 9
 10
 11
 7
 11
 11
 8
 18
 9
 3
 13
 17
 12
 7
 11
 11
 15
 11
 12
 14
 5
 6
 7
 8
 13
 9
 13
 6
 10
 6
 14
 7
 12
 17
 14
 7
 14
