VERSION:    3.1
ELEMENTS:              1
DATE:       MAR 11, 2010 07:30:20.465
CHANNELS:           4000
ROIS:        0
REAL_TIME:   1215.9100342
LIVE_TIME:   1200.3100586
CAL_OFFSET:  8.8112198e-002
CAL_SLOPE:   3.1493530e-002
CAL_QUAD:    0.0000000e+000
TWO_THETA:   9.9946346
DATA: 
 0
 0
 0
 0
 0
 0
 0
 0
 0
 0
 0
 0
 0
 0
 0
 0
 0
 0
 0
 0
 0
 0
 0
 0
 0
 0
 0
 0
 0
 0
 0
 0
 0
 0
 0
 0
 0
 0
 0
 0
 0
 0
 0
 0
 0
 0
 0
 0
 0
 0
 0
 0
 0
 0
 0
 0
 0
 0
 0
 0
 0
 0
 0
 0
 0
 0
 0
 0
 0
 0
 0
 18
 19
 14
 18
 9
 24
 13
 15
 21
 13
 15
 21
 19
 17
 21
 24
 18
 33
 13
 16
 22
 19
 22
 22
 15
 21
 21
 9
 18
 20
 22
 18
 25
 15
 22
 17
 25
 16
 26
 16
 17
 24
 22
 19
 14
 18
 20
 20
 15
 25
 27
 11
 25
 28
 22
 26
 22
 16
 11
 18
 19
 30
 21
 30
 18
 14
 17
 22
 20
 21
 28
 28
 27
 18
 28
 26
 34
 24
 33
 23
 12
 23
 27
 28
 28
 27
 39
 30
 33
 26
 26
 23
 31
 36
 30
 32
 27
 37
 24
 25
 26
 44
 25
 34
 28
 38
 23
 29
 31
 27
 31
 57
 33
 28
 38
 43
 37
 39
 44
 32
 42
 37
 41
 26
 37
 27
 41
 32
 38
 40
 42
 51
 35
 40
 41
 52
 44
 51
 43
 36
 45
 44
 39
 42
 40
 41
 42
 36
 50
 38
 56
 55
 54
 40
 32
 42
 36
 50
 45
 57
 55
 63
 56
 55
 65
 69
 54
 51
 72
 47
 60
 65
 49
 53
 48
 54
 56
 51
 58
 64
 65
 49
 45
 60
 72
 57
 60
 52
 54
 61
 57
 59
 54
 56
 54
 59
 47
 59
 59
 66
 59
 69
 57
 46
 64
 56
 63
 68
 46
 58
 54
 61
 71
 59
 68
 70
 65
 52
 56
 68
 74
 68
 62
 64
 67
 70
 64
 72
 86
 80
 66
 90
 72
 75
 65
 73
 83
 69
 97
 81
 73
 83
 81
 72
 81
 82
 80
 77
 66
 87
 91
 74
 75
 85
 76
 70
 79
 83
 84
 65
 83
 92
 80
 82
 79
 79
 69
 91
 78
 97
 86
 89
 76
 73
 90
 74
 95
 98
 72
 94
 90
 105
 81
 75
 75
 95
 93
 86
 81
 83
 78
 87
 84
 80
 94
 89
 84
 87
 93
 91
 97
 94
 94
 101
 102
 105
 94
 93
 91
 104
 94
 91
 92
 91
 99
 94
 94
 98
 112
 97
 91
 93
 99
 91
 99
 95
 85
 101
 91
 95
 77
 75
 90
 89
 92
 92
 106
 122
 106
 103
 97
 104
 85
 102
 91
 110
 82
 106
 98
 111
 115
 105
 104
 111
 99
 88
 97
 121
 118
 106
 121
 92
 104
 98
 111
 120
 102
 132
 106
 112
 120
 127
 110
 113
 99
 114
 117
 125
 135
 119
 117
 105
 112
 108
 118
 115
 133
 104
 130
 123
 133
 150
 133
 122
 129
 139
 119
 139
 135
 141
 150
 135
 143
 132
 154
 157
 126
 149
 126
 147
 160
 168
 142
 167
 144
 156
 192
 165
 165
 175
 200
 164
 205
 202
 221
 214
 250
 222
 230
 228
 213
 191
 194
 211
 214
 187
 179
 208
 181
 182
 178
 190
 178
 205
 210
 180
 208
 210
 197
 207
 216
 196
 224
 235
 224
 191
 212
 212
 241
 232
 237
 222
 236
 225
 240
 251
 258
 252
 267
 262
 271
 314
 299
 327
 319
 336
 328
 403
 397
 415
 418
 414
 390
 453
 397
 386
 377
 367
 343
 360
 334
 342
 339
 340
 343
 340
 332
 336
 321
 373
 347
 384
 355
 338
 362
 368
 385
 419
 431
 392
 374
 427
 353
 407
 416
 371
 418
 434
 380
 456
 425
 455
 436
 454
 475
 456
 445
 494
 521
 490
 457
 463
 524
 474
 529
 495
 540
 554
 482
 554
 601
 565
 590
 591
 580
 567
 609
 636
 611
 607
 661
 621
 580
 610
 669
 665
 644
 631
 624
 631
 709
 660
 698
 700
 694
 646
 693
 680
 747
 704
 721
 751
 727
 750
 683
 731
 792
 739
 772
 795
 809
 796
 780
 834
 805
 826
 833
 837
 798
 847
 822
 821
 864
 850
 873
 875
 821
 863
 878
 886
 865
 890
 854
 898
 914
 865
 855
 914
 900
 860
 873
 913
 915
 907
 877
 959
 944
 949
 944
 959
 966
 948
 975
 961
 974
 985
 1037
 977
 952
 998
 991
 1019
 999
 995
 969
 971
 1016
 1045
 1006
 995
 1062
 1082
 1032
 992
 1064
 1095
 1031
 1069
 1086
 1087
 1065
 1078
 1082
 1138
 1035
 1039
 1099
 1128
 1153
 1135
 1119
 1116
 1139
 1112
 1122
 1164
 1142
 1156
 1177
 1203
 1187
 1162
 1198
 1160
 1186
 1257
 1154
 1169
 1224
 1223
 1220
 1180
 1200
 1237
 1174
 1190
 1244
 1263
 1237
 1250
 1260
 1246
 1293
 1243
 1247
 1249
 1330
 1281
 1323
 1251
 1246
 1291
 1255
 1257
 1323
 1289
 1296
 1279
 1320
 1337
 1243
 1301
 1342
 1280
 1177
 1276
 1279
 1226
 1227
 1220
 1294
 1281
 1337
 1209
 1276
 1239
 1287
 1201
 1247
 1231
 1206
 1211
 1250
 1193
 1153
 1178
 1124
 1151
 1177
 1164
 1154
 1096
 1131
 1179
 1044
 1154
 1042
 1054
 1124
 1098
 1062
 1059
 1087
 1023
 968
 1067
 1062
 997
 981
 998
 960
 1005
 960
 963
 990
 984
 957
 991
 952
 938
 946
 907
 945
 902
 854
 854
 875
 917
 892
 906
 888
 882
 895
 920
 871
 928
 837
 851
 870
 874
 888
 823
 864
 904
 847
 881
 867
 873
 866
 839
 901
 811
 807
 877
 812
 846
 813
 813
 842
 820
 863
 867
 808
 855
 783
 833
 853
 870
 824
 871
 808
 849
 824
 849
 862
 840
 814
 877
 878
 879
 887
 829
 866
 836
 868
 865
 835
 827
 871
 829
 806
 819
 877
 902
 867
 868
 864
 872
 861
 824
 809
 856
 830
 898
 874
 927
 872
 847
 866
 879
 880
 853
 914
 840
 863
 880
 887
 866
 933
 861
 880
 935
 887
 820
 869
 873
 858
 872
 874
 879
 866
 896
 805
 849
 868
 880
 876
 872
 900
 861
 827
 828
 872
 882
 914
 875
 857
 872
 873
 850
 779
 841
 807
 840
 830
 902
 820
 862
 870
 863
 817
 856
 901
 836
 833
 838
 875
 822
 876
 795
 909
 820
 847
 854
 874
 814
 844
 863
 746
 844
 876
 779
 874
 845
 827
 837
 823
 806
 810
 815
 798
 789
 826
 796
 803
 816
 834
 842
 806
 812
 840
 846
 796
 803
 837
 792
 806
 800
 846
 773
 775
 733
 799
 776
 821
 790
 767
 701
 748
 733
 757
 778
 752
 765
 725
 716
 738
 803
 779
 731
 754
 749
 736
 733
 751
 683
 698
 747
 688
 693
 727
 733
 739
 731
 698
 727
 730
 717
 668
 674
 736
 726
 683
 721
 689
 673
 661
 668
 655
 717
 664
 719
 726
 706
 663
 692
 695
 729
 684
 679
 663
 633
 691
 677
 666
 650
 693
 680
 642
 637
 638
 707
 658
 686
 665
 691
 637
 646
 656
 621
 652
 631
 662
 647
 651
 638
 682
 646
 666
 669
 660
 654
 641
 651
 700
 678
 680
 673
 693
 687
 693
 645
 665
 664
 680
 685
 711
 659
 642
 704
 654
 681
 703
 710
 623
 680
 655
 642
 609
 674
 672
 675
 684
 710
 674
 674
 732
 722
 661
 691
 653
 664
 718
 687
 653
 738
 660
 679
 659
 683
 739
 690
 704
 675
 654
 663
 674
 705
 657
 679
 668
 690
 713
 706
 707
 721
 667
 631
 705
 688
 687
 678
 706
 708
 711
 642
 681
 732
 685
 710
 692
 739
 684
 667
 661
 688
 706
 690
 693
 663
 665
 672
 694
 632
 700
 699
 689
 700
 700
 675
 705
 688
 685
 608
 667
 639
 729
 686
 671
 682
 679
 686
 669
 670
 636
 663
 636
 663
 645
 683
 655
 649
 619
 675
 588
 661
 667
 678
 614
 578
 687
 689
 558
 671
 666
 652
 620
 695
 637
 653
 627
 661
 623
 643
 676
 626
 649
 603
 664
 620
 604
 632
 600
 591
 626
 629
 608
 633
 563
 601
 613
 585
 609
 611
 587
 590
 600
 620
 636
 612
 569
 624
 602
 577
 626
 570
 585
 622
 568
 598
 588
 582
 596
 571
 538
 593
 558
 622
 573
 572
 589
 593
 566
 573
 547
 607
 529
 596
 547
 545
 545
 563
 577
 585
 563
 565
 547
 542
 573
 535
 568
 594
 520
 521
 551
 509
 565
 565
 563
 561
 567
 515
 534
 535
 526
 525
 476
 527
 556
 512
 505
 585
 522
 551
 505
 516
 504
 565
 502
 527
 496
 468
 497
 489
 508
 497
 514
 521
 511
 529
 492
 502
 500
 508
 503
 507
 466
 503
 506
 488
 462
 495
 496
 489
 466
 496
 502
 490
 483
 473
 492
 475
 479
 433
 478
 479
 472
 471
 473
 482
 503
 458
 475
 504
 509
 429
 482
 462
 454
 439
 472
 411
 465
 471
 429
 473
 459
 477
 451
 451
 452
 428
 408
 454
 409
 423
 429
 442
 444
 472
 454
 410
 425
 435
 404
 410
 420
 434
 408
 398
 411
 426
 459
 422
 412
 421
 438
 442
 401
 430
 422
 368
 399
 391
 407
 426
 393
 408
 397
 411
 403
 369
 373
 373
 387
 379
 365
 387
 388
 382
 395
 377
 383
 407
 387
 364
 413
 393
 426
 358
 373
 378
 379
 413
 394
 400
 366
 364
 353
 372
 406
 387
 374
 383
 369
 371
 379
 379
 396
 361
 372
 367
 370
 356
 382
 337
 370
 356
 400
 399
 328
 354
 355
 351
 329
 361
 376
 334
 331
 357
 346
 343
 337
 339
 339
 349
 337
 331
 295
 331
 311
 347
 327
 343
 322
 345
 361
 336
 322
 356
 362
 354
 372
 322
 376
 332
 373
 347
 325
 327
 333
 329
 336
 359
 358
 318
 333
 312
 318
 349
 334
 323
 299
 338
 323
 328
 343
 293
 314
 335
 316
 364
 333
 321
 316
 328
 356
 342
 292
 308
 337
 326
 297
 322
 348
 310
 296
 360
 285
 277
 328
 352
 313
 317
 296
 346
 301
 297
 329
 309
 356
 315
 301
 295
 326
 331
 275
 313
 311
 287
 304
 304
 341
 316
 311
 298
 310
 321
 301
 302
 325
 292
 285
 291
 292
 283
 288
 302
 310
 300
 298
 298
 272
 307
 293
 287
 281
 300
 285
 298
 311
 285
 283
 277
 277
 293
 312
 308
 278
 292
 290
 262
 295
 283
 309
 272
 248
 282
 277
 273
 272
 256
 285
 282
 269
 284
 278
 249
 251
 267
 268
 271
 233
 256
 275
 259
 253
 275
 268
 329
 260
 281
 271
 258
 232
 266
 271
 252
 277
 276
 236
 269
 247
 261
 263
 261
 233
 254
 291
 256
 252
 255
 254
 271
 260
 280
 261
 280
 252
 240
 244
 252
 265
 250
 243
 277
 255
 241
 235
 254
 264
 231
 243
 251
 265
 252
 246
 244
 218
 244
 227
 248
 231
 228
 235
 261
 235
 248
 248
 234
 222
 275
 235
 210
 223
 243
 258
 249
 233
 249
 249
 231
 237
 232
 233
 235
 246
 242
 230
 238
 238
 243
 231
 254
 236
 271
 250
 202
 245
 241
 234
 265
 236
 220
 243
 242
 238
 239
 220
 261
 224
 224
 209
 228
 242
 233
 242
 225
 236
 229
 204
 227
 196
 232
 233
 240
 239
 218
 236
 202
 223
 236
 234
 239
 227
 224
 228
 216
 225
 218
 223
 239
 225
 261
 230
 222
 242
 230
 237
 217
 239
 215
 222
 256
 239
 221
 221
 205
 221
 214
 214
 254
 252
 252
 219
 267
 234
 230
 203
 240
 237
 231
 201
 216
 229
 225
 181
 225
 215
 235
 225
 208
 233
 228
 222
 228
 188
 225
 225
 245
 211
 222
 218
 238
 210
 215
 205
 241
 205
 214
 242
 212
 225
 232
 248
 224
 235
 212
 212
 234
 240
 231
 225
 224
 236
 223
 218
 224
 220
 205
 214
 239
 205
 230
 198
 210
 176
 225
 193
 197
 215
 212
 196
 200
 163
 193
 196
 210
 184
 183
 201
 221
 227
 208
 189
 192
 223
 227
 201
 195
 185
 193
 205
 180
 180
 209
 200
 188
 171
 175
 188
 214
 198
 192
 186
 208
 197
 168
 187
 198
 181
 205
 182
 169
 194
 201
 199
 187
 191
 188
 155
 182
 185
 209
 213
 187
 176
 190
 195
 189
 172
 184
 174
 181
 160
 181
 176
 162
 178
 191
 179
 203
 165
 159
 170
 197
 176
 178
 174
 177
 171
 182
 190
 189
 182
 183
 183
 186
 155
 185
 176
 167
 170
 176
 192
 165
 175
 154
 184
 146
 158
 151
 170
 156
 154
 151
 157
 196
 163
 167
 170
 181
 178
 180
 181
 152
 165
 165
 158
 165
 173
 170
 146
 154
 154
 141
 139
 164
 145
 163
 133
 145
 146
 132
 189
 167
 144
 152
 170
 175
 146
 164
 138
 166
 138
 164
 162
 164
 175
 145
 148
 151
 155
 132
 166
 145
 131
 149
 168
 158
 179
 187
 162
 142
 142
 136
 143
 158
 154
 132
 138
 173
 152
 145
 165
 170
 144
 146
 145
 161
 148
 181
 153
 146
 153
 141
 142
 149
 134
 163
 155
 142
 138
 146
 163
 143
 138
 128
 143
 152
 154
 148
 144
 165
 152
 108
 141
 142
 156
 153
 129
 148
 136
 126
 154
 146
 159
 156
 147
 165
 134
 136
 140
 166
 117
 162
 143
 110
 150
 139
 143
 164
 156
 123
 151
 139
 138
 136
 138
 145
 143
 164
 112
 148
 150
 126
 142
 156
 123
 119
 130
 156
 112
 119
 112
 146
 141
 132
 122
 132
 144
 139
 128
 113
 143
 149
 124
 134
 115
 119
 135
 129
 120
 121
 144
 130
 132
 96
 120
 121
 123
 123
 134
 128
 104
 105
 118
 109
 139
 113
 157
 116
 108
 133
 115
 112
 128
 91
 117
 94
 114
 98
 92
 72
 76
 98
 84
 92
 91
 100
 77
 97
 88
 94
 83
 102
 85
 74
 77
 79
 87
 99
 91
 86
 83
 87
 85
 95
 77
 85
 73
 93
 96
 72
 75
 81
 94
 91
 75
 103
 85
 104
 70
 82
 74
 76
 68
 67
 85
 79
 71
 78
 80
 95
 85
 92
 70
 98
 76
 89
 82
 95
 74
 65
 71
 74
 81
 71
 71
 88
 72
 76
 73
 82
 74
 82
 79
 84
 74
 72
 60
 75
 61
 73
 71
 86
 71
 85
 93
 79
 72
 73
 59
 71
 67
 88
 69
 67
 75
 68
 73
 66
 70
 79
 64
 77
 67
 65
 75
 71
 73
 90
 95
 87
 79
 79
 69
 84
 73
 66
 74
 65
 72
 76
 59
 80
 69
 85
 74
 80
 72
 73
 70
 87
 67
 76
 67
 75
 78
 76
 57
 62
 68
 70
 60
 85
 65
 55
 71
 58
 60
 63
 50
 61
 69
 67
 77
 59
 66
 72
 59
 66
 62
 67
 50
 73
 69
 63
 56
 62
 76
 68
 75
 51
 89
 74
 77
 63
 73
 58
 64
 58
 71
 85
 74
 67
 58
 67
 70
 49
 54
 56
 70
 67
 76
 71
 65
 57
 71
 51
 63
 67
 61
 49
 62
 76
 60
 59
 64
 66
 60
 58
 56
 76
 64
 66
 59
 42
 53
 69
 60
 63
 64
 50
 57
 52
 59
 51
 44
 63
 48
 49
 52
 47
 47
 64
 55
 60
 56
 43
 54
 65
 54
 47
 61
 62
 67
 49
 64
 71
 54
 66
 49
 62
 54
 64
 61
 53
 56
 57
 68
 43
 43
 54
 58
 64
 62
 54
 60
 59
 63
 67
 51
 46
 65
 62
 64
 45
 53
 49
 49
 44
 60
 51
 51
 59
 62
 52
 50
 56
 57
 53
 43
 49
 46
 49
 51
 65
 60
 55
 70
 43
 56
 53
 67
 48
 43
 38
 48
 60
 61
 64
 61
 40
 52
 70
 67
 55
 50
 49
 62
 48
 50
 43
 54
 49
 49
 57
 45
 54
 57
 62
 57
 48
 57
 49
 54
 49
 53
 37
 50
 42
 47
 44
 51
 57
 37
 41
 51
 56
 39
 40
 53
 54
 51
 43
 51
 49
 47
 44
 32
 44
 43
 49
 44
 47
 39
 53
 50
 57
 44
 32
 65
 48
 44
 53
 58
 55
 49
 39
 37
 42
 35
 45
 47
 32
 58
 38
 34
 40
 37
 50
 53
 37
 47
 49
 43
 37
 40
 40
 43
 44
 42
 39
 45
 53
 37
 59
 48
 41
 33
 45
 41
 32
 34
 32
 42
 55
 33
 51
 30
 43
 43
 43
 33
 46
 32
 46
 44
 30
 45
 27
 50
 45
 59
 43
 48
 31
 35
 38
 43
 41
 49
 33
 42
 35
 42
 34
 35
 38
 27
 43
 40
 33
 40
 38
 49
 37
 44
 40
 27
 43
 31
 37
 29
 39
 34
 33
 32
 52
 52
 43
 36
 43
 48
 37
 41
 39
 49
 34
 39
 38
 41
 26
 35
 40
 34
 38
 40
 39
 30
 46
 39
 43
 37
 41
 34
 33
 45
 46
 38
 35
 40
 35
 43
 30
 42
 29
 38
 27
 29
 36
 39
 37
 31
 37
 39
 38
 32
 37
 45
 37
 38
 48
 28
 26
 41
 39
 41
 51
 31
 48
 36
 35
 30
 40
 33
 44
 34
 33
 40
 27
 30
 30
 30
 43
 26
 34
 32
 32
 32
 31
 31
 32
 41
 33
 38
 27
 25
 32
 32
 27
 38
 40
 30
 47
 38
 27
 29
 32
 46
 34
 30
 45
 30
 35
 34
 43
 38
 24
 34
 31
 30
 30
 25
 36
 33
 29
 22
 33
 40
 33
 18
 23
 33
 34
 30
 30
 35
 29
 34
 38
 24
 33
 28
 31
 27
 32
 29
 35
 22
 25
 27
 34
 38
 33
 36
 25
 24
 43
 41
 30
 27
 30
 33
 36
 27
 24
 27
 24
 34
 33
 19
 22
 30
 32
 17
 23
 36
 19
 21
 26
 27
 27
 31
 22
 24
 22
 24
 27
 32
 25
 23
 21
 27
 18
 40
 26
 27
 23
 32
 28
 31
 25
 19
 30
 34
 34
 27
 23
 23
 22
 29
 26
 28
 24
 29
 23
 28
 23
 30
 25
 25
 33
 24
 25
 37
 26
 23
 22
 24
 20
 25
 29
 26
 21
 26
 22
 28
 35
 29
 22
 23
 20
 20
 19
 24
 24
 31
 24
 26
 22
 27
 21
 29
 18
 21
 22
 18
 18
 21
 28
 19
 20
 36
 13
 22
 28
 25
 26
 34
 17
 23
 25
 21
 33
 15
 17
 21
 23
 23
 25
 28
 26
 16
 24
 23
 17
 31
 19
 22
 26
 24
 20
 34
 22
 32
 17
 17
 15
 24
 19
 27
 25
 20
 20
 24
 23
 29
 23
 18
 26
 20
 29
 18
 21
 33
 27
 26
 26
 26
 22
 27
 25
 26
 16
 13
 22
 34
 25
 28
 19
 14
 25
 26
 19
 22
 16
 23
 20
 16
 25
 11
 21
 16
 20
 19
 17
 22
 20
 16
 20
 28
 18
 16
 19
 31
 17
 20
 23
 19
 17
 22
 20
 14
 26
 16
 16
 24
 26
 18
 11
 23
 14
 15
 19
 22
 12
 24
 20
 21
 25
 22
 14
 21
 21
 20
 26
 24
 19
 26
 19
 18
 22
 20
 29
 19
 18
 22
 18
 14
 24
 21
 18
 20
 22
 22
 15
 17
 17
 15
 19
 24
 25
 22
 24
 20
 12
 18
 21
 27
 16
 19
 18
 27
 21
 19
 12
 21
 13
 23
 19
 14
 19
 29
 13
 19
 16
 13
 16
 18
 16
 10
 15
 11
 16
 20
 24
 20
 20
 16
 22
 18
 20
 15
 16
 18
 18
 12
 24
 18
 17
 20
 10
 10
 12
 9
 20
 17
 20
 20
 22
 8
 18
 13
 16
 19
 21
 18
 15
 19
 23
 14
 25
 17
 21
 19
 18
 17
 12
 16
 13
 10
 22
 19
 12
 14
 12
 8
 11
 15
 26
 25
 11
 14
 18
 15
 16
 13
 18
 12
 12
 27
 14
 17
 10
 13
 12
 13
 14
 21
 14
 16
 12
 16
 18
 20
 9
 11
 15
 10
 11
 17
 15
 15
 6
 17
 19
 12
 9
 15
 11
 13
 14
 19
 10
 14
 8
 24
 16
 14
 15
 17
 17
 11
 15
 13
 20
 11
 10
 14
 15
 19
 13
 19
 12
 11
 15
 12
 14
 16
 8
 16
 10
 12
 18
 18
 17
 11
 13
 17
 5
 10
 11
 11
 9
 15
 15
 13
 10
 9
 14
 15
 12
 11
 18
 19
 12
 14
 15
 11
 12
 8
 15
 12
 22
 11
 13
 11
 9
 10
 11
 13
 14
 11
 13
 7
 12
 13
 4
 12
 11
 12
 9
 12
 6
 6
 10
 11
 14
 14
 11
 13
 14
 14
 19
 14
 7
 10
 8
 14
 13
 8
 13
 14
 4
 15
 19
 14
 16
 9
 12
 14
 11
 15
 7
 15
 13
 17
 11
 16
 9
 14
 8
 10
 10
 11
 14
 7
 13
 9
 9
 15
 14
 11
 12
 6
 12
 8
 9
 9
 16
 13
 17
 11
 10
 8
 6
 10
 10
 10
 12
 6
 18
 17
 10
 7
 9
 4
 10
 10
 15
 13
 14
 11
 10
 12
 17
 13
 4
 15
 12
 7
 12
 13
 11
 9
 8
 6
 11
 14
 11
 12
 11
 9
 9
 15
 12
 4
 8
 5
 8
 7
 7
 8
 7
 10
 8
 13
 7
 10
 6
 9
 6
 13
 8
 14
 7
 10
 8
 13
 13
 2
 11
 8
 8
 4
 12
 20
 8
 8
 13
 10
 7
 11
 13
 9
 9
 7
 12
 9
 7
 11
 6
 7
 8
 10
 15
 9
 4
 5
 9
 9
 12
 7
 9
 8
 8
 5
 17
 5
 7
 13
 11
 7
 12
 8
 9
 13
 10
 6
 9
 8
 8
 16
 12
 7
 8
 8
 8
 9
 9
 13
 7
 13
 8
 9
 13
 6
 8
 19
 10
 10
 8
 4
 11
 7
 7
 7
 7
 3
 5
 6
 10
 8
 10
 9
 6
 8
 5
 7
 11
 10
 8
 9
 7
 5
 12
 5
 15
 5
 8
 8
 9
 6
 5
 10
 12
 7
 9
 16
 10
 4
 9
 11
 9
 6
 7
 3
 8
 9
 9
 7
 3
 9
 6
 11
 5
 8
 12
 7
 9
 5
 5
 8
 6
 6
 7
 6
 11
 8
 4
 7
 5
 13
 5
 10
 13
 8
 5
 5
 5
 9
 10
 9
 9
 6
 2
 9
 7
 8
 9
 6
 5
 8
 7
 9
 9
 5
 5
 5
 12
 7
 7
 6
 7
 4
 8
 6
 11
 3
 8
 8
 8
 10
 12
 7
 6
 4
 6
 5
 6
 6
 7
 8
 7
 7
 7
 5
 8
 1
 6
 4
 3
 7
 5
 4
 7
 7
 4
 8
 4
 9
 9
 8
 5
 1
 6
 7
 2
 7
 4
 6
 9
 9
 3
 10
 9
 6
 4
 7
 7
 4
 9
 2
 5
 4
 5
 8
 5
 3
 4
 5
 8
 2
 10
 6
 11
 7
 4
 10
 7
 4
 5
 5
 9
 5
 7
 9
 4
 9
 4
 7
 5
 4
 3
 3
 9
 4
 4
 8
 8
 7
 8
 5
 8
 5
 6
 10
 4
 8
 7
 5
 5
 5
 7
 6
 6
 10
 6
 6
 4
 2
 11
 7
 7
 6
 7
 7
 2
 1
 7
 4
 3
 2
 7
 3
 4
 4
 9
 6
 6
 6
 3
 5
 8
 7
 5
 3
 7
 3
 4
 5
 3
 8
 4
 8
 11
 6
 4
 5
 5
 2
 2
 6
 5
 7
 6
 3
 10
 4
 2
 6
 7
 6
 2
 3
 5
 2
 9
 5
 1
 1
 8
 7
 4
 2
 4
 6
 5
 6
 1
 7
 5
 2
 7
 3
 3
 10
 8
 3
 6
 8
 4
 4
 1
 6
 3
 7
 0
 3
 9
 2
 1
 4
 2
 6
 4
 5
 7
 4
 3
 3
 4
 7
 4
 5
 3
 0
 8
 5
 7
 6
 5
 5
 3
 8
 3
 6
 2
 5
 8
 7
 3
 5
 3
 5
 2
 10
 7
 5
 5
 5
 1
 5
 4
 5
 4
 5
 1
 5
 4
 3
 7
 1
 6
 2
 7
 2
 5
 1
 5
 6
 5
 3
 6
 6
 11
 1
 2
 6
 2
 3
 4
 3
 8
 2
 8
 6
 5
 5
 5
 3
 9
 7
 3
 2
 4
 5
 3
 2
 2
 4
 4
 5
 7
 4
 5
 1
 4
 2
 4
 6
 5
 2
 0
 3
 3
 4
 3
 4
 6
 6
 3
 3
 2
 5
 6
 4
 9
 7
 3
 6
 2
 2
 3
 9
 6
 6
 5
 7
 3
 5
 1
 7
 3
 3
 3
 3
 5
 6
 1
 7
 5
 2
 5
 4
 3
 5
 4
 3
 4
 7
 5
 2
 1
 3
 8
 2
 2
 2
 4
 2
 5
 3
 4
 2
 4
 6
 3
 6
 6
 3
 2
 1
 2
 4
 4
 2
 3
 3
 4
 1
 3
 2
 5
 7
 1
 4
 4
 1
 3
 9
 4
 1
 3
 3
 4
 5
 2
 3
 4
 0
 3
 6
 3
 1
 3
 2
