VERSION:    3.1
ELEMENTS:              1
DATE:       MAR 11, 2010 01:56:48.740
CHANNELS:           4000
ROIS:        0
REAL_TIME:   1807.8299561
LIVE_TIME:   1800.4399414
CAL_OFFSET:  8.8112198e-002
CAL_SLOPE:   3.1493530e-002
CAL_QUAD:    0.0000000e+000
TWO_THETA:   9.9946346
DATA: 
 0
 0
 0
 0
 0
 0
 0
 0
 0
 0
 0
 0
 0
 0
 0
 0
 0
 0
 0
 0
 0
 0
 0
 0
 0
 0
 0
 0
 0
 0
 0
 0
 0
 0
 0
 0
 0
 0
 0
 0
 0
 0
 0
 0
 0
 0
 0
 0
 0
 0
 0
 0
 0
 0
 0
 0
 0
 0
 0
 0
 0
 0
 0
 0
 0
 0
 0
 0
 0
 0
 0
 5
 5
 7
 8
 5
 5
 2
 4
 4
 4
 7
 2
 3
 6
 5
 4
 5
 5
 7
 2
 3
 4
 5
 3
 3
 1
 3
 6
 0
 2
 4
 2
 3
 4
 4
 2
 2
 6
 6
 2
 6
 2
 3
 4
 5
 4
 3
 3
 4
 5
 1
 4
 2
 9
 7
 6
 2
 8
 4
 5
 4
 3
 7
 3
 3
 7
 1
 7
 5
 3
 6
 7
 5
 2
 6
 3
 4
 1
 8
 4
 9
 5
 8
 6
 5
 2
 6
 8
 6
 6
 5
 7
 5
 8
 2
 4
 5
 7
 6
 6
 8
 8
 4
 8
 6
 3
 3
 10
 6
 7
 9
 9
 5
 13
 16
 8
 8
 11
 4
 12
 11
 7
 3
 5
 7
 6
 11
 15
 4
 8
 10
 17
 8
 11
 9
 14
 12
 3
 10
 15
 9
 9
 3
 7
 18
 12
 8
 14
 8
 14
 8
 11
 12
 14
 13
 7
 5
 13
 13
 18
 9
 14
 17
 11
 9
 12
 10
 9
 25
 13
 21
 19
 14
 19
 19
 15
 11
 14
 15
 11
 22
 11
 5
 12
 25
 11
 17
 13
 7
 13
 14
 19
 20
 16
 10
 15
 8
 15
 19
 15
 19
 18
 10
 10
 14
 15
 19
 11
 12
 11
 11
 16
 15
 10
 14
 25
 18
 11
 12
 12
 13
 21
 12
 18
 23
 15
 15
 16
 23
 18
 21
 22
 18
 15
 14
 11
 15
 23
 13
 16
 18
 14
 13
 20
 16
 15
 19
 15
 21
 10
 26
 22
 17
 10
 13
 13
 18
 12
 6
 11
 12
 13
 12
 14
 17
 15
 16
 12
 20
 12
 18
 13
 10
 19
 8
 12
 10
 14
 18
 10
 16
 16
 14
 19
 13
 13
 12
 11
 17
 14
 12
 16
 18
 14
 9
 11
 16
 11
 8
 8
 10
 8
 16
 16
 16
 17
 14
 9
 6
 15
 15
 17
 11
 19
 17
 14
 19
 14
 13
 9
 20
 13
 11
 11
 13
 8
 20
 8
 13
 12
 10
 12
 22
 8
 8
 11
 13
 11
 15
 11
 13
 14
 14
 25
 16
 14
 15
 14
 17
 13
 14
 18
 16
 17
 13
 16
 18
 9
 13
 12
 20
 8
 12
 15
 26
 18
 21
 23
 16
 19
 22
 16
 17
 13
 13
 10
 17
 14
 18
 25
 15
 19
 21
 23
 16
 17
 15
 20
 19
 23
 15
 22
 21
 24
 17
 28
 17
 19
 23
 17
 19
 20
 18
 31
 17
 27
 35
 24
 29
 16
 24
 30
 35
 36
 19
 28
 42
 34
 38
 38
 46
 50
 47
 49
 54
 48
 55
 44
 43
 58
 43
 56
 50
 30
 44
 41
 42
 35
 26
 41
 48
 50
 42
 40
 45
 43
 56
 48
 44
 48
 44
 75
 52
 53
 42
 51
 46
 51
 53
 52
 67
 42
 73
 57
 55
 74
 53
 56
 70
 72
 87
 88
 81
 90
 86
 95
 108
 105
 115
 101
 101
 101
 92
 105
 109
 91
 90
 96
 95
 90
 99
 83
 98
 90
 97
 87
 74
 79
 88
 107
 88
 99
 97
 99
 87
 94
 97
 100
 112
 103
 111
 112
 104
 92
 85
 118
 89
 106
 109
 112
 120
 116
 118
 105
 109
 121
 131
 96
 122
 135
 129
 129
 103
 117
 90
 129
 120
 143
 129
 134
 115
 122
 149
 139
 137
 134
 141
 158
 151
 139
 151
 156
 154
 149
 176
 141
 172
 139
 150
 138
 129
 164
 171
 155
 167
 141
 146
 140
 143
 147
 146
 153
 150
 114
 124
 138
 139
 127
 140
 112
 140
 134
 137
 138
 157
 140
 124
 144
 149
 133
 151
 151
 157
 140
 130
 142
 142
 134
 125
 148
 135
 134
 105
 123
 124
 140
 125
 136
 137
 136
 134
 118
 120
 136
 113
 148
 144
 120
 144
 144
 126
 126
 111
 137
 136
 127
 133
 122
 123
 121
 133
 109
 103
 129
 142
 139
 137
 119
 128
 118
 163
 118
 141
 130
 129
 141
 137
 135
 146
 142
 147
 147
 125
 138
 133
 132
 145
 158
 149
 138
 141
 168
 154
 156
 151
 136
 145
 148
 141
 128
 151
 168
 144
 138
 151
 145
 140
 175
 155
 170
 166
 151
 153
 182
 145
 152
 158
 170
 138
 168
 163
 172
 180
 181
 165
 156
 156
 178
 148
 169
 167
 142
 159
 176
 151
 180
 166
 141
 170
 146
 169
 170
 181
 168
 166
 174
 152
 159
 181
 163
 169
 157
 165
 154
 156
 182
 180
 177
 160
 170
 146
 174
 165
 164
 172
 156
 187
 153
 171
 152
 193
 150
 170
 159
 157
 138
 155
 167
 142
 186
 173
 160
 144
 181
 175
 173
 153
 169
 174
 156
 163
 146
 154
 174
 172
 162
 169
 183
 170
 149
 156
 147
 156
 174
 154
 168
 152
 177
 161
 152
 154
 162
 166
 153
 165
 146
 152
 157
 158
 160
 140
 151
 143
 140
 148
 158
 130
 161
 155
 134
 175
 156
 160
 181
 159
 173
 138
 163
 135
 153
 154
 150
 144
 158
 143
 140
 144
 163
 156
 148
 155
 152
 161
 135
 163
 156
 168
 129
 150
 156
 160
 150
 163
 141
 153
 143
 164
 166
 150
 181
 171
 170
 148
 146
 156
 170
 162
 151
 147
 152
 139
 162
 157
 171
 171
 154
 151
 163
 160
 164
 156
 172
 154
 183
 157
 159
 163
 165
 156
 186
 158
 163
 185
 168
 173
 173
 160
 165
 174
 189
 184
 170
 177
 153
 174
 180
 154
 161
 182
 190
 158
 155
 175
 190
 176
 172
 186
 184
 172
 181
 182
 157
 155
 193
 166
 165
 181
 162
 168
 181
 180
 172
 164
 175
 171
 170
 166
 162
 167
 187
 160
 187
 177
 197
 188
 183
 169
 180
 159
 174
 163
 159
 192
 190
 174
 166
 158
 153
 173
 167
 164
 159
 170
 179
 164
 175
 170
 165
 183
 172
 189
 186
 179
 177
 157
 143
 169
 172
 196
 175
 167
 164
 164
 156
 158
 164
 191
 181
 140
 151
 147
 175
 169
 145
 153
 126
 176
 163
 152
 148
 154
 163
 192
 159
 178
 149
 171
 130
 163
 168
 183
 154
 162
 129
 162
 186
 148
 147
 168
 143
 155
 140
 150
 162
 158
 140
 154
 135
 167
 156
 130
 153
 162
 156
 156
 147
 158
 162
 142
 151
 145
 147
 148
 138
 152
 159
 150
 143
 149
 141
 137
 142
 149
 158
 161
 130
 149
 148
 115
 151
 148
 153
 142
 149
 125
 138
 147
 142
 134
 141
 139
 123
 123
 135
 134
 151
 135
 142
 130
 123
 153
 122
 145
 128
 118
 147
 112
 130
 132
 129
 101
 145
 120
 134
 145
 136
 124
 143
 121
 120
 136
 133
 150
 121
 132
 129
 112
 127
 130
 133
 107
 112
 109
 133
 143
 127
 121
 115
 124
 143
 122
 112
 103
 123
 111
 102
 116
 132
 116
 117
 108
 119
 115
 125
 118
 116
 133
 108
 128
 115
 123
 119
 123
 99
 123
 113
 105
 114
 128
 108
 108
 104
 112
 94
 111
 115
 120
 107
 111
 116
 98
 112
 126
 121
 129
 122
 88
 112
 105
 118
 110
 137
 112
 144
 104
 108
 112
 102
 99
 110
 85
 120
 112
 111
 103
 105
 93
 106
 113
 89
 106
 105
 118
 101
 107
 113
 110
 106
 121
 127
 103
 104
 105
 99
 99
 98
 97
 101
 97
 94
 97
 96
 115
 119
 82
 98
 103
 103
 90
 101
 93
 92
 107
 109
 89
 84
 108
 95
 94
 82
 101
 109
 98
 101
 99
 103
 108
 100
 95
 88
 103
 106
 91
 108
 94
 103
 100
 98
 85
 100
 98
 97
 104
 112
 88
 100
 91
 74
 96
 93
 88
 67
 111
 102
 87
 92
 82
 107
 89
 82
 90
 101
 91
 102
 93
 94
 84
 105
 92
 83
 87
 80
 86
 96
 104
 100
 87
 102
 87
 86
 103
 107
 100
 107
 84
 95
 90
 74
 98
 84
 86
 97
 91
 88
 83
 81
 77
 81
 103
 103
 107
 73
 77
 93
 85
 108
 78
 89
 87
 87
 73
 77
 86
 75
 76
 64
 83
 93
 86
 96
 86
 103
 98
 93
 87
 85
 76
 81
 81
 85
 67
 83
 76
 58
 82
 89
 69
 76
 96
 58
 89
 91
 109
 78
 55
 108
 77
 85
 78
 82
 68
 77
 87
 70
 80
 91
 67
 74
 92
 76
 78
 79
 93
 90
 87
 78
 95
 74
 89
 82
 87
 73
 83
 77
 86
 100
 75
 80
 96
 76
 73
 75
 72
 76
 77
 67
 76
 78
 69
 71
 68
 71
 79
 84
 82
 77
 72
 85
 74
 87
 73
 79
 85
 74
 72
 70
 80
 76
 74
 72
 81
 80
 77
 77
 80
 71
 87
 86
 87
 73
 71
 81
 75
 67
 67
 87
 98
 66
 88
 59
 71
 79
 95
 85
 71
 86
 95
 80
 65
 82
 69
 66
 63
 90
 69
 74
 82
 58
 77
 84
 74
 76
 85
 77
 75
 71
 69
 68
 69
 76
 71
 70
 73
 86
 69
 73
 72
 69
 96
 74
 73
 77
 65
 72
 80
 82
 66
 81
 62
 65
 67
 67
 73
 75
 52
 67
 64
 55
 83
 64
 60
 65
 58
 73
 69
 76
 84
 66
 79
 57
 67
 62
 63
 60
 73
 79
 70
 69
 80
 73
 68
 83
 66
 70
 82
 55
 71
 78
 76
 71
 69
 69
 55
 60
 73
 81
 54
 58
 69
 61
 60
 64
 63
 72
 65
 48
 65
 64
 60
 60
 62
 69
 67
 62
 52
 61
 73
 55
 50
 65
 63
 51
 58
 64
 53
 65
 67
 68
 56
 57
 54
 51
 71
 57
 52
 50
 49
 63
 60
 47
 63
 64
 59
 64
 63
 59
 57
 52
 51
 66
 48
 54
 55
 63
 67
 46
 42
 44
 74
 47
 55
 62
 52
 57
 45
 53
 62
 70
 54
 59
 49
 49
 59
 48
 74
 43
 53
 40
 61
 65
 41
 68
 57
 59
 55
 44
 63
 54
 66
 62
 50
 45
 62
 56
 54
 53
 61
 72
 54
 55
 64
 42
 67
 55
 54
 55
 53
 45
 69
 66
 50
 61
 44
 44
 59
 53
 54
 51
 62
 43
 56
 56
 46
 47
 43
 49
 44
 46
 63
 57
 49
 65
 58
 51
 48
 44
 48
 58
 56
 44
 43
 44
 38
 50
 57
 48
 49
 56
 54
 41
 50
 56
 41
 55
 44
 56
 50
 52
 57
 36
 50
 47
 49
 53
 51
 61
 50
 50
 48
 54
 47
 51
 56
 55
 45
 50
 37
 41
 44
 39
 56
 51
 43
 49
 37
 47
 50
 45
 49
 36
 35
 58
 50
 49
 37
 35
 40
 37
 47
 46
 50
 48
 58
 40
 44
 56
 38
 44
 57
 49
 42
 42
 55
 45
 50
 42
 50
 41
 42
 54
 50
 43
 45
 45
 46
 43
 47
 49
 37
 49
 46
 33
 37
 38
 49
 45
 42
 40
 45
 49
 39
 41
 37
 41
 59
 44
 57
 41
 39
 32
 44
 50
 31
 44
 50
 57
 37
 50
 43
 39
 34
 40
 45
 41
 41
 40
 40
 39
 40
 38
 48
 34
 36
 31
 40
 52
 49
 34
 33
 41
 49
 36
 41
 42
 52
 54
 45
 62
 50
 38
 38
 39
 51
 41
 52
 33
 42
 39
 30
 28
 49
 37
 53
 43
 37
 36
 42
 32
 39
 41
 41
 37
 38
 35
 33
 45
 40
 37
 40
 29
 37
 51
 45
 39
 37
 34
 29
 38
 36
 41
 37
 36
 31
 36
 38
 40
 38
 38
 33
 51
 35
 44
 33
 37
 38
 30
 35
 38
 32
 46
 29
 37
 40
 27
 26
 49
 41
 34
 35
 42
 31
 39
 32
 30
 22
 40
 40
 44
 33
 38
 38
 37
 30
 38
 42
 26
 40
 32
 31
 36
 47
 41
 43
 40
 42
 32
 33
 31
 41
 36
 51
 38
 30
 42
 30
 38
 36
 35
 36
 30
 33
 46
 35
 39
 31
 37
 34
 28
 35
 26
 35
 32
 28
 38
 37
 52
 36
 30
 28
 37
 30
 29
 26
 32
 27
 36
 35
 37
 29
 30
 39
 21
 29
 32
 39
 32
 31
 43
 44
 40
 27
 35
 35
 25
 27
 30
 33
 38
 26
 30
 22
 25
 31
 36
 42
 38
 28
 30
 35
 31
 27
 39
 33
 33
 25
 35
 30
 28
 37
 36
 33
 34
 29
 34
 23
 31
 35
 34
 27
 26
 33
 30
 39
 33
 28
 28
 39
 34
 29
 30
 35
 27
 33
 24
 36
 47
 32
 25
 19
 36
 25
 32
 22
 33
 22
 36
 34
 26
 23
 20
 29
 20
 41
 27
 29
 35
 35
 29
 32
 30
 31
 30
 34
 35
 32
 27
 37
 28
 25
 26
 35
 25
 47
 33
 39
 30
 23
 33
 33
 35
 28
 36
 35
 27
 21
 24
 38
 27
 33
 21
 23
 27
 33
 24
 36
 28
 30
 24
 30
 28
 31
 35
 27
 26
 24
 29
 30
 19
 25
 24
 22
 30
 42
 31
 29
 21
 27
 27
 25
 32
 26
 19
 25
 28
 24
 33
 29
 26
 30
 21
 30
 18
 26
 19
 33
 30
 21
 22
 19
 13
 31
 20
 26
 21
 21
 20
 20
 25
 21
 21
 21
 19
 20
 25
 24
 19
 20
 19
 15
 12
 15
 19
 24
 21
 13
 18
 22
 23
 15
 20
 17
 18
 14
 17
 13
 23
 22
 22
 16
 17
 18
 18
 21
 20
 9
 17
 13
 16
 24
 20
 11
 17
 20
 11
 11
 15
 17
 23
 25
 26
 19
 19
 18
 18
 21
 25
 12
 16
 13
 19
 17
 10
 25
 12
 20
 19
 20
 24
 22
 18
 24
 13
 14
 14
 14
 20
 14
 16
 21
 14
 12
 11
 23
 20
 17
 17
 15
 14
 23
 15
 17
 13
 11
 16
 8
 15
 20
 16
 23
 26
 17
 11
 16
 13
 17
 20
 12
 13
 11
 15
 17
 23
 16
 15
 16
 17
 16
 6
 16
 9
 12
 20
 12
 10
 13
 15
 19
 17
 16
 11
 22
 18
 20
 19
 18
 16
 12
 14
 11
 12
 18
 11
 15
 18
 16
 10
 19
 16
 11
 19
 12
 17
 18
 17
 13
 9
 15
 14
 13
 10
 13
 11
 9
 15
 13
 10
 11
 20
 13
 11
 19
 23
 14
 12
 15
 17
 15
 9
 12
 10
 15
 7
 12
 10
 15
 17
 10
 14
 12
 13
 11
 4
 12
 12
 9
 7
 11
 16
 20
 10
 7
 16
 17
 15
 16
 9
 11
 11
 10
 16
 10
 12
 18
 10
 10
 10
 12
 11
 8
 26
 10
 15
 15
 10
 16
 15
 16
 20
 16
 9
 12
 17
 8
 8
 8
 9
 18
 11
 16
 9
 16
 9
 15
 12
 3
 15
 11
 13
 9
 15
 10
 11
 14
 10
 13
 19
 10
 18
 14
 6
 13
 9
 11
 7
 17
 10
 5
 9
 13
 9
 5
 10
 15
 10
 13
 7
 18
 5
 13
 15
 15
 6
 13
 9
 18
 11
 12
 10
 13
 16
 5
 10
 14
 10
 9
 14
 7
 9
 8
 13
 9
 11
 14
 8
 7
 10
 7
 11
 7
 6
 11
 11
 10
 14
 13
 10
 13
 12
 7
 8
 8
 14
 9
 11
 13
 8
 12
 10
 4
 15
 8
 8
 17
 9
 15
 10
 9
 10
 5
 14
 12
 8
 8
 5
 14
 8
 13
 6
 7
 13
 8
 14
 8
 5
 13
 10
 14
 12
 12
 14
 6
 12
 13
 13
 12
 11
 1
 11
 8
 14
 6
 10
 11
 6
 7
 12
 11
 7
 7
 8
 3
 10
 11
 10
 11
 6
 14
 10
 18
 8
 9
 6
 10
 8
 6
 11
 7
 13
 6
 9
 6
 8
 9
 13
 13
 6
 14
 16
 13
 7
 13
 5
 12
 13
 10
 13
 9
 9
 10
 7
 12
 10
 10
 9
 9
 9
 12
 7
 12
 11
 8
 7
 10
 7
 9
 6
 6
 9
 7
 6
 4
 11
 11
 7
 7
 10
 3
 11
 11
 7
 13
 7
 7
 6
 5
 3
 7
 10
 5
 10
 13
 2
 7
 11
 8
 7
 8
 8
 11
 7
 9
 7
 5
 9
 4
 7
 7
 7
 7
 8
 7
 6
 6
 8
 7
 10
 8
 9
 8
 5
 6
 14
 8
 5
 11
 12
 8
 6
 7
 7
 7
 8
 13
 9
 9
 6
 10
 6
 14
 11
 6
 6
 7
 13
 4
 12
 11
 10
 9
 8
 5
 4
 10
 5
 7
 8
 8
 2
 9
 8
 7
 6
 6
 5
 9
 8
 6
 7
 4
 5
 11
 6
 7
 5
 6
 7
 5
 3
 8
 5
 7
 4
 5
 5
 9
 4
 5
 5
 10
 8
 7
 4
 5
 7
 6
 5
 8
 10
 6
 10
 6
 6
 4
 7
 5
 12
 11
 10
 12
 10
 5
 7
 8
 4
 9
 9
 10
 10
 4
 10
 8
 6
 5
 9
 5
 12
 4
 4
 4
 12
 8
 9
 8
 9
 5
 12
 9
 12
 8
 8
 6
 5
 6
 3
 2
 7
 9
 12
 4
 4
 3
 7
 6
 9
 7
 7
 5
 6
 6
 3
 7
 6
 6
 3
 5
 6
 3
 8
 8
 7
 6
 4
 6
 5
 3
 6
 7
 5
 11
 7
 2
 3
 3
 5
 10
 7
 9
 10
 5
 7
 11
 4
 7
 10
 9
 7
 3
 6
 5
 8
 3
 5
 5
 4
 5
 7
 6
 3
 6
 5
 7
 2
 4
 3
 7
 5
 5
 8
 6
 10
 5
 6
 8
 5
 5
 4
 5
 2
 3
 2
 3
 4
 5
 4
 3
 5
 4
 3
 2
 3
 5
 2
 5
 7
 1
 9
 5
 2
 2
 8
 3
 2
 5
 6
 3
 2
 5
 5
 5
 2
 5
 6
 2
 4
 3
 4
 5
 5
 1
 5
 6
 8
 8
 2
 5
 5
 8
 7
 5
 6
 0
 4
 4
 6
 3
 5
 4
 3
 5
 5
 5
 3
 2
 5
 3
 5
 4
 2
 3
 6
 6
 3
 6
 2
 3
 4
 4
 3
 6
 6
 2
 6
 8
 5
 7
 5
 7
 2
 5
 4
 3
 2
 5
 4
 4
 5
 2
 2
 3
 3
 2
 1
 6
 7
 4
 5
 5
 8
 1
 4
 2
 3
 1
 2
 8
 2
 4
 6
 2
 9
 3
 4
 4
 5
 4
 3
 3
 8
 5
 3
 3
 3
 2
 5
 0
 5
 4
 3
 5
 2
 2
 2
 3
 10
 5
 2
 3
 4
 6
 6
 5
 3
 5
 4
 2
 2
 4
 3
 2
 5
 1
 5
 4
 5
 1
 7
 2
 3
 5
 5
 3
 3
 3
 1
 3
 2
 4
 6
 5
 3
 4
 2
 5
 4
 4
 2
 1
 6
 5
 5
 2
 3
 4
 3
 4
 5
 5
 1
 4
 5
 3
 3
 6
 6
 1
 2
 4
 2
 2
 2
 1
 1
 3
 6
 6
 5
 3
 3
 3
 1
 3
 0
 0
 11
 6
 3
 2
 1
 1
 9
 3
 6
 5
 2
 4
 5
 4
 4
 0
 6
 4
 3
 1
 3
 5
 2
 5
 1
 3
 3
 1
 0
 3
 6
 5
 5
 2
 5
 3
 8
 1
 4
 4
 3
 2
 5
 7
 4
 2
 4
 2
 2
 1
 3
 5
 3
 3
 1
 4
 4
 1
 1
 2
 1
 3
 0
 3
 3
 3
 1
 2
 3
 0
 5
 1
 5
 3
 2
 2
 0
 1
 4
 1
 4
 5
 1
 1
 6
 4
 4
 6
 1
 5
 4
 2
 3
 4
 1
 2
 5
 5
 2
 1
 3
 4
 1
 3
 3
 3
 3
 1
 8
 3
 7
 4
 3
 3
 2
 0
 0
 1
 3
 3
 4
 7
 2
 2
 4
 1
 3
 4
 3
 1
 2
 2
 1
 2
 4
 2
 2
 2
 1
 1
 2
 2
 3
 3
 7
 1
 1
 1
 3
 4
 2
 4
 4
 1
 2
 2
 2
 2
 4
 1
 2
 0
 2
 2
 3
 2
 2
 1
 4
 4
 3
 3
 5
 2
 3
 4
 2
 2
 2
 4
 2
 5
 2
 2
 2
 0
 3
 2
 4
 1
 3
 2
 2
 4
 5
 4
 2
 2
 1
 1
 3
 2
 1
 0
 2
 2
 1
 4
 5
 2
 2
 5
 1
 4
 1
 3
 2
 2
 0
 2
 0
 3
 3
 5
 3
 1
 1
 4
 3
 2
 0
 1
 0
 1
 0
 1
 1
 3
 3
 3
 4
 0
 2
 0
 3
 2
 5
 3
 2
 2
 4
 1
 3
 1
 2
 2
 3
 3
 1
 3
 1
 2
 2
 1
 3
 2
 2
 1
 2
 1
 3
 3
 3
 2
 4
 2
 0
 2
 3
 1
 3
 2
 4
 0
 0
 2
 2
 2
 0
 4
 2
 0
 1
 2
 0
 1
 2
 5
 1
 1
 2
 3
 5
 1
 0
 2
 4
 1
 2
 2
 2
 4
 0
 2
 2
 2
 4
 0
 3
 2
 1
 0
 1
 0
 1
 1
 1
 2
 1
 2
 2
 2
 2
 1
 4
 2
 1
 2
 2
 1
 1
 0
 1
 1
 1
 3
 0
 3
 2
 0
 4
 1
 0
 1
 2
 3
 1
 4
 1
 3
 4
 2
 4
 1
 4
 1
 2
 1
 3
 2
 2
 2
 0
 3
 1
 2
 0
 0
 2
 1
 2
 1
 0
 0
 2
 2
 2
 0
 4
 0
 0
 5
 1
 0
 2
 0
 0
 2
 1
 1
 1
 1
 2
 1
 2
 4
 2
 1
 0
 1
 1
 1
 2
 3
 0
 2
 1
 1
 0
 1
 0
 3
 2
 1
 2
 1
 0
 0
 0
 1
 2
 1
 2
 3
 1
 5
 2
 3
 0
 1
 1
 2
 1
 1
 1
 4
 1
 2
 3
 1
 1
 1
 2
 1
 1
 4
 4
 4
 4
 3
 0
 0
 0
 0
 1
 0
 0
 2
 0
 0
 4
 2
 2
 0
 0
 1
 0
 2
 2
 1
 3
 1
 1
 1
 1
 3
 0
 1
 1
 0
 3
 1
 2
 2
 1
 1
 1
 1
 0
 0
 0
 1
 2
 5
 4
 3
 0
 0
 1
 1
 1
 1
 2
 3
 1
 1
 1
 0
 3
 1
 0
 1
 3
 1
 2
 0
 1
 2
 1
 0
 3
 0
 1
 3
 2
 1
 5
 2
 1
 1
 2
 0
 1
 1
 0
 2
 2
 0
 0
 1
 1
 0
 2
 2
 2
 1
 4
 2
 0
 0
 0
 0
 3
 0
 2
 1
 1
 0
 2
 0
 1
 4
 5
 0
 1
 0
 3
 4
 1
 1
 3
 1
 2
 0
 1
 1
 0
 0
 1
 0
 2
 2
 2
 4
 0
 1
 2
 3
 2
 2
 2
 1
 2
 1
 0
 2
 2
 0
 2
 0
 2
 2
 3
 2
 3
 2
 2
 3
 0
 1
 1
 0
 5
 1
 2
 2
 2
 2
 0
 2
 4
 1
 1
 1
 2
 1
 0
 0
 1
 0
 0
 1
 0
 1
 2
 1
 1
 2
 2
 0
 0
 2
 2
 1
 0
 2
 4
 0
 1
 2
 0
 0
 1
 2
 1
 0
 1
 2
 1
 0
 2
 1
 2
 0
 0
 1
 2
 0
 0
 1
 0
 1
 1
 1
 0
 3
 0
 0
 2
 1
 0
 1
 0
 1
 1
 1
 0
 1
 1
 0
 2
 0
 1
 1
 0
 2
 0
 0
 1
 3
 1
 1
 0
 1
 0
 3
 1
 1
 0
 0
 2
 2
 1
 2
 1
 0
 2
 2
 0
 0
 0
 0
 0
 1
 1
 0
 3
 0
 1
 0
 1
 2
 0
 0
 0
 0
 0
 0
 1
 0
 1
 0
 2
 3
 1
 0
 1
 0
 2
 1
 2
 1
 0
 1
 1
 0
 2
 1
 1
 0
 1
 1
 2
 0
 0
 1
 1
 1
 0
 0
 1
 1
 0
 1
 2
 1
 1
 1
 0
 1
 0
 1
 0
 1
 1
 2
 0
 1
 2
 0
 0
 1
 2
 3
 0
 2
 1
 0
 0
 0
 0
 1
 1
 0
 0
 1
 1
 1
 0
 0
 2
 0
 2
 1
 1
 1
 0
 0
 0
 1
 2
 0
 1
 0
 1
 0
 2
 0
 0
 1
 1
 1
 0
 2
 0
 0
 1
 0
 0
 0
 1
 2
 2
 0
 0
 0
 0
 0
 3
 1
 1
 0
 0
 1
 0
 2
 0
 0
 0
 1
 1
 1
 2
 0
 1
 0
