VERSION:    3.1
ELEMENTS:              1
DATE:       MAR 11, 2010 06:11:32.540
CHANNELS:           4000
ROIS:        0
REAL_TIME:   250.5599976
LIVE_TIME:   200.3899994
CAL_OFFSET:  8.8112198e-002
CAL_SLOPE:   3.1493530e-002
CAL_QUAD:    0.0000000e+000
TWO_THETA:   9.9946346
DATA: 
 0
 0
 0
 0
 0
 0
 0
 0
 0
 0
 0
 0
 0
 0
 0
 0
 0
 0
 0
 0
 0
 0
 0
 0
 0
 0
 0
 0
 0
 0
 0
 0
 0
 0
 0
 0
 0
 0
 0
 0
 0
 0
 0
 0
 0
 0
 0
 0
 0
 0
 0
 0
 0
 0
 0
 0
 0
 0
 0
 0
 0
 0
 0
 0
 0
 0
 0
 0
 0
 0
 1
 35
 65
 54
 55
 41
 42
 57
 50
 48
 53
 70
 46
 56
 54
 52
 60
 55
 51
 54
 53
 53
 58
 59
 62
 58
 51
 49
 69
 62
 55
 76
 60
 55
 62
 62
 59
 71
 59
 63
 48
 54
 65
 71
 48
 59
 66
 65
 63
 67
 51
 70
 53
 70
 76
 80
 63
 78
 59
 70
 95
 81
 79
 67
 74
 75
 76
 87
 77
 59
 55
 64
 64
 68
 74
 64
 71
 78
 74
 78
 73
 93
 57
 83
 70
 72
 72
 76
 73
 81
 77
 76
 71
 79
 98
 89
 86
 84
 80
 92
 91
 85
 89
 77
 78
 67
 81
 81
 85
 84
 97
 86
 95
 78
 83
 103
 84
 95
 80
 89
 82
 84
 109
 89
 79
 82
 77
 84
 85
 101
 90
 80
 95
 96
 69
 82
 75
 90
 105
 98
 84
 89
 88
 78
 80
 96
 101
 106
 79
 81
 97
 82
 106
 92
 99
 73
 91
 82
 93
 104
 98
 110
 92
 109
 93
 110
 104
 118
 96
 90
 93
 113
 95
 99
 103
 99
 101
 107
 88
 98
 121
 100
 108
 101
 105
 110
 103
 107
 90
 79
 117
 86
 103
 86
 104
 94
 86
 112
 96
 93
 96
 89
 101
 100
 103
 88
 102
 104
 98
 91
 99
 101
 96
 94
 90
 94
 83
 93
 91
 93
 93
 109
 105
 88
 99
 95
 97
 111
 96
 110
 112
 110
 112
 83
 98
 98
 113
 91
 100
 102
 114
 111
 102
 110
 96
 90
 101
 106
 102
 90
 127
 87
 80
 84
 102
 116
 105
 95
 107
 92
 106
 102
 115
 120
 98
 109
 104
 110
 105
 108
 103
 107
 106
 122
 113
 111
 107
 117
 100
 113
 107
 88
 128
 101
 107
 119
 109
 117
 127
 105
 107
 92
 128
 105
 107
 84
 94
 100
 101
 100
 106
 118
 121
 111
 102
 110
 120
 106
 102
 102
 114
 116
 112
 111
 115
 106
 110
 108
 133
 109
 105
 109
 119
 105
 100
 110
 100
 108
 125
 103
 111
 131
 109
 127
 106
 109
 112
 108
 119
 106
 127
 106
 118
 121
 119
 117
 97
 122
 108
 117
 124
 96
 114
 137
 106
 119
 118
 126
 92
 118
 116
 152
 139
 109
 113
 106
 120
 109
 142
 126
 121
 129
 135
 124
 112
 104
 126
 125
 141
 119
 136
 128
 120
 149
 123
 111
 117
 106
 120
 141
 136
 149
 143
 159
 127
 133
 132
 139
 146
 148
 136
 120
 132
 133
 158
 133
 136
 144
 145
 139
 163
 130
 140
 162
 148
 148
 155
 176
 131
 147
 162
 149
 169
 187
 158
 166
 172
 208
 205
 201
 190
 162
 200
 178
 169
 179
 171
 173
 157
 161
 159
 172
 158
 187
 166
 186
 170
 163
 170
 175
 192
 194
 187
 181
 193
 166
 167
 210
 205
 194
 193
 230
 228
 215
 213
 194
 190
 245
 190
 184
 216
 196
 242
 223
 216
 222
 226
 242
 278
 223
 266
 237
 264
 268
 280
 277
 246
 259
 281
 250
 259
 293
 268
 257
 266
 230
 279
 279
 287
 271
 279
 262
 268
 259
 259
 275
 288
 263
 284
 328
 290
 299
 271
 314
 291
 305
 313
 289
 311
 300
 323
 320
 300
 345
 318
 339
 309
 340
 329
 350
 348
 360
 346
 301
 342
 339
 331
 346
 355
 359
 364
 363
 373
 395
 407
 365
 384
 375
 419
 413
 366
 431
 402
 380
 448
 391
 435
 444
 434
 438
 438
 407
 389
 430
 458
 436
 467
 457
 432
 442
 428
 464
 440
 481
 491
 435
 510
 468
 485
 460
 508
 528
 498
 501
 493
 445
 514
 525
 457
 536
 548
 530
 509
 524
 530
 575
 502
 557
 556
 542
 575
 563
 535
 607
 524
 557
 580
 545
 583
 601
 632
 610
 596
 600
 611
 576
 682
 628
 640
 614
 659
 593
 605
 639
 628
 648
 655
 677
 668
 658
 662
 691
 685
 692
 713
 682
 707
 671
 774
 705
 742
 703
 707
 703
 710
 715
 716
 748
 746
 727
 693
 781
 723
 772
 788
 761
 757
 765
 760
 799
 711
 774
 783
 783
 782
 855
 804
 768
 843
 770
 834
 820
 840
 856
 818
 875
 802
 853
 864
 882
 799
 835
 830
 877
 875
 904
 846
 876
 911
 859
 907
 938
 950
 872
 955
 972
 918
 886
 915
 939
 956
 930
 936
 953
 980
 968
 978
 944
 963
 978
 971
 912
 979
 1014
 970
 1000
 965
 1044
 998
 1074
 1000
 978
 989
 979
 1013
 1016
 1052
 1049
 1025
 997
 1042
 1026
 1075
 998
 1100
 1047
 1108
 1042
 1089
 1059
 1117
 1047
 1075
 989
 1084
 1101
 1082
 1107
 1156
 1077
 1110
 1131
 1142
 1180
 1151
 1089
 1106
 1180
 1144
 1103
 1203
 1138
 1221
 1154
 1116
 1166
 1197
 1114
 1203
 1157
 1176
 1194
 1208
 1165
 1203
 1238
 1128
 1141
 1219
 1218
 1280
 1154
 1234
 1214
 1204
 1233
 1219
 1268
 1274
 1245
 1228
 1234
 1229
 1231
 1250
 1170
 1158
 1257
 1241
 1216
 1353
 1298
 1224
 1240
 1240
 1268
 1248
 1237
 1293
 1238
 1286
 1275
 1277
 1229
 1264
 1303
 1351
 1311
 1291
 1275
 1304
 1267
 1410
 1328
 1286
 1310
 1361
 1291
 1289
 1287
 1301
 1254
 1341
 1329
 1307
 1379
 1410
 1335
 1287
 1239
 1321
 1319
 1391
 1373
 1315
 1386
 1327
 1431
 1383
 1305
 1301
 1337
 1389
 1282
 1394
 1395
 1348
 1336
 1359
 1412
 1413
 1378
 1465
 1363
 1406
 1471
 1370
 1414
 1354
 1404
 1420
 1453
 1459
 1423
 1467
 1503
 1400
 1429
 1440
 1374
 1455
 1484
 1524
 1430
 1478
 1394
 1517
 1479
 1544
 1422
 1431
 1400
 1431
 1395
 1524
 1498
 1520
 1500
 1506
 1505
 1532
 1417
 1504
 1482
 1460
 1514
 1539
 1508
 1485
 1581
 1589
 1527
 1498
 1558
 1590
 1532
 1572
 1536
 1534
 1521
 1595
 1565
 1555
 1566
 1581
 1543
 1569
 1534
 1595
 1552
 1580
 1595
 1606
 1560
 1622
 1618
 1599
 1559
 1542
 1573
 1552
 1612
 1609
 1639
 1555
 1604
 1603
 1612
 1705
 1600
 1572
 1631
 1612
 1618
 1658
 1616
 1589
 1644
 1535
 1607
 1601
 1728
 1626
 1626
 1579
 1654
 1687
 1606
 1649
 1580
 1612
 1667
 1648
 1686
 1592
 1646
 1639
 1631
 1767
 1644
 1638
 1691
 1629
 1719
 1609
 1702
 1695
 1692
 1644
 1645
 1656
 1699
 1752
 1720
 1724
 1718
 1771
 1695
 1676
 1723
 1743
 1725
 1749
 1755
 1785
 1787
 1745
 1700
 1782
 1832
 1828
 1758
 1806
 1707
 1804
 1735
 1778
 1789
 1766
 1811
 1700
 1815
 1770
 1812
 1769
 1811
 1750
 1847
 1815
 1815
 1802
 1835
 1821
 1784
 1851
 1857
 1794
 1828
 1849
 1786
 1832
 1857
 1772
 1881
 1852
 1845
 1881
 1778
 1811
 1808
 1962
 1902
 1835
 1823
 1935
 1856
 1911
 1876
 1874
 1913
 1862
 1885
 1808
 1925
 1938
 1937
 1923
 1945
 1876
 2014
 1977
 1871
 1905
 2039
 1956
 1891
 1974
 1887
 1943
 1982
 1888
 1975
 2017
 1940
 2003
 1866
 1951
 2049
 1951
 1995
 2041
 1984
 2031
 1966
 2063
 2008
 2073
 2042
 2078
 2103
 2077
 2012
 2022
 2079
 2097
 2128
 2053
 2025
 1997
 2089
 2177
 2027
 2102
 2096
 2073
 2110
 2045
 2032
 2094
 2087
 2049
 2117
 2164
 2171
 2113
 2148
 2142
 2104
 2078
 2203
 2126
 2129
 2155
 2327
 2135
 2138
 2098
 2192
 2123
 2225
 2149
 2143
 2161
 2134
 2170
 2272
 2188
 2164
 2248
 2215
 2299
 2234
 2219
 2259
 2212
 2265
 2205
 2274
 2305
 2243
 2309
 2338
 2281
 2282
 2287
 2172
 2403
 2287
 2279
 2195
 2400
 2353
 2339
 2358
 2279
 2374
 2338
 2286
 2326
 2317
 2354
 2385
 2366
 2322
 2342
 2445
 2397
 2346
 2352
 2388
 2495
 2408
 2455
 2440
 2512
 2525
 2479
 2510
 2474
 2500
 2496
 2590
 2469
 2493
 2552
 2503
 2456
 2566
 2521
 2527
 2597
 2651
 2591
 2534
 2653
 2566
 2528
 2550
 2611
 2482
 2530
 2695
 2545
 2694
 2561
 2590
 2542
 2540
 2673
 2688
 2658
 2623
 2628
 2673
 2668
 2554
 2714
 2697
 2692
 2723
 2622
 2740
 2648
 2759
 2673
 2709
 2764
 2590
 2792
 2802
 2727
 2872
 2761
 2684
 2712
 2779
 2750
 2793
 2795
 2781
 2700
 2738
 2773
 2700
 2810
 2808
 2829
 2805
 2835
 2834
 2873
 2794
 2831
 2877
 2865
 2846
 2922
 2795
 2896
 2855
 2810
 2888
 2852
 2919
 2930
 2902
 2891
 3007
 2848
 2884
 2933
 2970
 2907
 2908
 2931
 2931
 2961
 3076
 2946
 2962
 3046
 2948
 3059
 2930
 3060
 3001
 3037
 2988
 3084
 3130
 3062
 3097
 3085
 3142
 3063
 3051
 3159
 3039
 2993
 3089
 3138
 2998
 3138
 3170
 3163
 3084
 3174
 3013
 3085
 3163
 3098
 3171
 3193
 3126
 3132
 3291
 3124
 3109
 3145
 3137
 3297
 3243
 3181
 3126
 3151
 3255
 3316
 3206
 3299
 3177
 3320
 3295
 3236
 3237
 3248
 3279
 3249
 3324
 3213
 3267
 3300
 3219
 3286
 3239
 3199
 3270
 3305
 3213
 3328
 3166
 3343
 3234
 3247
 3281
 3405
 3229
 3290
 3271
 3300
 3345
 3289
 3219
 3244
 3345
 3242
 3282
 3342
 3362
 3241
 3270
 3361
 3304
 3385
 3322
 3243
 3381
 3325
 3308
 3245
 3295
 3265
 3271
 3295
 3419
 3310
 3393
 3361
 3236
 3319
 3281
 3418
 3400
 3395
 3358
 3339
 3317
 3338
 3302
 3283
 3441
 3329
 3383
 3391
 3468
 3319
 3429
 3346
 3234
 3392
 3338
 3318
 3246
 3423
 3355
 3444
 3327
 3268
 3341
 3334
 3341
 3229
 3267
 3381
 3355
 3348
 3417
 3274
 3352
 3336
 3301
 3374
 3309
 3299
 3275
 3334
 3357
 3243
 3301
 3158
 3341
 3264
 3252
 3349
 3320
 3268
 3340
 3237
 3217
 3271
 3321
 3209
 3317
 3191
 3216
 3331
 3230
 3321
 3164
 3208
 3166
 3170
 3230
 3261
 3133
 3173
 3175
 3105
 3074
 3149
 3211
 3235
 3162
 3254
 3102
 3216
 3109
 3354
 3077
 3139
 3090
 3025
 3137
 3216
 3082
 3108
 3104
 3196
 3169
 3075
 2976
 3113
 3111
 2978
 3051
 3049
 3058
 3018
 3151
 3048
 3040
 3012
 2935
 3000
 3003
 3028
 2971
 2945
 2983
 2960
 2851
 3009
 2946
 2923
 2915
 3003
 2946
 2903
 2999
 2870
 3008
 2880
 2905
 2867
 2741
 2933
 2962
 2914
 2856
 2811
 2845
 2736
 2952
 2910
 2753
 2855
 2821
 2736
 2758
 2817
 2839
 2765
 2749
 2695
 2730
 2645
 2700
 2656
 2706
 2815
 2605
 2581
 2613
 2624
 2633
 2608
 2700
 2674
 2542
 2651
 2589
 2582
 2603
 2655
 2521
 2616
 2617
 2617
 2528
 2674
 2596
 2488
 2523
 2529
 2526
 2480
 2520
 2571
 2479
 2442
 2406
 2439
 2453
 2447
 2461
 2387
 2444
 2418
 2423
 2352
 2394
 2331
 2326
 2355
 2317
 2371
 2297
 2339
 2299
 2309
 2299
 2330
 2370
 2301
 2309
 2196
 2279
 2284
 2237
 2135
 2149
 2215
 2268
 2247
 2232
 2155
 2175
 2113
 2206
 2270
 2183
 2148
 2121
 2185
 2209
 2154
 2086
 2086
 2100
 2077
 2085
 2141
 2079
 2047
 2035
 2076
 2000
 1999
 2034
 1924
 2044
 2063
 2102
 1997
 1958
 2028
 1965
 1959
 2014
 2018
 1958
 1988
 2027
 1912
 1939
 1884
 1892
 1917
 1937
 1949
 1885
 1854
 1894
 1851
 1763
 1946
 1900
 1799
 1819
 1889
 1783
 1816
 1862
 1756
 1917
 1811
 1796
 1825
 1736
 1823
 1713
 1823
 1728
 1730
 1766
 1735
 1740
 1744
 1761
 1696
 1670
 1689
 1694
 1742
 1669
 1701
 1631
 1679
 1595
 1650
 1675
 1696
 1616
 1646
 1673
 1661
 1534
 1706
 1633
 1518
 1598
 1582
 1611
 1607
 1572
 1573
 1598
 1521
 1531
 1503
 1584
 1578
 1584
 1538
 1541
 1539
 1576
 1553
 1515
 1542
 1549
 1580
 1598
 1568
 1510
 1520
 1529
 1520
 1511
 1531
 1453
 1490
 1481
 1496
 1560
 1510
 1486
 1488
 1534
 1510
 1453
 1475
 1436
 1450
 1461
 1444
 1405
 1513
 1507
 1473
 1422
 1470
 1414
 1428
 1489
 1512
 1473
 1456
 1440
 1480
 1484
 1494
 1462
 1449
 1468
 1484
 1479
 1477
 1517
 1508
 1507
 1561
 1619
 1508
 1519
 1673
 1616
 1635
 1687
 1721
 1756
 1760
 1799
 1754
 1821
 1851
 1876
 1888
 1924
 1992
 2053
 2052
 2097
 2097
 2147
 2186
 2314
 2328
 2301
 2383
 2370
 2380
 2434
 2592
 2418
 2620
 2586
 2516
 2606
 2519
 2487
 2489
 2500
 2483
 2431
 2432
 2424
 2481
 2490
 2560
 2710
 2792
 3035
 3098
 3334
 3472
 3760
 3873
 4054
 4300
 4212
 4298
 4317
 4138
 4022
 3793
 3403
 3286
 2957
 2653
 2468
 2328
 1908
 1754
 1579
 1511
 1381
 1315
 1206
 1200
 1149
 1129
 1059
 1036
 1055
 1026
 992
 998
 1030
 1020
 1051
 983
 992
 1012
 958
 967
 1005
 924
 986
 969
 956
 943
 957
 979
 896
 914
 976
 961
 897
 948
 875
 888
 888
 893
 932
 932
 906
 824
 889
 905
 888
 886
 868
 922
 862
 842
 881
 925
 926
 870
 911
 840
 862
 815
 822
 888
 873
 846
 857
 842
 782
 832
 826
 854
 850
 795
 843
 850
 834
 822
 843
 834
 802
 788
 765
 773
 763
 841
 791
 830
 773
 793
 863
 795
 785
 776
 780
 792
 799
 796
 775
 752
 771
 744
 811
 746
 769
 765
 754
 770
 784
 755
 744
 682
 714
 756
 704
 762
 764
 694
 764
 756
 769
 693
 746
 705
 737
 740
 750
 699
 697
 734
 721
 747
 707
 722
 722
 686
 728
 731
 722
 722
 662
 686
 701
 679
 696
 701
 697
 677
 738
 652
 694
 650
 638
 708
 632
 669
 709
 688
 665
 692
 708
 657
 711
 709
 668
 690
 672
 692
 632
 677
 646
 672
 674
 618
 665
 633
 661
 647
 653
 706
 675
 633
 643
 612
 630
 589
 676
 681
 608
 687
 671
 638
 637
 575
 659
 638
 633
 621
 680
 626
 611
 600
 605
 622
 599
 598
 626
 594
 609
 616
 624
 607
 591
 567
 569
 592
 592
 602
 589
 595
 586
 604
 599
 616
 617
 621
 605
 573
 562
 524
 533
 552
 594
 582
 582
 582
 580
 588
 610
 575
 549
 571
 583
 579
 574
 584
 610
 575
 576
 595
 531
 530
 524
 539
 513
 536
 499
 522
 497
 499
 495
 467
 436
 438
 424
 453
 418
 376
 397
 383
 400
 383
 362
 376
 364
 374
 395
 387
 372
 418
 373
 404
 416
 371
 367
 366
 391
 364
 370
 362
 365
 356
 366
 374
 357
 352
 377
 359
 347
 318
 365
 353
 353
 389
 371
 400
 372
 349
 348
 322
 313
 357
 383
 347
 347
 361
 353
 371
 320
 359
 336
 359
 352
 318
 352
 319
 333
 338
 350
 344
 334
 358
 346
 308
 371
 348
 359
 331
 332
 363
 294
 358
 319
 337
 325
 328
 315
 337
 293
 341
 338
 306
 335
 319
 352
 327
 358
 346
 324
 349
 323
 314
 314
 293
 331
 324
 294
 329
 360
 335
 356
 314
 325
 333
 323
 289
 300
 333
 319
 328
 286
 342
 285
 285
 343
 314
 289
 334
 323
 263
 301
 287
 323
 302
 328
 317
 282
 311
 287
 303
 294
 289
 284
 300
 306
 279
 286
 300
 265
 294
 284
 311
 309
 273
 303
 265
 272
 305
 247
 290
 271
 283
 280
 302
 280
 280
 304
 254
 277
 283
 274
 262
 292
 268
 277
 270
 315
 300
 304
 278
 278
 293
 306
 321
 261
 284
 249
 306
 281
 279
 263
 272
 313
 244
 265
 257
 259
 257
 280
 251
 265
 246
 288
 279
 244
 231
 280
 295
 263
 281
 234
 283
 218
 288
 251
 266
 265
 269
 239
 247
 262
 266
 264
 248
 240
 241
 257
 263
 236
 268
 263
 215
 254
 240
 262
 241
 243
 277
 220
 247
 249
 262
 252
 223
 260
 247
 248
 265
 250
 258
 238
 258
 251
 234
 217
 244
 228
 224
 230
 245
 258
 253
 217
 261
 240
 241
 246
 227
 213
 249
 229
 210
 241
 261
 209
 255
 258
 221
 206
 235
 213
 216
 235
 203
 232
 213
 219
 229
 244
 216
 226
 222
 227
 221
 223
 193
 224
 220
 218
 222
 222
 239
 220
 219
 210
 207
 224
 222
 196
 237
 207
 214
 215
 216
 241
 212
 230
 223
 220
 217
 194
 218
 205
 201
 234
 193
 188
 226
 199
 236
 199
 198
 194
 223
 226
 212
 219
 175
 195
 181
 203
 208
 195
 216
 206
 175
 178
 204
 191
 187
 216
 187
 216
 211
 189
 188
 190
 195
 235
 204
 200
 196
 201
 190
 182
 181
 193
 193
 184
 203
 204
 207
 210
 200
 196
 177
 178
 199
 182
 215
 181
 211
 176
 178
 181
 215
 194
 169
 203
 177
 181
 182
 220
 198
 184
 189
 190
 193
 181
 197
 165
 209
 190
 198
 158
 172
 177
 181
 184
 188
 198
 170
 172
 160
 178
 167
 181
 181
 173
 178
 174
 185
 156
 195
 160
 169
 189
 161
 195
 169
 206
 166
 181
 195
 209
 175
 218
 181
 198
 206
 194
 197
 173
 195
 187
 205
 170
 228
 211
 214
 192
 214
 195
 190
 199
 179
 186
 161
 177
 181
 168
 174
 178
 206
 154
 205
 166
 142
 159
 139
 175
 161
 161
 165
 154
 170
 167
 170
 161
 150
 138
 137
 157
 162
 158
 158
 168
 166
 165
 155
 135
 173
 144
 165
 167
 160
 160
 168
 166
 178
 156
 162
 170
 164
 128
 176
 157
 140
 154
 146
 155
 129
 164
 165
 152
 126
 164
 150
 141
 138
 160
 145
 146
 156
 143
 153
 144
 139
 143
 159
 140
 154
 154
 147
 180
 163
 147
 147
 137
 149
 131
 139
 133
 151
 142
 145
 149
 153
 151
 127
 133
 154
 147
 153
 159
 121
 135
 170
 144
 118
 151
 146
 142
 162
 145
 147
 159
 132
 157
 152
 152
 119
 122
 149
 170
 156
 131
 124
 115
 148
 158
 119
 121
 132
 131
 142
 128
 132
 159
 154
 138
 109
 141
 127
 120
 139
 121
 115
 129
 135
 144
 140
 136
 126
 135
 119
 143
 117
 125
 125
 128
 125
 128
 123
 135
 141
 126
 110
 127
 128
 113
 113
 105
 124
 127
 127
 133
 117
 128
 117
 121
 98
 118
 110
 127
 121
 115
 124
 138
 115
 131
 148
 126
 113
 101
 149
 119
 139
 123
 142
 125
 99
 105
 122
 108
 102
 99
 135
 114
 114
 112
 108
 119
 130
 119
 101
 117
 112
 125
 121
 126
 126
 133
 122
 108
 134
 94
 124
 113
 118
 120
 121
 126
 143
 115
 121
 99
 137
 118
 109
 107
 127
 116
 110
 119
 128
 125
 110
 108
 116
 137
 96
 104
 122
 109
 113
 121
 110
 119
 123
 110
 114
 104
 106
 104
 111
 118
 113
 96
 104
 109
 97
 116
 115
 112
 112
 112
 119
 107
 104
 102
 98
 103
 97
 106
 96
 115
 115
 117
 125
 110
 105
 104
 105
 119
 106
 115
 110
 112
 110
 128
 133
 142
 130
 131
 150
 170
 136
 166
 157
 166
 178
 155
 182
 155
 152
 146
 180
 160
 151
 168
 129
 126
 126
 123
 136
 116
 117
 118
 122
 97
 107
 111
 111
 116
 112
 97
 105
 118
 83
 104
 106
 87
 119
 102
 90
 89
 100
 97
 91
 102
 114
 105
 104
 93
 114
 99
 101
 116
 109
 99
 126
 105
 104
 81
 89
 106
 119
 104
 103
 95
 103
 112
 123
 119
 113
 100
 114
 121
 125
 112
 130
 124
 113
 129
 132
 136
 141
 167
 167
 198
 214
 215
 223
 238
 316
 306
 317
 347
 377
 400
 418
 425
 461
 436
 425
 421
 438
 403
 405
 394
 347
 372
 362
 307
 325
 270
 245
 209
 199
 207
 166
 153
 157
 149
 146
 131
 131
 135
 112
 110
 89
 110
 111
 101
 89
 87
 95
 95
 104
 102
 85
 89
 75
 114
 108
 92
 96
 86
 106
 106
 83
 112
 100
 105
 83
 94
 117
 113
 112
 106
 106
 97
 112
 119
 106
 106
 99
 90
 93
 97
 99
 103
 101
 100
 96
 111
 108
 108
 96
 96
 101
 89
 109
 94
 97
 94
 106
 86
 95
 90
 98
 89
 91
 101
 96
 88
 93
 100
 89
 87
 98
 96
 96
 90
 94
 75
 92
 92
 94
 93
 81
 103
 86
 81
 93
 89
 85
 99
 90
 91
 87
 109
 88
 88
 79
 73
 87
 87
 97
 92
 91
 72
 95
 99
 98
 63
 73
 78
 70
 87
 88
 93
 92
 95
 85
 87
 92
 95
 78
 97
 83
 80
 83
 91
 71
 77
 77
 78
 85
 82
 104
 79
 82
 97
 73
 63
 77
 93
 78
 71
 82
 78
 66
 84
 65
 88
 99
 77
 90
 64
 81
 92
 71
 90
 73
 81
 82
 79
 85
 79
 75
 72
 72
 84
 91
 88
 67
 73
 66
 83
 76
 85
 87
 74
 78
 70
 78
 90
 73
 63
 72
 71
 66
 67
 88
 68
 78
 68
 66
 78
 67
 68
 68
 72
 64
 69
 81
 61
 69
 64
 72
 73
 76
 78
 70
 78
 69
 72
 82
 69
 57
 64
 52
 80
 69
 65
 64
 73
 70
 73
 63
 60
 91
 69
 78
 79
 60
 82
 71
 54
 78
 70
 64
 78
 66
 67
 56
 58
 73
 69
 77
 79
 69
 63
 62
 62
 78
 65
 68
 71
 74
 63
 66
 66
 62
 68
 64
 59
 64
 58
 68
 61
 61
 65
 62
 54
 59
 63
 67
 71
 59
 71
 48
 47
 58
 69
 72
 56
 59
 56
 69
 66
 60
 66
 58
 66
 65
 67
 65
 66
 55
 66
 63
 60
 47
 66
 59
 53
 64
 65
 67
 67
 58
 56
 53
 62
 57
 53
 54
 67
 60
 61
 53
 57
 57
 61
 50
 56
 57
 69
 53
 47
 44
 59
 55
 58
 54
 39
 61
 53
 58
 45
 56
 60
 49
 52
 56
 59
 64
 65
 59
 42
 55
 55
 50
 62
 53
 60
 59
 60
 47
 57
 55
 35
 56
 49
 51
 63
 51
 49
 73
 59
 62
 68
 47
 58
 62
 49
 59
 53
 53
 57
 62
 54
 47
 56
 52
 50
 73
 59
 60
 43
 54
 55
 63
 47
 51
 61
 52
 51
 36
 54
 56
 47
 51
 55
 43
 51
 57
 41
 59
 46
 51
 42
 58
 45
 38
 56
 52
 32
 54
 61
 47
 50
 56
 43
 33
 48
 44
 57
 41
 54
 55
 49
 56
 47
 59
 44
 58
 61
 39
 48
 57
 53
 42
 47
 43
 47
 50
 49
 60
 67
 59
 46
 61
 69
 49
 51
 58
 63
 49
 57
 54
 61
 52
 63
 53
 50
 61
 54
 67
 63
 55
 57
 55
 67
 53
 71
 56
 69
 46
 44
 57
 57
 45
 53
 45
 64
 48
 51
 50
 59
 36
 52
 43
 44
 43
 56
 49
 48
 42
 29
 38
 38
 50
 43
 39
 45
 27
 46
 36
 38
 50
 47
 45
 36
 44
 30
 38
 43
 43
 37
 33
 40
 43
 32
 41
 39
 37
 46
 37
 38
 29
 41
 31
 29
 33
 47
 39
 44
 36
 46
 34
 42
 50
 27
 43
 50
 43
 54
 36
 39
 41
 42
 48
 41
 45
 34
 48
 32
 46
 38
 31
 35
 34
 31
 37
 34
 39
 39
 37
 34
 38
 45
 46
 28
 37
 31
 37
 49
 45
 37
 40
 45
 39
 46
 51
 34
 35
 42
 35
 31
 30
 33
 43
 43
 33
 43
 29
 33
 26
 38
 33
 35
 33
 24
 29
 41
 44
 38
 32
 33
 35
 35
 28
 39
 37
 37
 37
 36
 35
 40
 31
 30
 37
 35
 31
 22
 37
 35
 35
 43
 28
 30
 31
 34
 28
 36
 33
 25
 28
 33
 37
 25
 17
 33
 35
 39
 38
 36
 29
 44
 41
 34
 29
 34
 30
 21
 35
 35
 31
 40
 39
 31
 34
 38
 32
 41
 33
 28
 32
 37
 31
 27
 21
 32
 32
 21
 24
 27
 24
 26
 35
 25
 35
 34
 32
 34
 27
 29
 26
 35
 32
 38
 23
 29
 23
 23
 38
 28
 27
 24
 29
 27
 33
 36
 29
 31
 23
 27
 31
 30
 29
 29
 35
 34
 36
 36
 19
 29
 28
 21
 29
 25
 34
 34
 24
 27
 32
 40
 26
 36
 26
 27
 45
 40
 31
 33
 27
 34
 31
 37
 33
 32
 40
 28
 21
 30
 26
 26
 27
 30
 19
 22
 27
 25
 28
 22
 25
 29
 32
 35
 24
 22
 28
 30
 26
 25
 14
 26
 34
 37
 24
 26
 34
 32
 24
 26
 25
 27
 43
 28
 31
 37
 38
 28
 30
 32
 32
 28
 37
 26
 38
 27
 25
 23
 35
 24
 28
 34
 27
 41
 28
 42
 26
 31
 28
 27
 23
 29
 18
 20
 25
 28
 30
 29
 16
 25
 26
 26
 33
 30
 24
 25
 24
 26
 18
 20
 26
 22
 27
 22
 15
 22
 24
 22
 22
 24
 21
 29
 18
 27
 21
 28
 21
 25
 26
 23
 17
 19
 21
 20
 33
 17
 27
 25
 26
 19
 21
 21
 23
 23
 26
 24
 30
 28
 16
 19
 22
 25
 23
 24
 32
 20
 17
 15
 19
 24
 25
 19
 23
 26
 41
 19
 34
 19
 17
 28
 19
 30
 22
 18
 23
 17
 29
 38
 30
 25
 33
 30
 22
 27
 28
 23
 28
 21
 21
 23
 23
 29
 25
 20
 29
 21
 28
 15
 17
 33
 14
 19
 17
 20
 22
 25
 14
 19
 14
 14
