VERSION:    3.1
ELEMENTS:              1
DATE:       MAR 11, 2010 01:36:26.751
CHANNELS:           4000
ROIS:        0
REAL_TIME:   1213.5000000
LIVE_TIME:   1200.6400146
CAL_OFFSET:  8.8112198e-002
CAL_SLOPE:   3.1493530e-002
CAL_QUAD:    0.0000000e+000
TWO_THETA:   9.9946346
DATA: 
 0
 0
 0
 0
 0
 0
 0
 0
 0
 0
 0
 0
 0
 0
 0
 0
 0
 0
 0
 0
 0
 0
 0
 0
 0
 0
 0
 0
 0
 0
 0
 0
 0
 0
 0
 0
 0
 0
 0
 0
 0
 0
 0
 0
 0
 0
 0
 0
 0
 0
 0
 0
 0
 0
 0
 0
 0
 0
 0
 0
 0
 0
 0
 0
 0
 0
 0
 0
 0
 0
 1
 9
 18
 16
 15
 10
 6
 17
 15
 14
 16
 20
 14
 12
 15
 22
 16
 15
 13
 18
 21
 17
 10
 17
 9
 13
 17
 16
 16
 15
 15
 12
 21
 12
 12
 14
 13
 17
 14
 13
 16
 15
 14
 11
 19
 16
 19
 19
 12
 13
 16
 18
 16
 20
 14
 17
 13
 14
 22
 30
 18
 19
 14
 6
 23
 15
 18
 14
 21
 22
 23
 20
 18
 18
 19
 18
 19
 20
 21
 20
 24
 14
 28
 29
 29
 18
 19
 29
 21
 32
 15
 19
 29
 26
 26
 30
 26
 24
 23
 20
 22
 20
 21
 30
 22
 24
 25
 28
 23
 39
 28
 27
 26
 27
 31
 47
 43
 33
 38
 31
 27
 32
 26
 28
 32
 33
 34
 38
 43
 23
 31
 45
 25
 33
 40
 32
 45
 37
 35
 26
 31
 36
 33
 46
 37
 28
 36
 33
 35
 37
 50
 50
 26
 35
 28
 42
 43
 36
 41
 49
 43
 47
 49
 52
 52
 60
 60
 62
 64
 58
 65
 55
 66
 55
 55
 51
 49
 62
 46
 42
 28
 41
 35
 58
 46
 53
 45
 50
 54
 54
 65
 51
 60
 54
 41
 49
 70
 56
 55
 60
 40
 49
 45
 65
 71
 68
 56
 50
 61
 58
 52
 46
 46
 57
 53
 60
 57
 71
 44
 64
 64
 62
 51
 55
 59
 56
 60
 52
 68
 78
 77
 63
 64
 48
 55
 68
 78
 76
 72
 60
 59
 70
 78
 65
 59
 72
 58
 78
 63
 67
 67
 66
 83
 73
 76
 58
 52
 70
 66
 64
 60
 78
 72
 73
 65
 58
 72
 68
 70
 61
 67
 75
 87
 77
 69
 81
 84
 56
 77
 61
 89
 83
 78
 77
 79
 86
 76
 68
 77
 65
 81
 63
 64
 69
 88
 85
 79
 81
 62
 66
 78
 71
 72
 69
 70
 57
 68
 63
 72
 93
 77
 74
 80
 78
 71
 68
 71
 86
 67
 69
 67
 71
 70
 74
 77
 69
 79
 80
 81
 82
 74
 78
 64
 70
 59
 67
 65
 75
 70
 77
 77
 62
 60
 67
 76
 68
 85
 69
 67
 62
 74
 85
 71
 62
 73
 80
 56
 77
 64
 71
 72
 74
 68
 68
 68
 77
 66
 88
 85
 67
 63
 66
 59
 66
 77
 70
 73
 66
 63
 85
 76
 82
 73
 66
 70
 70
 80
 84
 84
 78
 77
 91
 82
 89
 74
 80
 82
 94
 100
 89
 91
 89
 106
 69
 96
 94
 91
 109
 101
 104
 94
 109
 116
 120
 96
 113
 116
 117
 117
 147
 140
 148
 138
 174
 172
 174
 177
 216
 192
 196
 197
 189
 164
 144
 150
 146
 152
 142
 125
 159
 161
 157
 150
 178
 172
 167
 154
 177
 180
 192
 191
 193
 201
 196
 167
 178
 214
 204
 178
 206
 202
 203
 208
 211
 206
 222
 221
 250
 235
 247
 256
 264
 285
 253
 280
 319
 322
 335
 356
 397
 366
 428
 408
 402
 383
 376
 331
 352
 377
 350
 377
 341
 340
 320
 319
 351
 314
 348
 330
 340
 351
 318
 393
 335
 346
 367
 368
 390
 337
 400
 387
 345
 407
 358
 403
 410
 391
 403
 405
 379
 428
 418
 426
 458
 440
 443
 427
 476
 413
 455
 465
 462
 460
 463
 454
 512
 473
 513
 494
 483
 526
 527
 517
 523
 551
 491
 536
 562
 572
 578
 558
 568
 603
 576
 572
 560
 596
 565
 610
 568
 555
 549
 542
 585
 588
 624
 613
 641
 616
 615
 637
 663
 621
 608
 670
 637
 648
 610
 703
 667
 683
 667
 665
 679
 648
 649
 705
 675
 670
 693
 702
 666
 712
 717
 769
 724
 670
 765
 761
 763
 738
 749
 801
 786
 772
 778
 754
 807
 760
 809
 798
 794
 799
 851
 774
 792
 813
 817
 879
 851
 854
 794
 835
 794
 881
 837
 867
 880
 830
 903
 855
 848
 821
 802
 830
 837
 878
 839
 827
 825
 804
 850
 786
 775
 848
 808
 803
 779
 785
 754
 772
 781
 767
 770
 717
 751
 790
 776
 772
 778
 768
 758
 703
 708
 732
 693
 685
 713
 748
 679
 689
 668
 741
 714
 697
 669
 636
 645
 661
 693
 698
 661
 650
 642
 702
 678
 684
 670
 660
 668
 659
 687
 659
 676
 661
 667
 664
 617
 613
 639
 621
 642
 639
 634
 628
 642
 628
 653
 658
 643
 622
 629
 594
 623
 638
 597
 629
 670
 676
 614
 645
 633
 639
 601
 684
 631
 627
 632
 696
 666
 612
 627
 685
 652
 614
 689
 705
 629
 662
 620
 684
 697
 694
 699
 699
 717
 701
 650
 723
 695
 697
 676
 679
 661
 685
 726
 620
 675
 688
 664
 698
 664
 715
 684
 682
 730
 696
 684
 696
 653
 715
 691
 712
 720
 714
 689
 690
 721
 695
 709
 742
 759
 730
 699
 666
 694
 735
 736
 724
 744
 705
 745
 686
 740
 714
 714
 730
 730
 748
 718
 708
 710
 714
 692
 750
 707
 703
 719
 731
 677
 732
 708
 716
 714
 715
 740
 711
 631
 695
 717
 750
 743
 715
 699
 715
 772
 683
 729
 675
 702
 714
 655
 709
 741
 691
 704
 702
 651
 715
 722
 705
 682
 681
 676
 649
 647
 673
 663
 700
 690
 662
 674
 689
 731
 651
 671
 679
 654
 690
 668
 675
 692
 677
 612
 661
 662
 608
 638
 696
 660
 701
 613
 651
 645
 628
 636
 613
 613
 636
 632
 626
 664
 653
 622
 606
 613
 627
 654
 647
 597
 602
 650
 633
 616
 592
 672
 591
 611
 635
 623
 565
 607
 615
 579
 624
 586
 603
 655
 596
 605
 618
 631
 602
 589
 563
 580
 603
 591
 614
 617
 610
 568
 610
 592
 618
 611
 557
 616
 570
 581
 606
 617
 563
 649
 657
 606
 613
 632
 594
 580
 609
 601
 601
 583
 610
 629
 606
 642
 620
 632
 598
 617
 644
 600
 610
 598
 588
 641
 590
 615
 604
 598
 634
 626
 642
 622
 603
 645
 655
 647
 652
 636
 594
 646
 612
 628
 639
 628
 653
 647
 656
 603
 645
 646
 618
 644
 648
 685
 664
 651
 656
 655
 659
 655
 618
 676
 607
 643
 626
 664
 632
 652
 610
 629
 644
 649
 629
 641
 666
 639
 661
 645
 587
 664
 694
 614
 642
 634
 654
 655
 632
 652
 634
 618
 656
 612
 618
 609
 621
 654
 602
 607
 631
 637
 580
 605
 583
 628
 614
 612
 604
 598
 602
 599
 656
 569
 595
 648
 624
 607
 556
 602
 617
 605
 626
 594
 604
 611
 615
 596
 570
 551
 650
 630
 626
 628
 599
 581
 639
 582
 604
 579
 610
 583
 602
 584
 598
 565
 546
 575
 593
 619
 583
 580
 561
 561
 576
 584
 621
 589
 569
 586
 541
 573
 569
 556
 571
 558
 508
 557
 595
 539
 567
 515
 533
 516
 569
 566
 551
 534
 521
 528
 541
 608
 564
 531
 538
 535
 551
 506
 537
 518
 555
 525
 517
 473
 505
 525
 560
 518
 479
 550
 541
 549
 501
 517
 550
 494
 525
 529
 520
 515
 501
 554
 492
 514
 539
 484
 531
 507
 481
 490
 482
 492
 470
 484
 522
 481
 480
 484
 477
 499
 454
 492
 471
 498
 484
 506
 479
 513
 521
 440
 510
 465
 476
 471
 455
 498
 505
 450
 447
 467
 449
 514
 521
 471
 472
 505
 463
 448
 455
 478
 484
 436
 456
 464
 451
 441
 466
 443
 475
 476
 451
 426
 434
 388
 444
 436
 432
 419
 405
 456
 438
 460
 457
 429
 413
 443
 444
 466
 426
 431
 440
 449
 428
 434
 416
 418
 416
 420
 410
 418
 420
 432
 430
 406
 397
 371
 399
 409
 405
 401
 394
 388
 348
 416
 384
 402
 395
 394
 410
 378
 441
 416
 402
 402
 396
 414
 377
 396
 413
 370
 378
 378
 406
 380
 382
 384
 346
 408
 357
 372
 377
 393
 420
 381
 406
 357
 365
 380
 358
 368
 395
 363
 368
 409
 397
 349
 404
 374
 364
 375
 348
 349
 383
 348
 345
 397
 332
 364
 351
 356
 369
 345
 341
 351
 372
 334
 358
 357
 329
 366
 355
 354
 337
 385
 347
 292
 355
 359
 364
 336
 341
 324
 340
 325
 331
 346
 348
 355
 334
 312
 311
 358
 335
 341
 326
 324
 330
 324
 321
 292
 382
 337
 338
 310
 337
 308
 351
 334
 325
 327
 294
 362
 333
 350
 329
 282
 333
 314
 328
 339
 318
 298
 320
 326
 356
 297
 325
 337
 278
 307
 308
 304
 307
 302
 306
 314
 296
 319
 335
 297
 307
 316
 326
 311
 318
 282
 327
 298
 271
 268
 274
 319
 280
 295
 321
 306
 292
 305
 290
 320
 281
 291
 315
 288
 287
 307
 283
 310
 300
 288
 281
 288
 306
 240
 284
 267
 292
 278
 305
 272
 249
 310
 278
 306
 269
 275
 290
 268
 299
 256
 289
 271
 288
 290
 294
 271
 270
 280
 250
 273
 260
 262
 258
 303
 283
 265
 286
 273
 276
 283
 278
 241
 290
 285
 242
 289
 271
 271
 234
 288
 265
 284
 272
 292
 278
 268
 279
 289
 263
 271
 261
 273
 272
 252
 284
 269
 260
 278
 254
 272
 270
 254
 269
 251
 269
 259
 255
 238
 268
 274
 259
 266
 251
 249
 257
 260
 262
 246
 254
 263
 239
 265
 241
 297
 231
 231
 256
 260
 261
 258
 255
 270
 237
 232
 250
 279
 223
 255
 249
 244
 207
 279
 270
 247
 236
 256
 213
 251
 247
 252
 259
 258
 248
 271
 246
 283
 239
 260
 272
 230
 234
 263
 251
 266
 252
 249
 262
 252
 250
 248
 261
 233
 233
 267
 231
 253
 239
 239
 224
 270
 229
 249
 277
 255
 254
 232
 281
 247
 234
 223
 260
 240
 250
 253
 242
 253
 247
 265
 266
 223
 256
 264
 229
 235
 277
 238
 253
 224
 256
 202
 193
 257
 246
 214
 228
 254
 219
 246
 241
 221
 257
 266
 232
 250
 226
 253
 244
 235
 236
 245
 217
 249
 257
 244
 245
 238
 217
 252
 224
 246
 205
 220
 225
 216
 220
 220
 251
 214
 224
 235
 207
 206
 226
 193
 240
 205
 208
 220
 213
 222
 253
 239
 220
 203
 229
 183
 229
 219
 231
 206
 219
 223
 224
 228
 184
 211
 204
 223
 196
 214
 196
 225
 220
 204
 243
 208
 205
 226
 232
 222
 191
 202
 201
 218
 198
 181
 195
 191
 217
 224
 177
 198
 179
 196
 223
 187
 196
 207
 179
 207
 163
 189
 208
 227
 186
 208
 207
 161
 193
 220
 162
 193
 180
 199
 196
 209
 218
 201
 190
 183
 201
 176
 193
 181
 181
 163
 181
 184
 204
 182
 200
 184
 165
 190
 177
 171
 186
 174
 185
 211
 173
 165
 181
 151
 156
 169
 180
 148
 172
 172
 182
 155
 188
 169
 179
 177
 205
 173
 196
 186
 153
 173
 180
 167
 177
 161
 180
 172
 177
 168
 201
 181
 165
 171
 188
 165
 153
 173
 183
 180
 164
 144
 177
 158
 170
 155
 173
 157
 159
 160
 155
 179
 146
 164
 180
 163
 171
 167
 155
 154
 174
 165
 170
 156
 172
 165
 178
 166
 183
 155
 161
 176
 178
 171
 168
 182
 176
 204
 175
 170
 178
 186
 140
 185
 153
 175
 179
 168
 156
 174
 167
 164
 160
 165
 153
 147
 133
 160
 163
 166
 157
 141
 167
 157
 143
 176
 147
 157
 158
 137
 164
 173
 164
 157
 158
 137
 142
 144
 125
 166
 125
 158
 147
 139
 154
 136
 170
 131
 179
 155
 147
 149
 144
 129
 145
 145
 140
 134
 147
 154
 145
 151
 160
 146
 129
 161
 151
 151
 144
 126
 164
 152
 152
 145
 160
 145
 156
 135
 145
 148
 141
 166
 111
 159
 140
 155
 148
 139
 143
 134
 159
 136
 132
 159
 142
 138
 158
 132
 136
 136
 134
 159
 134
 142
 144
 142
 143
 119
 137
 142
 132
 141
 156
 136
 124
 130
 156
 150
 128
 113
 149
 137
 139
 154
 128
 141
 154
 127
 136
 146
 148
 127
 157
 127
 136
 111
 132
 144
 149
 134
 135
 139
 128
 120
 133
 142
 121
 135
 134
 123
 127
 124
 140
 148
 127
 110
 109
 114
 121
 120
 138
 126
 121
 128
 135
 124
 131
 134
 137
 125
 121
 125
 127
 121
 117
 125
 131
 115
 135
 143
 108
 141
 122
 115
 130
 127
 141
 141
 129
 123
 137
 119
 119
 130
 108
 136
 114
 118
 125
 124
 119
 117
 134
 109
 106
 131
 119
 111
 112
 118
 107
 105
 110
 108
 113
 127
 118
 120
 105
 104
 107
 106
 116
 129
 101
 116
 123
 119
 136
 126
 133
 101
 130
 123
 136
 100
 131
 112
 130
 117
 130
 106
 109
 136
 130
 118
 127
 107
 103
 110
 107
 117
 101
 118
 124
 119
 112
 122
 111
 127
 128
 127
 101
 97
 114
 122
 113
 115
 109
 124
 98
 101
 120
 114
 100
 115
 124
 111
 103
 108
 112
 118
 118
 116
 115
 113
 96
 115
 101
 103
 104
 108
 113
 122
 95
 114
 89
 102
 95
 99
 98
 121
 93
 99
 103
 90
 73
 110
 99
 89
 102
 87
 93
 98
 86
 81
 103
 85
 100
 88
 96
 94
 77
 95
 76
 61
 71
 75
 79
 60
 70
 71
 69
 68
 61
 67
 68
 68
 69
 64
 76
 81
 69
 64
 83
 67
 70
 71
 79
 81
 60
 61
 72
 57
 68
 72
 70
 76
 66
 71
 76
 71
 68
 70
 59
 72
 68
 55
 57
 57
 54
 68
 56
 70
 70
 65
 67
 85
 64
 67
 70
 65
 65
 62
 64
 54
 71
 55
 67
 63
 78
 65
 61
 69
 76
 76
 52
 70
 79
 46
 65
 64
 78
 58
 63
 66
 64
 63
 66
 56
 56
 65
 63
 62
 75
 59
 62
 62
 67
 68
 66
 65
 48
 69
 67
 55
 56
 61
 72
 65
 65
 66
 75
 53
 53
 64
 63
 62
 52
 62
 67
 55
 56
 62
 59
 58
 64
 55
 53
 56
 49
 54
 45
 47
 53
 58
 64
 62
 61
 59
 59
 51
 65
 51
 58
 60
 53
 55
 62
 62
 52
 46
 62
 51
 54
 53
 55
 47
 44
 49
 55
 58
 50
 68
 65
 49
 49
 51
 60
 61
 73
 71
 56
 62
 58
 64
 48
 64
 54
 55
 57
 50
 50
 48
 42
 55
 50
 52
 50
 59
 40
 48
 41
 55
 58
 53
 42
 54
 56
 40
 44
 64
 44
 49
 43
 54
 53
 44
 39
 56
 47
 55
 51
 51
 53
 45
 41
 55
 50
 46
 44
 60
 47
 57
 49
 58
 54
 54
 39
 37
 45
 48
 36
 54
 49
 42
 51
 58
 43
 46
 42
 47
 45
 48
 50
 46
 46
 47
 44
 41
 46
 41
 57
 52
 53
 42
 34
 52
 45
 52
 38
 46
 38
 51
 41
 46
 39
 45
 41
 39
 44
 45
 36
 49
 38
 42
 35
 42
 38
 57
 54
 44
 39
 42
 41
 51
 56
 44
 32
 51
 33
 46
 43
 46
 32
 27
 42
 48
 30
 56
 52
 43
 36
 40
 51
 45
 44
 52
 52
 46
 39
 48
 57
 41
 44
 44
 46
 32
 43
 40
 41
 45
 59
 39
 42
 42
 41
 54
 35
 47
 34
 36
 54
 32
 34
 45
 44
 37
 33
 39
 39
 35
 41
 40
 37
 50
 40
 43
 28
 46
 35
 36
 54
 36
 34
 44
 31
 33
 54
 34
 35
 33
 39
 37
 40
 48
 36
 46
 42
 30
 50
 32
 46
 34
 36
 37
 32
 34
 38
 39
 35
 47
 39
 47
 34
 43
 34
 44
 33
 30
 45
 36
 41
 35
 37
 38
 41
 33
 42
 37
 43
 33
 37
 36
 37
 36
 36
 30
 37
 35
 30
 33
 46
 28
 39
 30
 29
 37
 30
 25
 32
 34
 32
 40
 27
 45
 26
 31
 36
 24
 37
 34
 31
 42
 28
 27
 41
 32
 51
 30
 41
 32
 32
 41
 25
 38
 38
 34
 17
 30
 42
 31
 24
 31
 31
 34
 32
 39
 27
 26
 32
 37
 35
 26
 34
 27
 21
 43
 36
 31
 42
 31
 39
 39
 42
 39
 44
 33
 37
 37
 36
 35
 32
 25
 29
 35
 27
 34
 37
 32
 36
 27
 38
 35
 39
 28
 39
 37
 33
 40
 29
 25
 26
 30
 35
 33
 38
 28
 35
 36
 35
 32
 29
 40
 25
 16
 33
 30
 25
 26
 34
 24
 25
 32
 32
 24
 22
 37
 39
 28
 23
 30
 29
 30
 27
 34
 22
 31
 23
 25
 30
 24
 26
 15
 25
 23
 26
 35
 34
 19
 29
 25
 31
 21
 32
 30
 31
 29
 29
 19
 25
 34
 27
 28
 22
 30
 30
 42
 28
 16
 26
 34
 32
 25
 22
 22
 24
 38
 16
 23
 30
 31
 31
 25
 27
 25
 26
 31
 28
 26
 38
 23
 14
 27
 24
 22
 18
 27
 30
 13
 16
 27
 24
 26
 23
 22
 29
 27
 20
 25
 29
 26
 24
 21
 19
 26
 23
 17
 26
 21
 29
 18
 15
 38
 32
 21
 22
 17
 21
 37
 23
 32
 21
 22
 22
 26
 26
 20
 22
 23
 28
 29
 16
 20
 29
 21
 20
 26
 33
 17
 29
 19
 22
 19
 23
 24
 19
 27
 28
 25
 31
 24
 21
 19
 16
 23
 23
 20
 22
 25
 19
 24
 18
 17
 27
 20
 26
 29
 23
 26
 24
 28
 23
 19
 18
 27
 33
 17
 17
 35
 14
 24
 26
 21
 33
 22
 34
 27
 25
 20
 17
 22
 14
 22
 27
 25
 16
 22
 21
 23
 22
 26
 22
 24
 23
 16
 19
 16
 14
 21
 17
 29
 19
 26
 13
 20
 19
 16
 19
 21
 32
 21
 16
 21
 19
 23
 20
 21
 21
 18
 19
 20
 22
 25
 14
 21
 24
 7
 14
 21
 16
 22
 12
 14
 18
 18
 21
 13
 17
 21
 22
 29
 16
 18
 22
 23
 17
 19
 13
 9
 16
 19
 21
 28
 21
 10
 17
 10
 14
 26
 16
 23
 18
 26
 11
 19
 23
 20
 13
 18
 14
 12
 24
 17
 15
 15
 17
 18
 16
 17
 20
 25
 16
 13
 19
 14
 18
 13
 19
 14
 24
 18
 19
 18
 14
 14
 14
 12
 21
 13
 16
 19
 16
 18
 15
 19
 16
 16
 16
 14
 14
 9
 19
 17
 17
 17
 13
 16
 15
 9
 16
 18
 13
 14
 10
 16
 14
 15
 13
 15
 13
 16
 12
 21
 14
 18
 18
 18
 16
 13
 13
 14
 17
 14
 18
 20
 15
 20
 18
 12
 12
 17
 15
 15
 14
 13
 13
 13
 17
 9
 13
 15
 15
 11
 17
 12
 17
 17
 15
 11
 11
 11
 23
 13
 7
 14
 14
 11
 14
 15
 15
 16
 18
 12
 15
 12
 15
 16
 12
 14
 13
 16
 13
 12
 17
 15
 17
 17
 19
 18
 17
 11
 11
 18
 10
 19
 13
 8
 11
 9
 18
 18
 15
 20
 11
 14
 13
 11
 15
 11
 11
 13
 10
 7
 10
 14
 16
 10
 9
 8
 21
 12
 10
 18
 18
 12
 10
 9
 10
 15
 15
 14
 13
 17
 8
 13
 10
 11
 14
 12
 10
 9
 16
 14
 13
 13
 10
 11
 13
 7
 13
 12
 12
 12
 15
 12
 13
 11
 11
 13
 15
 10
 10
 11
 16
 9
 8
 8
 5
 17
 14
 9
 12
 6
 19
 6
 15
 10
 10
 10
 16
 10
 11
 10
 12
 14
 6
 10
 9
 19
 16
 15
 13
 9
 9
 13
 11
 8
 14
 13
 10
 15
 16
 6
 15
 12
 9
 15
 10
 11
 6
 12
 12
 9
 7
 10
 14
 9
 9
 11
 8
 11
 11
 11
 11
 14
 13
 8
 13
 10
 10
 14
 15
 7
 11
 9
 12
 11
 5
 11
 10
 12
 11
 13
 14
 11
 10
 8
 11
 9
 9
 15
 9
 15
 8
 4
 13
 8
 12
 8
 8
 13
 7
 14
 11
 7
 7
 3
 8
 8
 5
 10
 13
 7
 13
 9
 13
 5
 9
 8
 9
 11
 8
 9
 9
 9
 9
 8
 8
 12
 5
 12
 12
 7
 7
 8
 13
 5
 8
 7
 8
 8
 8
 16
 5
 9
 11
 8
 17
 4
 6
 19
 9
 9
 7
 5
 12
 6
 4
 9
 4
 8
 11
 8
 10
 10
 8
 12
 2
 6
 7
 5
 10
 5
 15
 17
 11
 8
 3
 6
 11
 3
 1
 6
 9
 9
 7
 4
 19
 7
 10
 10
 4
 8
 7
 6
 8
 10
 12
 10
 7
 9
 11
 9
 9
 9
 7
 3
 10
 7
 6
 10
 13
 3
 12
 6
 10
 7
 3
 3
 5
 6
 7
 9
 8
 7
 12
 13
 6
 10
 8
 3
 6
 4
 4
 10
 8
 7
 6
 4
 6
 3
 9
 2
 9
 12
 12
 7
 11
 7
 9
 9
 9
 3
 2
 6
 9
 7
 8
 9
 7
 6
 9
 5
 10
 8
 3
 7
 12
 4
 7
 7
 10
 7
 3
 12
 6
 4
 8
 2
 6
 8
 7
 8
 9
 7
 12
 6
 7
 8
 5
 4
 6
 6
 1
 11
 9
 8
 6
 10
 11
 8
 5
 11
 10
 3
 7
 9
 5
 4
 7
 9
 5
 10
 4
 8
 8
 2
 6
 9
 4
 3
 8
 5
 8
 8
 8
 9
 7
 5
 10
 3
 6
 6
 5
 5
 2
 1
 8
 5
 4
 5
 7
 10
 7
 11
 2
 10
 5
 7
 4
 6
 5
 6
 7
 9
 6
 3
 9
 10
 7
 8
 8
 5
 8
 5
 6
 9
 9
 5
 7
 5
 9
 3
 5
 4
 6
 4
 5
 4
 7
 8
 5
 8
 8
 3
 3
 9
 3
 4
 2
 5
 7
 4
 5
 10
 5
 4
 6
 7
 12
 6
 2
 3
 6
 4
 6
 6
 4
 9
 2
 5
 6
 8
 3
 7
 7
 3
 8
 5
 4
 7
 4
 5
 6
 9
 3
 6
 6
 7
 2
 5
 9
 1
 7
 7
 4
 5
 3
 5
 5
 6
 6
 4
 9
 2
 4
 7
 5
 5
 5
 6
 2
 6
 5
 6
 3
 6
 9
 5
 5
 8
 5
 7
 6
 1
 9
 7
 8
 4
 5
 5
 6
 8
 4
 6
 3
 4
 6
 1
 2
 3
 6
 5
 7
 6
 7
 3
 9
 5
 7
 4
 2
 5
 6
 8
 4
 12
 3
 6
 1
 6
 5
 9
 3
 13
 2
 4
 0
 8
 2
 5
 5
 7
 4
 9
 10
 6
 7
 3
 6
 7
 6
 3
 3
 5
 2
 7
 3
 5
 4
 3
 3
 2
 4
 4
 4
 4
 4
 2
 4
 2
 5
 3
 5
 4
 4
 7
 2
 2
 4
 4
 3
 4
 4
 5
 5
 3
 1
 5
 5
 2
 6
 5
 5
 5
 4
 3
 2
 4
 1
 6
 2
 2
 3
 5
 4
 5
 5
 3
 6
 4
 6
 5
 4
 0
 2
 5
 3
 3
 6
 4
 3
 2
 1
 4
 4
 4
 2
 4
 1
 1
 4
 2
 4
 2
 4
 5
 2
 4
 3
 5
 3
 3
 4
 4
 5
 9
 3
 2
 4
 3
 3
 7
 5
 7
 2
 4
 4
 6
 1
 4
 2
 2
 3
 3
 1
 2
 2
 3
 4
 3
 6
 4
 4
 2
 6
 1
 4
 4
 4
 5
 4
 4
 4
 3
 3
 2
 1
 4
 1
 6
 4
 2
 7
 4
 4
 4
 5
 1
 3
 2
 3
 8
 1
 1
 1
 3
 4
 5
 5
 5
 1
 2
 2
 2
 1
 4
 2
 6
 2
 8
 5
 3
 3
 2
 4
 5
 10
 5
 5
 1
 2
 1
 7
 4
 2
 6
 2
 2
 1
 3
 2
 2
 6
 6
 3
 3
 6
 3
 8
 3
 2
 5
 2
 1
 4
 2
 1
 5
 3
 4
 2
 2
 3
 3
 3
 3
 2
 4
 2
 0
 4
 4
 2
 6
 7
 2
 5
 4
 2
 4
 1
 4
 5
 0
 3
 5
 1
 5
 2
 2
 2
 1
 5
 5
 4
 4
 1
 3
 3
 2
 3
 4
 3
 7
 2
 4
 1
 5
 3
 3
 5
 4
 2
 3
 3
 4
 4
 2
 3
 4
 2
 4
 3
 2
 3
 2
 7
 5
 4
 0
 2
 2
 1
 4
 3
 1
