VERSION:    3.1
ELEMENTS:              1
DATE:       MAR 11, 2010 00:13:34.261
CHANNELS:           4000
ROIS:        0
REAL_TIME:   846.4000244
LIVE_TIME:   800.4699707
CAL_OFFSET:  8.8112198e-002
CAL_SLOPE:   3.1493530e-002
CAL_QUAD:    0.0000000e+000
TWO_THETA:   9.9946346
DATA: 
 0
 0
 0
 0
 0
 0
 0
 0
 0
 0
 0
 0
 0
 0
 0
 0
 0
 0
 0
 0
 0
 0
 0
 0
 0
 0
 0
 0
 0
 0
 0
 0
 0
 0
 0
 0
 0
 0
 0
 0
 0
 0
 0
 0
 0
 0
 0
 0
 0
 0
 0
 0
 0
 0
 0
 0
 0
 0
 0
 0
 0
 0
 0
 0
 0
 0
 0
 0
 0
 0
 1
 38
 64
 65
 63
 60
 56
 51
 71
 56
 43
 67
 67
 57
 61
 60
 57
 54
 51
 54
 76
 50
 47
 48
 64
 52
 55
 57
 48
 59
 58
 56
 56
 65
 63
 73
 58
 56
 70
 77
 79
 71
 75
 68
 63
 72
 62
 57
 61
 56
 65
 64
 61
 61
 79
 65
 79
 68
 80
 84
 80
 86
 72
 87
 96
 86
 92
 84
 76
 104
 95
 87
 85
 100
 80
 105
 95
 101
 73
 111
 115
 99
 97
 99
 91
 104
 99
 122
 120
 110
 122
 104
 123
 108
 134
 125
 114
 132
 128
 155
 124
 129
 128
 138
 157
 141
 143
 140
 161
 177
 168
 186
 158
 179
 174
 154
 176
 177
 170
 198
 176
 164
 167
 169
 164
 184
 163
 172
 185
 178
 201
 173
 208
 191
 185
 193
 215
 236
 213
 195
 220
 228
 211
 226
 235
 215
 243
 215
 226
 239
 232
 234
 234
 250
 263
 225
 266
 234
 250
 261
 241
 290
 288
 269
 276
 251
 278
 287
 303
 290
 270
 306
 283
 289
 297
 279
 294
 272
 305
 288
 288
 283
 268
 296
 309
 272
 307
 290
 310
 309
 331
 297
 287
 278
 303
 327
 304
 305
 314
 265
 287
 305
 307
 299
 284
 309
 322
 284
 308
 325
 303
 296
 325
 305
 280
 278
 313
 314
 303
 320
 285
 316
 302
 298
 305
 296
 273
 316
 286
 343
 291
 293
 318
 308
 302
 289
 299
 317
 325
 307
 314
 312
 291
 293
 271
 298
 301
 327
 285
 319
 278
 282
 286
 319
 264
 306
 300
 301
 298
 297
 278
 259
 315
 276
 303
 284
 268
 303
 290
 318
 295
 303
 301
 339
 309
 297
 274
 291
 315
 310
 281
 312
 313
 266
 292
 299
 319
 262
 275
 287
 279
 266
 280
 309
 293
 284
 266
 272
 287
 277
 261
 289
 275
 265
 277
 277
 268
 298
 299
 261
 274
 266
 256
 276
 271
 277
 255
 278
 247
 303
 227
 262
 258
 263
 269
 266
 287
 229
 278
 218
 255
 263
 252
 285
 256
 263
 259
 260
 273
 269
 290
 300
 257
 267
 246
 238
 267
 259
 271
 256
 269
 255
 294
 263
 252
 278
 262
 297
 276
 284
 279
 299
 288
 295
 268
 259
 295
 328
 257
 292
 338
 324
 314
 327
 331
 309
 325
 315
 372
 335
 316
 349
 357
 373
 395
 355
 372
 377
 387
 379
 356
 416
 385
 394
 391
 454
 414
 448
 446
 447
 472
 457
 442
 494
 500
 526
 518
 539
 527
 495
 535
 503
 599
 574
 630
 581
 577
 628
 657
 689
 701
 747
 761
 823
 800
 811
 806
 848
 851
 854
 823
 871
 883
 903
 892
 948
 946
 966
 962
 992
 1002
 989
 1015
 1043
 1046
 1106
 1124
 1124
 1195
 1218
 1159
 1243
 1216
 1274
 1266
 1329
 1333
 1344
 1360
 1344
 1405
 1448
 1413
 1490
 1465
 1459
 1472
 1557
 1564
 1539
 1572
 1706
 1675
 1706
 1722
 1914
 1867
 1752
 1809
 1936
 1814
 1965
 2098
 2003
 2033
 2085
 2030
 2043
 1976
 2096
 2168
 2032
 2080
 2135
 2071
 2142
 2223
 2139
 2273
 2209
 2191
 2277
 2233
 2272
 2250
 2353
 2323
 2354
 2335
 2421
 2443
 2411
 2408
 2364
 2423
 2347
 2430
 2445
 2441
 2563
 2446
 2521
 2523
 2488
 2557
 2564
 2579
 2549
 2586
 2632
 2648
 2586
 2646
 2597
 2497
 2597
 2643
 2602
 2727
 2722
 2681
 2711
 2687
 2798
 2735
 2685
 2785
 2835
 2805
 2740
 2640
 2777
 2704
 2786
 2794
 2801
 2773
 2709
 2747
 2794
 2793
 2726
 2826
 2733
 2815
 2686
 2712
 2747
 2797
 2888
 2834
 2746
 2819
 2795
 2825
 2837
 2729
 2789
 2750
 2786
 2805
 2956
 2814
 2779
 2796
 2861
 2721
 2859
 2802
 2822
 2864
 2813
 2913
 2928
 2940
 2843
 2877
 2907
 2898
 2825
 2930
 2852
 2835
 2936
 2839
 2979
 2872
 2910
 2926
 2829
 2826
 2798
 2779
 2829
 2801
 2829
 2791
 2911
 2871
 2847
 2846
 2835
 2876
 2838
 2883
 2766
 2768
 2818
 2866
 2771
 2766
 2802
 2811
 2792
 2860
 2891
 2700
 2787
 2878
 2856
 2800
 2842
 2830
 2810
 2816
 2975
 2832
 2883
 2759
 2833
 2907
 2755
 2743
 2859
 2727
 2656
 2871
 2837
 2874
 2795
 2901
 2851
 2894
 2872
 2694
 2886
 2772
 2746
 2759
 2776
 2770
 2774
 2771
 2771
 2784
 2837
 2939
 2846
 2801
 2863
 2819
 2899
 2738
 2764
 2829
 2754
 2725
 2856
 2808
 2762
 2856
 2833
 2774
 2758
 2755
 2868
 2712
 2798
 2799
 2734
 2803
 2789
 2870
 2837
 2768
 2791
 2782
 2828
 2861
 2818
 2791
 2869
 2824
 2775
 2737
 2833
 2817
 2776
 2825
 2833
 2757
 2757
 2806
 2850
 2817
 2781
 2758
 2724
 2944
 2742
 2844
 2807
 2736
 2727
 2851
 2764
 2719
 2817
 2770
 2844
 2787
 2859
 2635
 2824
 2737
 2894
 2765
 2738
 2736
 2770
 2840
 2771
 2797
 2735
 2748
 2753
 2777
 2846
 2747
 2770
 2806
 2793
 2689
 2651
 2778
 2713
 2732
 2728
 2764
 2772
 2719
 2767
 2767
 2727
 2678
 2774
 2828
 2782
 2793
 2715
 2739
 2746
 2687
 2785
 2678
 2784
 2712
 2694
 2684
 2707
 2695
 2669
 2731
 2653
 2751
 2679
 2724
 2648
 2766
 2782
 2727
 2594
 2572
 2680
 2655
 2663
 2752
 2752
 2623
 2593
 2682
 2603
 2576
 2688
 2640
 2655
 2673
 2648
 2634
 2639
 2587
 2655
 2647
 2695
 2616
 2627
 2682
 2644
 2657
 2582
 2588
 2601
 2633
 2593
 2565
 2535
 2590
 2555
 2581
 2621
 2578
 2518
 2523
 2580
 2538
 2572
 2636
 2600
 2562
 2533
 2550
 2531
 2439
 2531
 2561
 2596
 2460
 2449
 2530
 2433
 2473
 2441
 2469
 2434
 2471
 2485
 2433
 2501
 2388
 2353
 2415
 2476
 2471
 2450
 2503
 2513
 2306
 2370
 2375
 2354
 2402
 2239
 2344
 2361
 2354
 2214
 2390
 2279
 2281
 2214
 2392
 2399
 2310
 2292
 2259
 2286
 2258
 2160
 2302
 2205
 2148
 2255
 2214
 2138
 2250
 2227
 2236
 2251
 2214
 2210
 2199
 2192
 2194
 2172
 2306
 2225
 2090
 2187
 2147
 2171
 2088
 2185
 2253
 2127
 2169
 2208
 2140
 2121
 2089
 2072
 2158
 2199
 2074
 2135
 2106
 2104
 2051
 2137
 2191
 2108
 2105
 2104
 2096
 2115
 2117
 2197
 2157
 2143
 2194
 2118
 2117
 2090
 2018
 2107
 2111
 2063
 2104
 2144
 2127
 2092
 2142
 2152
 2046
 2139
 2185
 2116
 2126
 2096
 2117
 2024
 2178
 2122
 2043
 2204
 2214
 2168
 2102
 2179
 2118
 2170
 2147
 2124
 2105
 2100
 2174
 2219
 2169
 2135
 2085
 2095
 2149
 2158
 2115
 2166
 2210
 2115
 2162
 2202
 2129
 2187
 2228
 2194
 2185
 2159
 2234
 2118
 2075
 2100
 2180
 2199
 2196
 2200
 2163
 2150
 2165
 2122
 2204
 2175
 2205
 2181
 2209
 2198
 2182
 2210
 2190
 2183
 2178
 2113
 2108
 2078
 2189
 2148
 2145
 2174
 2106
 2130
 2161
 2128
 2154
 2077
 2129
 2155
 2214
 2176
 2096
 2159
 2120
 2098
 2173
 2165
 2159
 2175
 2134
 2141
 2142
 2197
 2095
 2149
 2187
 2148
 2157
 2155
 2067
 2076
 2113
 2062
 2079
 2133
 2116
 2016
 2117
 2085
 1996
 2070
 2031
 2155
 2137
 2082
 2127
 2007
 2120
 2142
 2039
 2123
 2094
 1976
 2163
 2165
 2024
 2135
 2046
 2194
 2014
 1999
 2029
 2090
 2038
 2063
 2072
 2080
 2049
 2006
 2014
 2093
 2096
 2070
 2018
 2077
 2033
 2031
 2050
 2033
 2063
 1944
 2036
 1989
 2064
 1982
 2000
 2038
 1996
 2009
 1961
 1940
 1929
 1966
 1972
 2093
 1988
 1967
 1999
 1978
 2037
 2000
 2068
 1968
 1976
 1947
 1959
 1966
 1957
 1950
 1950
 2022
 1914
 1906
 1891
 2016
 1948
 1904
 1942
 1906
 2030
 1905
 1992
 1950
 1920
 1999
 1944
 1858
 1940
 1916
 1920
 1924
 1955
 1874
 1919
 1942
 1946
 1937
 1966
 1978
 1907
 1943
 1901
 1905
 1936
 1836
 1905
 1771
 1932
 1827
 1812
 1884
 1938
 1876
 1915
 1968
 1896
 1864
 1842
 1840
 1893
 1895
 1885
 1876
 1877
 1939
 1871
 1920
 1885
 1847
 1848
 1822
 1823
 1950
 1900
 1941
 1817
 1855
 1848
 1813
 1763
 1787
 1777
 1751
 1833
 1845
 1757
 1809
 1817
 1768
 1849
 1882
 1788
 1860
 1811
 1854
 1792
 1770
 1845
 1858
 1807
 1797
 1872
 1857
 1815
 1862
 1743
 1788
 1800
 1771
 1797
 1834
 1811
 1757
 1762
 1780
 1782
 1825
 1792
 1779
 1803
 1772
 1766
 1761
 1725
 1826
 1864
 1798
 1834
 1775
 1754
 1782
 1758
 1733
 1720
 1769
 1737
 1690
 1748
 1793
 1705
 1776
 1750
 1729
 1805
 1655
 1738
 1818
 1748
 1804
 1739
 1754
 1777
 1737
 1815
 1726
 1712
 1732
 1707
 1717
 1725
 1752
 1729
 1722
 1710
 1717
 1796
 1739
 1697
 1729
 1767
 1766
 1709
 1699
 1692
 1686
 1719
 1679
 1773
 1678
 1749
 1701
 1718
 1701
 1659
 1770
 1691
 1726
 1708
 1716
 1794
 1738
 1779
 1781
 1721
 1686
 1633
 1737
 1708
 1643
 1798
 1765
 1756
 1761
 1676
 1694
 1678
 1670
 1786
 1669
 1698
 1708
 1741
 1740
 1701
 1742
 1726
 1820
 1724
 1737
 1678
 1699
 1705
 1763
 1697
 1770
 1715
 1689
 1710
 1730
 1674
 1764
 1772
 1761
 1734
 1703
 1730
 1705
 1750
 1701
 1711
 1668
 1758
 1702
 1763
 1719
 1734
 1701
 1709
 1730
 1706
 1680
 1687
 1705
 1599
 1708
 1767
 1660
 1688
 1693
 1656
 1687
 1764
 1643
 1683
 1771
 1744
 1687
 1698
 1717
 1688
 1748
 1675
 1683
 1749
 1665
 1776
 1695
 1672
 1667
 1624
 1727
 1685
 1792
 1727
 1735
 1742
 1636
 1683
 1701
 1711
 1698
 1761
 1714
 1619
 1643
 1728
 1772
 1741
 1695
 1691
 1767
 1717
 1709
 1741
 1773
 1696
 1603
 1738
 1705
 1698
 1780
 1631
 1693
 1747
 1705
 1758
 1691
 1762
 1728
 1667
 1738
 1770
 1669
 1712
 1619
 1745
 1623
 1672
 1639
 1722
 1642
 1784
 1694
 1647
 1615
 1715
 1664
 1678
 1637
 1755
 1683
 1656
 1660
 1635
 1698
 1731
 1728
 1642
 1748
 1738
 1653
 1736
 1677
 1669
 1704
 1636
 1634
 1605
 1708
 1661
 1602
 1672
 1663
 1661
 1617
 1609
 1636
 1693
 1672
 1647
 1622
 1590
 1609
 1657
 1658
 1715
 1705
 1632
 1603
 1659
 1636
 1650
 1573
 1547
 1575
 1569
 1610
 1594
 1618
 1602
 1591
 1593
 1548
 1616
 1581
 1614
 1537
 1606
 1639
 1615
 1642
 1513
 1501
 1526
 1546
 1562
 1510
 1609
 1567
 1574
 1528
 1612
 1539
 1605
 1576
 1542
 1612
 1532
 1580
 1500
 1530
 1469
 1498
 1509
 1499
 1574
 1556
 1567
 1410
 1547
 1505
 1537
 1470
 1523
 1565
 1510
 1430
 1487
 1471
 1522
 1560
 1508
 1489
 1494
 1494
 1531
 1503
 1497
 1504
 1517
 1446
 1476
 1465
 1459
 1505
 1492
 1418
 1379
 1513
 1393
 1406
 1455
 1418
 1465
 1448
 1349
 1449
 1430
 1415
 1412
 1435
 1397
 1397
 1393
 1385
 1460
 1431
 1410
 1419
 1442
 1384
 1390
 1382
 1366
 1480
 1345
 1372
 1363
 1320
 1327
 1337
 1413
 1363
 1390
 1419
 1360
 1389
 1360
 1425
 1337
 1339
 1364
 1366
 1335
 1348
 1341
 1365
 1347
 1408
 1309
 1406
 1368
 1384
 1272
 1332
 1306
 1344
 1365
 1385
 1384
 1319
 1338
 1338
 1318
 1364
 1402
 1367
 1336
 1408
 1307
 1341
 1266
 1314
 1260
 1347
 1350
 1329
 1302
 1277
 1295
 1341
 1332
 1310
 1326
 1258
 1306
 1383
 1350
 1302
 1346
 1313
 1289
 1264
 1263
 1301
 1265
 1319
 1339
 1329
 1315
 1260
 1350
 1325
 1313
 1287
 1230
 1321
 1278
 1262
 1318
 1318
 1268
 1346
 1277
 1302
 1291
 1268
 1308
 1308
 1364
 1280
 1222
 1263
 1216
 1287
 1242
 1276
 1315
 1294
 1304
 1261
 1273
 1264
 1277
 1276
 1244
 1304
 1303
 1295
 1259
 1357
 1268
 1223
 1241
 1291
 1261
 1250
 1195
 1237
 1261
 1248
 1228
 1286
 1275
 1216
 1214
 1267
 1244
 1235
 1268
 1201
 1159
 1248
 1221
 1207
 1195
 1260
 1323
 1152
 1142
 1286
 1239
 1210
 1180
 1248
 1271
 1204
 1187
 1175
 1143
 1213
 1226
 1226
 1228
 1167
 1160
 1147
 1175
 1148
 1144
 1201
 1144
 1198
 1164
 1206
 1145
 1115
 1157
 1136
 1130
 1202
 1179
 1097
 1110
 1136
 1124
 1118
 1188
 1072
 1169
 1126
 1154
 1059
 1115
 1108
 1106
 1135
 1106
 1092
 1114
 1016
 1085
 1054
 1108
 1127
 1059
 1064
 1064
 1110
 1088
 1078
 1088
 1050
 1060
 969
 996
 983
 1011
 973
 950
 1006
 1017
 1042
 1003
 951
 989
 976
 922
 930
 903
 933
 1000
 984
 972
 929
 964
 978
 952
 911
 934
 905
 936
 910
 930
 920
 947
 913
 895
 926
 861
 889
 829
 849
 852
 911
 894
 873
 842
 827
 865
 886
 855
 841
 802
 833
 920
 789
 796
 763
 846
 793
 791
 783
 809
 789
 775
 807
 772
 785
 771
 752
 735
 763
 724
 733
 707
 713
 774
 765
 728
 681
 688
 706
 782
 710
 702
 638
 666
 711
 700
 676
 740
 713
 725
 667
 646
 660
 663
 662
 695
 612
 665
 705
 657
 661
 638
 657
 622
 674
 571
 653
 674
 614
 580
 592
 637
 621
 564
 579
 612
 615
 641
 593
 641
 619
 601
 623
 623
 542
 584
 578
 558
 546
 593
 565
 551
 562
 563
 573
 548
 578
 557
 537
 541
 575
 497
 566
 556
 559
 561
 545
 537
 561
 542
 559
 553
 521
 585
 558
 546
 544
 512
 547
 515
 546
 558
 518
 542
 496
 502
 522
 538
 493
 545
 498
 514
 539
 506
 481
 501
 539
 505
 501
 465
 474
 510
 516
 498
 483
 509
 521
 500
 492
 482
 463
 489
 505
 480
 501
 483
 479
 484
 505
 471
 498
 503
 511
 482
 453
 489
 529
 447
 506
 476
 486
 475
 464
 439
 461
 505
 466
 461
 476
 450
 489
 456
 457
 462
 475
 465
 496
 455
 509
 467
 423
 492
 455
 430
 485
 455
 486
 503
 471
 466
 471
 427
 433
 472
 474
 421
 431
 478
 403
 443
 476
 422
 483
 417
 460
 466
 430
 442
 431
 448
 412
 438
 431
 433
 423
 473
 447
 461
 430
 455
 453
 416
 441
 462
 432
 421
 442
 445
 448
 468
 479
 411
 426
 431
 438
 418
 413
 448
 450
 430
 418
 429
 403
 408
 465
 384
 401
 396
 399
 391
 428
 356
 386
 345
 364
 375
 350
 330
 335
 343
 309
 315
 321
 304
 291
 306
 303
 304
 321
 299
 282
 295
 331
 277
 313
 289
 278
 285
 297
 283
 289
 238
 241
 306
 270
 276
 289
 307
 302
 295
 302
 266
 271
 273
 317
 283
 276
 265
 253
 280
 283
 291
 289
 284
 291
 255
 260
 261
 287
 284
 250
 292
 272
 262
 265
 265
 308
 285
 259
 267
 271
 264
 279
 248
 303
 262
 258
 249
 301
 246
 275
 272
 270
 292
 246
 246
 255
 265
 273
 261
 258
 252
 270
 259
 271
 286
 259
 271
 276
 243
 251
 246
 235
 256
 269
 264
 263
 248
 248
 255
 252
 269
 257
 271
 226
 255
 258
 264
 253
 272
 229
 223
 279
 246
 248
 275
 220
 251
 245
 242
 225
 259
 236
 243
 236
 244
 231
 230
 255
 250
 283
 225
 259
 236
 247
 235
 221
 245
 228
 240
 231
 239
 222
 228
 232
 237
 223
 238
 241
 246
 267
 255
 209
 223
 227
 223
 206
 250
 249
 230
 243
 242
 227
 236
 218
 205
 242
 237
 240
 232
 218
 255
 217
 198
 217
 207
 215
 222
 182
 233
 220
 219
 228
 226
 234
 205
 224
 193
 185
 208
 239
 213
 226
 203
 212
 172
 232
 176
 211
 201
 231
 196
 193
 217
 190
 194
 202
 218
 159
 170
 216
 204
 192
 185
 213
 176
 193
 176
 188
 196
 186
 223
 191
 182
 206
 203
 170
 208
 176
 171
 191
 186
 225
 181
 188
 169
 182
 217
 218
 198
 206
 172
 192
 184
 175
 197
 200
 169
 180
 174
 175
 190
 176
 213
 190
 200
 182
 185
 169
 208
 185
 184
 157
 200
 182
 175
 189
 160
 163
 178
 187
 173
 148
 167
 194
 182
 145
 187
 174
 177
 175
 161
 163
 148
 174
 173
 154
 144
 155
 145
 189
 148
 180
 154
 151
 175
 137
 146
 173
 157
 169
 155
 155
 183
 168
 150
 160
 146
 151
 165
 163
 163
 147
 145
 150
 163
 137
 155
 142
 156
 148
 155
 150
 139
 146
 157
 163
 171
 141
 143
 141
 145
 143
 157
 132
 124
 177
 152
 121
 157
 148
 135
 161
 152
 134
 130
 148
 141
 129
 141
 130
 129
 151
 139
 128
 140
 169
 163
 144
 152
 159
 156
 152
 156
 144
 126
 124
 124
 126
 146
 134
 122
 134
 160
 122
 145
 142
 132
 138
 130
 127
 136
 137
 142
 143
 139
 130
 139
 114
 121
 148
 133
 118
 158
 130
 114
 122
 121
 144
 127
 118
 127
 116
 111
 124
 135
 123
 135
 123
 132
 108
 109
 110
 120
 127
 134
 134
 125
 121
 119
 115
 126
 116
 116
 126
 116
 109
 130
 118
 129
 125
 88
 114
 111
 132
 120
 129
 132
 132
 125
 119
 131
 127
 110
 112
 122
 118
 113
 111
 128
 114
 112
 121
 106
 138
 115
 125
 122
 130
 114
 109
 115
 114
 115
 112
 134
 117
 118
 126
 135
 117
 137
 126
 103
 105
 98
 112
 111
 131
 119
 118
 134
 100
 123
 115
 98
 111
 118
 115
 113
 126
 105
 110
 111
 107
 109
 101
 100
 119
 100
 115
 121
 108
 108
 100
 97
 105
 103
 118
 116
 108
 94
 123
 112
 117
 101
 103
 110
 105
 91
 91
 105
 109
 109
 111
 102
 115
 122
 107
 89
 98
 117
 124
 124
 97
 111
 99
 110
 141
 105
 127
 84
 96
 90
 123
 111
 121
 87
 94
 99
 106
 109
 103
 81
 101
 116
 101
 97
 92
 95
 94
 103
 105
 111
 120
 120
 94
 118
 93
 107
 103
 91
 93
 97
 120
 92
 107
 105
 105
 117
 108
 113
 99
 88
 100
 104
 97
 97
 95
 122
 76
 97
 96
 80
 104
 101
 92
 102
 103
 94
 108
 95
 99
 100
 95
 101
 99
 82
 120
 90
 92
 111
 102
 109
 90
 88
 106
 84
 94
 115
 90
 79
 106
 77
 84
 101
 100
 104
 87
 83
 91
 111
 89
 94
 107
 93
 79
 105
 73
 98
 112
 101
 95
 90
 88
 104
 94
 96
 85
 106
 104
 86
 83
 109
 92
 83
 98
 86
 102
 115
 79
 101
 100
 78
 92
 83
 97
 100
 103
 84
 84
 99
 87
 90
 85
 92
 107
 90
 104
 108
 94
 81
 104
 85
 68
 67
 79
 76
 81
 82
 98
 79
 66
 86
 77
 84
 79
 96
 69
 87
 88
 72
 100
 66
 85
 93
 74
 75
 85
 90
 88
 89
 85
 79
 96
 86
 84
 67
 76
 79
 76
 82
 73
 66
 105
 88
 69
 75
 84
 71
 81
 86
 79
 65
 71
 79
 80
 78
 70
 67
 68
 84
 86
 66
 65
 108
 81
 78
 73
 74
 72
 78
 65
 67
 77
 79
 76
 67
 71
 77
 80
 78
 62
 80
 78
 77
 72
 54
 71
 75
 71
 73
 84
 61
 75
 80
 62
 84
 67
 75
 75
 68
 76
 70
 75
 71
 73
 68
 74
 92
 72
 72
 71
 71
 56
 80
 66
 74
 73
 80
 74
 56
 54
 56
 66
 62
 85
 61
 66
 59
 66
 66
 71
 56
 64
 58
 70
 74
 72
 74
 67
 63
 77
 82
 68
 76
 60
 66
 66
 68
 68
 66
 57
 68
 68
 50
 70
 73
 78
 66
 51
 76
 68
 64
 65
 55
 91
 77
 63
 73
 86
 67
 62
 66
 65
 51
 62
 82
 63
 63
 59
 58
 73
 58
 51
 69
 63
 69
 58
 62
 56
 67
 61
 52
 65
 66
 55
 64
 64
 47
 57
 54
 56
 53
 60
 68
 58
 68
 64
 48
 61
 49
 56
 53
 63
 65
 47
 52
 64
 65
 59
 63
 62
 54
 59
 61
 63
 57
 51
 56
 70
 59
 48
 61
 43
 51
 59
 62
 48
 46
 45
 46
 59
 52
 64
 54
 49
 47
 41
 53
 59
 46
 50
 56
 49
 48
 41
 51
 51
 57
 46
 52
 59
 38
 47
 56
 52
 63
 43
 56
 47
 53
 51
 47
 57
 62
 47
 46
 42
 48
 38
 61
 47
 51
 49
 52
 47
 52
 42
 55
 39
 50
 46
 36
 38
 50
 47
 59
 44
 52
 57
 47
 44
 40
 54
 52
 56
 48
 47
 48
 51
 45
 47
 32
 40
 49
 53
 59
 42
 33
 42
 44
 34
 45
 54
 33
 53
 52
 39
 47
 52
 49
 54
 47
 43
 33
 38
 41
 48
 31
 53
 37
 38
 50
 46
 41
 39
 37
 43
 40
 51
 45
 49
 57
 39
 43
 46
 33
 32
 42
 39
 33
 43
 51
 38
 40
 34
 41
 38
 41
 42
 39
 37
 41
 35
 44
 43
 40
 31
 41
 30
 45
 45
 45
 31
 42
 31
 43
 44
 26
 41
 38
 36
 40
 37
 42
 29
 34
 44
 45
 41
 40
 41
 34
 33
 47
 28
 40
 30
 35
 35
 41
 39
 42
 32
 33
 33
 26
 34
 29
 30
 34
 46
 34
 33
 40
 45
 41
 41
 39
 30
 31
 36
 31
 30
 36
 25
 20
 35
 34
 37
 42
 39
 32
 46
 34
 31
 32
 31
 23
 29
 30
 29
 32
 43
 20
 29
 35
 48
 40
 42
 37
 29
 44
 30
 28
 38
 34
 42
 27
 33
 37
 23
 34
 31
 34
 27
 30
 31
 29
 39
 29
 27
 28
 25
 28
 20
 34
 25
 36
 24
 38
 24
 29
 30
 29
 36
 36
 31
 26
 26
 29
 32
 29
 26
 28
 35
 30
 29
 35
 32
 25
 34
 30
 31
 29
 21
 31
 26
 24
 29
 35
 30
 26
 35
 23
 33
 32
 22
 22
 36
 33
 22
 32
 29
 31
 25
 31
 32
 22
 32
 31
 31
 35
 39
 37
 24
 25
 29
 30
 27
 30
 23
 21
 28
 26
 34
 22
 31
 27
 24
 24
 21
 22
 24
 21
 25
 32
 21
 27
 27
 32
 16
 30
 22
 22
 29
 23
 35
 23
 17
 22
 37
 27
 27
 25
 17
 22
 28
 18
 27
 22
 29
 27
 24
 22
 12
 25
 19
 17
 16
 20
 15
 17
 31
 15
 25
 23
 23
 21
 24
 24
 23
 31
 22
 29
 20
 29
 15
 30
 17
 19
 21
 24
 20
 21
 22
 24
 20
 21
 27
 28
 24
 19
 22
 19
 27
 16
 23
 16
 16
 27
 23
 14
 19
 22
 23
 23
 23
 18
 29
 24
 20
 26
 25
 18
 27
 9
 17
 17
 19
 18
 26
 25
 24
 29
 18
 25
 19
 17
 23
 28
 25
 12
 21
 20
 19
 20
 19
 16
 19
 15
 26
 24
 9
 25
 23
 29
 19
 17
 23
 17
 14
 21
 10
 24
 20
 19
 18
 22
 19
 16
 20
 25
 16
 19
 14
 27
 13
 19
 19
 19
 20
 10
 21
 26
 21
 19
 17
 20
 16
 12
 12
 16
 27
 17
 17
 25
 17
 12
 18
 15
 18
 18
 12
 21
 21
 27
 20
 16
 12
 18
 20
 21
 12
 17
 21
 17
 15
 14
 21
 20
 17
 18
 19
 19
 17
 23
 19
 15
 8
 18
 9
 13
 15
 17
 14
 21
 17
 13
 22
 17
 17
 15
 19
 20
 17
 12
 17
 22
 15
 25
 17
 18
 23
 15
 15
 16
 19
 13
 14
 18
 11
 18
 18
 19
 13
 21
 20
 15
 11
 15
 14
 21
 4
 18
 7
 13
 16
 13
 11
 14
 18
 18
 15
 17
 18
 21
 9
 9
 22
 13
 16
 20
 17
 19
 15
 18
 13
 11
 17
 12
 14
 15
 17
 22
 13
 15
 16
 15
 10
 14
 13
 14
 10
 12
 18
 19
 15
 16
 13
 11
 11
 12
 16
 12
 12
 10
 13
 23
 18
 15
 18
 12
 14
 10
 14
 11
 16
 21
 21
 18
 16
 13
 17
 14
 18
 16
 22
 19
 16
 12
 14
 18
 18
 14
 12
 9
 12
 14
 21
 10
 12
 12
 13
 14
 14
 14
 21
 13
 13
 18
 14
 9
 18
 15
 14
 11
 10
 14
 10
 19
 10
 13
 17
 14
 17
 16
 10
 17
 11
 11
 18
 15
 12
 10
 10
 7
 11
 7
 15
 11
 9
 14
 9
 10
 7
 5
 16
 8
 16
 14
 11
 9
 14
 11
 8
 9
 15
 17
 10
 13
 13
 18
 11
 6
 9
 15
 9
 8
 14
 12
 12
 15
 12
 9
 11
 10
 14
 10
 13
 6
 7
 12
 6
 12
 12
 10
 11
 9
 8
 10
 10
 10
 5
 4
 8
 6
 11
 12
 7
 8
 13
 17
 11
 9
 8
 10
 7
 23
 12
 14
 5
 11
 9
 12
 8
 15
 10
 18
 13
 6
 7
 16
 19
 8
 11
 15
 11
 9
 11
 13
 7
 16
 5
 14
 5
 9
 10
 12
 11
 9
 10
 5
 11
 12
 15
 11
 6
 9
 7
 15
 13
 7
 11
 12
 9
 10
 10
 6
 8
 13
 8
 8
 10
 13
 8
 9
 9
 15
 14
 8
 10
 13
 8
 6
 16
 10
 8
 9
 10
 14
 8
 15
 8
 7
 2
 7
 11
 8
 9
 10
 13
 9
 10
 5
 2
 9
 10
 10
 7
 10
 9
 10
 8
 8
 10
 13
 9
 11
 12
 7
 12
 14
 7
 13
 5
 8
 6
 12
 9
 8
 13
