VERSION:    3.1
ELEMENTS:              1
DATE:       MAR 10, 2010 21:32:10.926
CHANNELS:           4000
ROIS:        0
REAL_TIME:   817.7800293
LIVE_TIME:   800.6500244
CAL_OFFSET:  8.8112198e-002
CAL_SLOPE:   3.1493530e-002
CAL_QUAD:    0.0000000e+000
TWO_THETA:   9.9946346
DATA: 
 0
 0
 0
 0
 0
 0
 0
 0
 0
 0
 0
 0
 0
 0
 0
 0
 0
 0
 0
 0
 0
 0
 0
 0
 0
 0
 0
 0
 0
 0
 0
 0
 0
 0
 0
 0
 0
 0
 0
 0
 0
 0
 0
 0
 0
 0
 0
 0
 0
 0
 0
 0
 0
 0
 0
 0
 0
 0
 0
 0
 0
 0
 0
 0
 0
 0
 0
 0
 0
 0
 0
 15
 21
 18
 32
 17
 22
 25
 21
 22
 18
 32
 18
 30
 24
 15
 17
 27
 21
 20
 21
 22
 22
 20
 18
 28
 13
 24
 17
 20
 22
 24
 22
 19
 28
 18
 25
 20
 26
 22
 23
 22
 27
 29
 29
 23
 29
 23
 34
 26
 34
 29
 23
 25
 18
 22
 21
 23
 28
 29
 25
 23
 25
 37
 32
 27
 28
 25
 34
 27
 21
 31
 33
 25
 18
 23
 26
 32
 28
 21
 26
 34
 32
 26
 24
 28
 25
 37
 24
 30
 22
 36
 39
 25
 33
 28
 25
 31
 40
 35
 21
 25
 40
 30
 32
 31
 36
 25
 37
 30
 43
 30
 35
 41
 40
 46
 54
 44
 35
 35
 40
 46
 49
 31
 32
 39
 37
 33
 36
 31
 51
 27
 48
 43
 29
 51
 41
 40
 46
 39
 42
 37
 46
 44
 46
 40
 45
 38
 51
 44
 50
 39
 53
 44
 51
 41
 44
 37
 51
 40
 48
 63
 57
 42
 51
 46
 67
 58
 60
 58
 67
 64
 65
 61
 56
 54
 53
 46
 47
 59
 58
 47
 51
 53
 56
 57
 55
 63
 58
 52
 44
 55
 67
 48
 54
 56
 56
 53
 60
 59
 60
 56
 69
 74
 54
 58
 61
 70
 72
 67
 79
 47
 64
 63
 72
 50
 75
 71
 77
 64
 65
 53
 64
 79
 58
 57
 71
 86
 77
 67
 62
 67
 76
 58
 83
 82
 70
 80
 73
 58
 68
 54
 73
 69
 75
 80
 83
 71
 83
 56
 63
 66
 64
 83
 63
 84
 73
 64
 73
 74
 69
 67
 61
 63
 73
 74
 75
 70
 73
 71
 61
 76
 73
 76
 65
 75
 79
 61
 77
 69
 77
 79
 76
 64
 65
 69
 67
 76
 74
 68
 78
 80
 81
 79
 81
 68
 83
 102
 75
 86
 78
 84
 73
 71
 72
 78
 85
 81
 81
 95
 76
 80
 83
 65
 79
 78
 91
 89
 69
 77
 80
 73
 89
 82
 77
 80
 70
 87
 89
 80
 92
 86
 93
 92
 90
 89
 112
 86
 89
 84
 83
 103
 85
 77
 90
 102
 93
 95
 86
 98
 72
 96
 92
 113
 86
 95
 88
 97
 94
 108
 87
 89
 113
 111
 94
 90
 97
 120
 97
 95
 100
 89
 92
 106
 97
 111
 117
 120
 90
 98
 115
 107
 100
 114
 108
 119
 111
 116
 112
 135
 130
 128
 109
 136
 158
 132
 146
 145
 140
 144
 149
 150
 162
 150
 135
 159
 136
 142
 141
 172
 147
 164
 156
 168
 131
 174
 188
 167
 177
 196
 179
 201
 199
 234
 244
 261
 248
 258
 248
 217
 218
 233
 251
 206
 206
 203
 179
 215
 203
 197
 211
 211
 197
 205
 204
 221
 235
 232
 204
 207
 212
 244
 221
 203
 254
 237
 239
 229
 227
 235
 228
 254
 285
 268
 263
 291
 296
 258
 276
 250
 289
 277
 286
 347
 309
 316
 361
 355
 369
 354
 395
 399
 380
 405
 370
 360
 376
 377
 358
 337
 329
 309
 324
 322
 329
 325
 343
 345
 317
 345
 348
 340
 387
 361
 337
 404
 342
 373
 353
 355
 391
 381
 369
 382
 381
 406
 382
 403
 363
 397
 405
 422
 455
 390
 433
 438
 414
 473
 420
 503
 413
 443
 465
 441
 488
 496
 487
 462
 455
 531
 475
 542
 502
 486
 507
 510
 541
 536
 542
 536
 581
 561
 565
 552
 550
 567
 518
 553
 546
 584
 578
 589
 574
 552
 603
 602
 576
 587
 598
 610
 574
 620
 619
 618
 612
 623
 635
 590
 619
 643
 637
 590
 652
 636
 652
 674
 645
 667
 620
 651
 681
 674
 670
 716
 719
 684
 661
 687
 718
 725
 714
 668
 679
 734
 673
 714
 718
 744
 749
 745
 705
 803
 752
 741
 749
 677
 762
 784
 713
 756
 840
 799
 780
 806
 757
 829
 831
 799
 783
 730
 784
 827
 849
 785
 777
 829
 836
 787
 776
 811
 803
 836
 867
 842
 886
 817
 877
 870
 835
 897
 876
 783
 860
 878
 925
 937
 874
 817
 877
 871
 876
 911
 869
 903
 948
 923
 849
 889
 910
 931
 891
 895
 928
 934
 1001
 936
 957
 944
 952
 940
 911
 927
 987
 974
 982
 946
 1034
 981
 1034
 934
 951
 1085
 1082
 1026
 1024
 1050
 1007
 1068
 1005
 1014
 1035
 1008
 1049
 1056
 1005
 1096
 1063
 1088
 1102
 1029
 1086
 1031
 1046
 1062
 1125
 1102
 1046
 1083
 1117
 1085
 1112
 1072
 1108
 1167
 1163
 1121
 1165
 1069
 1084
 1103
 1172
 1163
 1155
 1179
 1158
 1184
 1212
 1138
 1197
 1230
 1169
 1222
 1202
 1171
 1201
 1249
 1286
 1178
 1178
 1256
 1217
 1199
 1285
 1221
 1232
 1242
 1291
 1216
 1262
 1246
 1259
 1331
 1289
 1298
 1300
 1263
 1333
 1346
 1267
 1315
 1357
 1304
 1288
 1315
 1352
 1311
 1350
 1326
 1307
 1237
 1373
 1325
 1380
 1394
 1380
 1377
 1298
 1354
 1360
 1385
 1454
 1391
 1372
 1397
 1399
 1418
 1415
 1353
 1400
 1386
 1310
 1423
 1412
 1434
 1411
 1416
 1330
 1387
 1365
 1458
 1382
 1385
 1357
 1426
 1481
 1401
 1453
 1481
 1437
 1351
 1463
 1428
 1405
 1479
 1421
 1461
 1413
 1457
 1445
 1421
 1419
 1510
 1477
 1393
 1455
 1422
 1421
 1427
 1415
 1461
 1352
 1457
 1396
 1432
 1390
 1407
 1418
 1447
 1404
 1404
 1393
 1395
 1539
 1439
 1432
 1440
 1498
 1492
 1370
 1356
 1514
 1416
 1445
 1407
 1422
 1389
 1519
 1455
 1430
 1473
 1446
 1465
 1457
 1415
 1393
 1392
 1399
 1434
 1427
 1462
 1432
 1469
 1341
 1437
 1418
 1467
 1454
 1417
 1472
 1416
 1440
 1416
 1474
 1431
 1479
 1460
 1425
 1479
 1482
 1441
 1476
 1421
 1464
 1447
 1503
 1391
 1497
 1541
 1484
 1466
 1415
 1449
 1395
 1490
 1448
 1487
 1423
 1462
 1458
 1508
 1428
 1540
 1484
 1465
 1473
 1433
 1473
 1530
 1424
 1479
 1493
 1453
 1429
 1443
 1448
 1451
 1439
 1509
 1443
 1481
 1480
 1463
 1473
 1475
 1457
 1477
 1482
 1482
 1411
 1475
 1472
 1459
 1449
 1486
 1465
 1448
 1476
 1511
 1449
 1550
 1395
 1385
 1411
 1413
 1505
 1564
 1407
 1444
 1424
 1475
 1490
 1401
 1450
 1465
 1452
 1445
 1453
 1330
 1388
 1452
 1420
 1420
 1333
 1413
 1368
 1386
 1313
 1314
 1340
 1312
 1306
 1275
 1336
 1270
 1242
 1284
 1334
 1315
 1324
 1245
 1179
 1235
 1212
 1253
 1227
 1309
 1161
 1181
 1159
 1150
 1151
 1074
 1151
 1157
 1152
 1107
 1076
 1101
 1124
 1145
 1003
 1070
 1029
 1060
 1053
 1042
 1028
 1023
 970
 1026
 931
 1013
 955
 977
 978
 962
 936
 945
 921
 918
 905
 974
 992
 939
 898
 913
 857
 885
 887
 875
 919
 900
 970
 895
 868
 864
 845
 867
 834
 851
 827
 856
 842
 805
 841
 834
 769
 758
 840
 781
 874
 833
 818
 795
 763
 799
 788
 783
 779
 826
 802
 798
 782
 753
 814
 760
 765
 799
 782
 758
 764
 781
 709
 740
 743
 815
 714
 784
 775
 732
 731
 765
 787
 733
 757
 688
 738
 699
 761
 713
 749
 753
 747
 733
 746
 759
 755
 746
 697
 763
 724
 717
 718
 720
 729
 702
 715
 747
 728
 756
 668
 700
 772
 701
 690
 652
 721
 695
 736
 708
 659
 736
 694
 692
 681
 704
 743
 762
 695
 766
 701
 691
 698
 704
 699
 736
 722
 703
 726
 691
 722
 680
 717
 705
 648
 723
 714
 719
 685
 685
 687
 708
 723
 719
 718
 686
 682
 706
 682
 763
 680
 730
 682
 660
 712
 666
 664
 712
 634
 658
 686
 672
 703
 702
 708
 684
 655
 694
 697
 629
 687
 694
 667
 659
 663
 716
 680
 664
 684
 615
 709
 665
 627
 662
 645
 659
 658
 656
 664
 683
 662
 682
 657
 712
 643
 678
 633
 627
 675
 653
 612
 607
 676
 640
 680
 658
 676
 626
 623
 619
 636
 601
 623
 698
 627
 594
 654
 658
 620
 627
 555
 658
 611
 621
 612
 651
 650
 586
 585
 645
 600
 638
 594
 656
 554
 629
 611
 604
 605
 604
 621
 572
 617
 600
 607
 612
 566
 617
 533
 572
 597
 564
 604
 570
 601
 586
 591
 591
 548
 551
 614
 551
 542
 617
 591
 595
 549
 576
 558
 579
 521
 553
 539
 557
 560
 577
 582
 548
 537
 531
 529
 563
 561
 554
 548
 506
 531
 548
 491
 542
 514
 538
 509
 526
 531
 559
 556
 503
 518
 496
 530
 472
 529
 553
 513
 458
 478
 505
 462
 446
 532
 441
 480
 473
 486
 482
 484
 515
 500
 489
 472
 495
 463
 465
 448
 488
 475
 494
 485
 475
 496
 470
 470
 480
 458
 411
 496
 433
 462
 449
 471
 480
 426
 445
 415
 464
 512
 446
 449
 446
 452
 433
 464
 426
 439
 449
 426
 463
 438
 451
 449
 453
 471
 468
 442
 494
 441
 454
 438
 463
 436
 427
 483
 424
 443
 447
 425
 419
 417
 452
 449
 414
 454
 424
 427
 429
 421
 450
 446
 380
 467
 440
 434
 429
 454
 405
 409
 460
 439
 438
 412
 473
 421
 415
 423
 438
 467
 435
 380
 388
 436
 415
 419
 409
 430
 383
 445
 438
 433
 459
 437
 431
 430
 434
 404
 440
 432
 438
 447
 431
 441
 438
 438
 457
 417
 429
 437
 442
 393
 410
 412
 428
 434
 413
 431
 461
 437
 483
 390
 440
 438
 408
 423
 422
 421
 436
 385
 471
 434
 377
 409
 455
 367
 453
 413
 413
 430
 414
 445
 448
 441
 431
 386
 405
 423
 427
 450
 462
 401
 424
 412
 446
 402
 422
 449
 451
 456
 411
 439
 439
 438
 418
 407
 423
 381
 367
 460
 422
 408
 379
 422
 414
 402
 399
 384
 415
 418
 398
 415
 410
 419
 424
 385
 414
 416
 426
 410
 425
 447
 385
 420
 425
 417
 410
 424
 398
 396
 390
 408
 431
 373
 394
 434
 370
 405
 414
 417
 371
 403
 375
 407
 422
 389
 387
 387
 405
 376
 387
 391
 398
 429
 377
 373
 382
 396
 369
 404
 382
 374
 427
 368
 371
 356
 383
 386
 386
 357
 324
 393
 399
 418
 361
 374
 335
 395
 350
 383
 388
 390
 368
 384
 400
 351
 384
 373
 354
 351
 370
 351
 357
 400
 360
 363
 356
 340
 339
 351
 326
 383
 339
 354
 344
 366
 357
 346
 359
 376
 340
 337
 337
 368
 382
 330
 303
 346
 321
 365
 360
 337
 369
 336
 345
 348
 330
 354
 338
 334
 341
 327
 345
 313
 336
 314
 312
 335
 361
 304
 349
 335
 352
 314
 296
 316
 317
 298
 320
 332
 309
 322
 306
 313
 335
 311
 335
 339
 315
 289
 332
 311
 343
 319
 318
 318
 295
 303
 307
 318
 346
 288
 319
 302
 327
 295
 316
 301
 345
 305
 262
 325
 350
 305
 338
 291
 318
 315
 299
 299
 334
 277
 311
 304
 306
 292
 334
 309
 280
 320
 297
 308
 253
 276
 298
 316
 276
 274
 297
 277
 284
 303
 295
 257
 313
 294
 270
 298
 288
 244
 301
 262
 297
 298
 278
 277
 285
 265
 294
 266
 268
 266
 279
 281
 282
 299
 271
 313
 259
 257
 282
 261
 275
 259
 266
 264
 262
 287
 258
 267
 260
 290
 274
 259
 235
 249
 255
 266
 247
 246
 259
 224
 258
 219
 246
 252
 275
 263
 259
 291
 254
 250
 233
 253
 215
 249
 265
 224
 231
 219
 278
 287
 227
 256
 239
 254
 243
 226
 242
 248
 204
 253
 252
 257
 228
 257
 229
 221
 229
 228
 210
 202
 223
 235
 220
 231
 234
 243
 214
 239
 233
 208
 234
 285
 213
 222
 185
 200
 198
 210
 224
 253
 236
 191
 235
 233
 228
 214
 188
 224
 213
 248
 205
 222
 204
 214
 209
 203
 224
 209
 211
 222
 182
 222
 204
 201
 229
 215
 225
 195
 217
 208
 209
 194
 199
 201
 208
 194
 216
 219
 184
 193
 189
 204
 200
 175
 195
 202
 196
 179
 202
 206
 200
 196
 201
 201
 195
 184
 201
 174
 201
 181
 207
 193
 188
 175
 193
 198
 183
 185
 200
 180
 205
 176
 177
 191
 184
 169
 165
 172
 185
 186
 181
 192
 193
 202
 195
 180
 200
 164
 180
 195
 185
 174
 170
 189
 168
 201
 200
 174
 174
 195
 155
 201
 187
 168
 190
 184
 172
 174
 169
 153
 196
 182
 165
 175
 190
 186
 175
 157
 170
 167
 175
 184
 155
 201
 178
 175
 173
 153
 167
 171
 177
 194
 195
 147
 179
 159
 172
 171
 167
 159
 165
 174
 174
 150
 173
 164
 158
 172
 189
 166
 183
 143
 186
 151
 167
 185
 155
 170
 174
 173
 163
 162
 143
 181
 177
 156
 153
 156
 161
 154
 179
 192
 157
 163
 191
 172
 202
 149
 169
 183
 160
 160
 151
 167
 163
 178
 150
 149
 171
 158
 144
 168
 155
 157
 167
 148
 158
 183
 148
 146
 154
 188
 158
 163
 161
 169
 181
 134
 157
 146
 176
 164
 147
 154
 156
 166
 150
 144
 172
 168
 152
 166
 163
 174
 146
 174
 141
 145
 137
 151
 156
 142
 139
 147
 164
 139
 139
 122
 161
 131
 162
 131
 124
 153
 138
 152
 146
 143
 147
 134
 158
 128
 146
 140
 167
 133
 146
 134
 138
 156
 135
 136
 123
 154
 129
 143
 126
 133
 112
 148
 123
 150
 134
 143
 120
 126
 123
 128
 137
 121
 109
 111
 109
 109
 104
 102
 102
 115
 89
 114
 93
 106
 98
 83
 100
 96
 92
 102
 83
 91
 86
 93
 100
 98
 95
 95
 83
 74
 89
 84
 98
 79
 92
 78
 91
 84
 82
 71
 90
 99
 96
 90
 91
 77
 85
 92
 91
 91
 92
 81
 86
 103
 72
 72
 85
 77
 80
 85
 85
 73
 87
 66
 96
 70
 100
 79
 87
 73
 78
 81
 90
 94
 91
 90
 95
 87
 78
 64
 96
 79
 87
 73
 91
 86
 88
 81
 69
 80
 87
 76
 81
 79
 93
 72
 74
 78
 75
 68
 82
 83
 60
 79
 75
 70
 78
 80
 77
 68
 74
 73
 81
 72
 71
 81
 76
 99
 77
 60
 62
 81
 78
 79
 73
 78
 74
 60
 71
 69
 70
 78
 96
 78
 83
 75
 83
 92
 69
 77
 99
 73
 68
 74
 70
 66
 74
 77
 79
 61
 75
 58
 67
 77
 59
 63
 82
 64
 72
 67
 82
 57
 80
 67
 71
 62
 65
 73
 79
 73
 78
 65
 78
 68
 64
 77
 69
 70
 66
 69
 54
 75
 56
 69
 69
 61
 66
 56
 85
 52
 65
 65
 71
 73
 69
 67
 78
 54
 70
 64
 72
 62
 71
 51
 69
 58
 68
 65
 71
 77
 79
 64
 63
 65
 84
 53
 69
 77
 63
 67
 70
 63
 59
 75
 65
 53
 59
 67
 56
 72
 53
 63
 60
 57
 75
 76
 62
 73
 60
 72
 49
 69
 73
 70
 63
 47
 57
 74
 68
 75
 62
 62
 74
 55
 53
 52
 55
 63
 55
 71
 67
 59
 58
 69
 63
 60
 58
 59
 58
 64
 59
 74
 57
 61
 45
 48
 65
 53
 63
 61
 67
 52
 57
 71
 57
 53
 65
 69
 60
 67
 55
 60
 59
 62
 58
 51
 54
 67
 78
 73
 51
 65
 52
 49
 60
 58
 63
 56
 51
 60
 59
 52
 50
 59
 57
 55
 58
 56
 49
 61
 58
 44
 55
 64
 53
 57
 68
 66
 68
 49
 47
 46
 56
 56
 52
 51
 52
 45
 64
 48
 57
 67
 73
 54
 50
 47
 61
 50
 45
 50
 52
 49
 61
 58
 46
 49
 55
 59
 55
 39
 58
 64
 58
 46
 55
 48
 49
 48
 51
 58
 43
 51
 66
 54
 54
 41
 45
 59
 46
 50
 60
 52
 39
 38
 57
 63
 47
 55
 41
 46
 54
 58
 46
 54
 55
 44
 39
 50
 44
 51
 45
 44
 46
 48
 45
 51
 43
 43
 54
 40
 35
 45
 41
 50
 33
 57
 42
 43
 47
 39
 38
 44
 35
 41
 57
 48
 44
 39
 46
 54
 52
 40
 56
 41
 56
 46
 27
 50
 44
 43
 31
 46
 40
 29
 48
 33
 43
 42
 41
 45
 29
 51
 47
 37
 44
 39
 60
 47
 41
 38
 66
 47
 60
 42
 34
 32
 29
 35
 37
 47
 44
 33
 29
 41
 41
 36
 36
 47
 35
 51
 42
 49
 35
 48
 28
 35
 42
 40
 42
 37
 35
 39
 38
 36
 54
 47
 52
 43
 46
 23
 42
 43
 45
 45
 37
 40
 39
 43
 26
 33
 31
 32
 38
 38
 46
 43
 50
 37
 41
 35
 25
 28
 37
 43
 31
 28
 38
 26
 46
 37
 45
 27
 39
 37
 36
 40
 32
 37
 32
 24
 40
 36
 41
 29
 41
 34
 38
 36
 33
 39
 31
 35
 46
 33
 32
 31
 33
 34
 33
 51
 34
 34
 30
 38
 38
 32
 43
 40
 29
 37
 28
 32
 39
 30
 35
 33
 37
 19
 33
 34
 39
 35
 40
 34
 37
 34
 30
 32
 37
 36
 31
 38
 28
 29
 36
 37
 31
 25
 33
 36
 32
 41
 41
 30
 29
 31
 18
 29
 34
 33
 33
 35
 28
 24
 37
 31
 39
 33
 28
 25
 35
 30
 24
 25
 34
 27
 32
 29
 25
 24
 22
 35
 32
 37
 39
 38
 29
 30
 31
 29
 26
 27
 30
 26
 29
 28
 31
 27
 31
 27
 22
 30
 27
 32
 27
 28
 32
 22
 23
 26
 28
 23
 20
 23
 26
 25
 26
 34
 30
 27
 23
 29
 30
 23
 28
 26
 19
 23
 26
 32
 16
 23
 24
 24
 29
 22
 18
 21
 24
 29
 13
 17
 25
 33
 35
 26
 20
 31
 20
 35
 35
 26
 41
 29
 27
 25
 28
 29
 28
 32
 30
 19
 16
 34
 23
 17
 32
 20
 31
 23
 25
 28
 20
 23
 29
 30
 10
 28
 25
 21
 24
 19
 26
 25
 28
 30
 26
 22
 23
 23
 23
 17
 17
 26
 28
 20
 27
 29
 24
 26
 22
 24
 23
 25
 28
 25
 24
 31
 28
 30
 18
 28
 33
 14
 24
 23
 15
 19
 18
 32
 15
 30
 21
 18
 22
 34
 27
 20
 17
 23
 20
 28
 21
 32
 18
 22
 29
 24
 19
 14
 14
 23
 26
 21
 23
 12
 20
 23
 22
 28
 13
 22
 16
 26
 14
 25
 21
 33
 19
 21
 18
 30
 16
 22
 27
 26
 11
 16
 17
 18
 16
 28
 22
 21
 20
 22
 25
 29
 19
 22
 20
 22
 18
 23
 25
 25
 25
 18
 25
 18
 16
 14
 14
 22
 16
 21
 20
 15
 15
 17
 19
 20
 20
 24
 23
 17
 18
 20
 17
 29
 27
 29
 17
 23
 20
 17
 22
 15
 27
 25
 16
 16
 20
 16
 28
 20
 19
 22
 20
 20
 10
 15
 27
 25
 10
 10
 25
 24
 14
 16
 15
 17
 17
 19
 23
 19
 18
 24
 12
 24
 24
 19
 18
 18
 13
 28
 16
 14
 8
 14
 17
 18
 19
 18
 22
 19
 13
 21
 22
 19
 18
 12
 25
 21
 12
 19
 28
 14
 18
 16
 19
 21
 17
 16
 17
 15
 15
 8
 15
 12
 13
 12
 11
 21
 13
 16
 14
 14
 9
 13
 11
 16
 14
 12
 19
 17
 20
 13
 17
 15
 9
 16
 25
 15
 13
 15
 15
 12
 20
 10
 15
 30
 17
 15
 16
 9
 21
 15
 14
 20
 18
 16
 14
 18
 13
 15
 18
 23
 14
 6
 12
 11
 14
 17
 18
 12
 15
 10
 20
 8
 10
 15
 13
 12
 19
 11
 16
 14
 14
 13
 20
 7
 12
 14
 13
 18
 17
 28
 17
 5
 18
 11
 15
 13
 9
 18
 10
 14
 21
 11
 16
 5
 15
 14
 14
 17
 13
 15
 18
 15
 13
 12
 11
 19
 14
 12
 10
 16
 13
 12
 7
 10
 14
 9
 15
 11
 9
 10
 12
 15
 9
 15
 15
 11
 19
 16
 17
 13
 12
 20
 11
 10
 15
 7
 13
 10
 10
 10
 8
 12
 9
 17
 11
 17
 13
 14
 11
 11
 20
 16
 9
 16
 15
 14
 10
 15
 11
 10
 17
 13
 8
 15
 11
 11
 18
 11
 10
 16
 8
 13
 8
 10
 18
 15
 10
 14
 17
 15
 10
 12
 24
 11
 14
 11
 9
 3
 7
 15
 13
 7
 12
 18
 6
 15
 10
 6
 15
 17
 14
 6
 13
 13
 15
 19
 7
 8
 12
 17
 10
 7
 5
 13
 13
 12
 14
 6
 13
 15
 8
 16
 11
 13
 11
 12
 10
 12
 7
 13
 11
 6
 14
 11
 11
 4
 16
 6
 10
 11
 14
 8
 10
 12
 6
 7
 10
 12
 12
 9
 15
 15
 11
 12
 10
 14
 7
 8
 20
 7
 9
 6
 6
 16
 11
 13
 13
 8
 7
 10
 9
 11
 10
 8
 11
 5
 7
 7
 8
 14
 8
 9
 7
 9
 10
 11
 11
 11
 8
 7
 8
 3
 8
 7
 8
 11
 8
 3
 6
 12
 8
 7
 11
 7
 3
 10
 4
 9
 12
 13
 8
 10
 7
 8
 11
 3
 12
 9
 9
 7
 11
 8
 12
 6
 10
 10
 9
 8
 7
 11
 11
 8
 8
 19
 7
 6
 7
 4
 8
 5
 10
 9
 9
 13
 8
 15
 7
 10
 6
 5
 14
 6
 8
 8
 4
 9
 11
 5
 9
 9
 10
 8
 12
 11
 9
 5
 7
 9
 9
 7
 9
 6
 6
 11
 8
 10
 11
 10
 9
 4
 12
 7
 10
 4
 8
 11
 8
 8
 10
 7
 13
 11
 12
 9
 8
 4
 8
 5
 4
 8
 3
 12
 5
 6
 2
 5
 12
 9
 11
 7
 5
 6
 6
 9
 8
 8
 8
 10
 2
 7
 6
 10
 4
 4
 7
 6
 11
 11
 10
 6
 7
 8
 10
 5
 6
 3
 3
 8
 5
 6
 11
 5
 3
 10
 6
 7
 5
 10
 9
 5
 8
 8
 4
 9
 7
 8
 6
 4
 7
 5
 8
 10
 14
 9
 3
 11
 5
 8
 4
 6
 5
 7
 8
 11
 4
 9
 8
 7
 4
 3
 6
 14
 2
 7
 12
 5
 6
 12
 7
 3
 8
 5
 6
 8
 6
 8
 10
 4
 6
 9
 6
 6
 6
 5
 12
 5
 8
 4
 8
 5
 9
 8
 7
 3
 4
 8
 7
 6
 12
 8
 9
 7
 2
 5
 9
 7
 6
 8
 4
 9
 5
 3
 5
 5
 5
 3
 11
 3
 5
 8
 4
 8
 5
 5
 11
 4
 6
 6
 10
 3
 5
 8
 7
 9
 4
 4
 4
 3
 7
 5
 11
 4
 8
 5
 10
 7
 3
 8
 4
 3
 4
 5
 3
 11
 5
 6
 3
 7
 10
 9
 2
 5
 9
 6
 9
 6
 5
 4
 7
 9
 6
 4
 9
 4
 8
 6
 3
 6
 8
 8
 5
 2
 5
 4
 5
 8
 6
 4
 2
 3
 6
 7
 8
 4
 7
 4
 3
 5
 6
 7
 4
 4
 4
 1
 8
 6
 6
 8
 7
 5
 5
 5
 2
 6
 3
 3
 10
 3
 7
 2
 1
 3
 11
 7
 3
 7
 4
 7
 5
 4
 5
 5
 4
 0
 5
 7
 3
 4
 3
 6
 1
 7
 3
 1
 2
 4
 2
 4
 4
 5
 9
 6
 4
 4
 5
 6
 6
 5
 4
 6
 1
 5
 4
 2
 7
 3
 4
 4
 4
 5
 7
 2
 6
 9
 2
 4
 3
 3
 3
 4
 2
 3
 5
 3
 3
 4
 8
 5
 6
 3
 6
 5
 6
 4
 7
 9
 10
 2
 5
 4
 2
 3
 3
 5
 8
 7
 3
 2
 2
 2
 7
 4
 5
 5
 1
 1
 9
 4
 4
 6
 6
 7
 5
 4
 1
 4
 11
 6
 1
 2
 2
 1
 3
 6
 4
 4
 4
 3
 4
 7
 3
 5
 5
 3
 5
 4
 3
 5
 4
 2
 4
 4
 4
 8
 4
 5
 0
 5
 2
 2
 3
 6
 2
 3
 2
 1
 2
 5
 2
 5
 2
 2
 5
 2
 5
 2
 4
 6
 5
 7
 9
 3
 1
 3
 3
 1
 4
 8
 2
 5
 2
 5
 1
 3
 8
 3
 5
 6
 2
 6
 4
 4
 2
 2
 3
 6
 5
 2
 1
 4
 5
 1
 2
 4
 4
 3
 6
 2
 1
 8
 5
 1
 4
 3
 4
 3
 4
 0
 3
 3
 0
 4
 2
 2
 4
 2
 3
 0
 4
 6
 3
 1
 4
 4
 5
