VERSION:    3.1
ELEMENTS:              1
DATE:       MAR 11, 2010 06:42:09.607
CHANNELS:           4000
ROIS:        0
REAL_TIME:   825.9799805
LIVE_TIME:   800.3699951
CAL_OFFSET:  8.8112198e-002
CAL_SLOPE:   3.1493530e-002
CAL_QUAD:    0.0000000e+000
TWO_THETA:   9.9946346
DATA: 
 0
 0
 0
 0
 0
 0
 0
 0
 0
 0
 0
 0
 0
 0
 0
 0
 0
 0
 0
 0
 0
 0
 0
 0
 0
 0
 0
 0
 0
 0
 0
 0
 0
 0
 0
 0
 0
 0
 0
 0
 0
 0
 0
 0
 0
 0
 0
 0
 0
 0
 0
 0
 0
 0
 0
 0
 0
 0
 0
 0
 0
 0
 0
 0
 0
 0
 0
 0
 0
 0
 0
 16
 31
 30
 34
 29
 32
 28
 32
 30
 29
 32
 34
 34
 44
 36
 41
 37
 39
 27
 37
 43
 28
 40
 32
 38
 42
 41
 41
 33
 23
 47
 36
 40
 41
 42
 32
 47
 36
 28
 40
 44
 33
 44
 45
 51
 44
 44
 52
 34
 37
 35
 28
 55
 42
 50
 50
 37
 51
 37
 48
 42
 40
 48
 34
 49
 43
 37
 33
 48
 46
 51
 39
 49
 38
 59
 60
 52
 58
 48
 50
 62
 56
 55
 61
 53
 45
 34
 52
 61
 34
 64
 53
 46
 73
 71
 54
 69
 65
 45
 66
 56
 61
 64
 81
 63
 58
 70
 64
 55
 82
 67
 75
 63
 73
 81
 64
 76
 70
 76
 61
 75
 64
 56
 65
 65
 57
 70
 83
 56
 71
 67
 64
 84
 62
 77
 63
 86
 67
 90
 83
 67
 73
 74
 74
 80
 72
 89
 72
 76
 73
 81
 70
 89
 70
 67
 85
 80
 79
 70
 88
 100
 95
 70
 84
 78
 96
 92
 103
 91
 84
 94
 78
 81
 82
 89
 83
 106
 87
 86
 84
 87
 89
 92
 92
 97
 95
 102
 88
 86
 93
 96
 88
 89
 105
 98
 104
 93
 98
 77
 78
 102
 118
 98
 83
 102
 91
 92
 89
 76
 92
 96
 93
 113
 114
 115
 104
 85
 94
 88
 88
 92
 108
 98
 94
 103
 91
 114
 98
 109
 110
 112
 104
 102
 115
 109
 105
 117
 119
 96
 98
 108
 104
 115
 85
 111
 100
 93
 121
 126
 90
 118
 116
 94
 105
 101
 131
 101
 93
 115
 118
 122
 120
 115
 94
 124
 88
 134
 121
 91
 110
 98
 104
 104
 109
 104
 113
 102
 98
 109
 95
 102
 114
 121
 98
 116
 108
 118
 112
 110
 111
 115
 121
 94
 116
 106
 121
 97
 133
 110
 154
 131
 108
 112
 106
 108
 110
 131
 114
 112
 119
 97
 109
 112
 117
 122
 126
 135
 122
 114
 123
 102
 113
 109
 109
 126
 128
 115
 126
 119
 99
 126
 132
 122
 136
 131
 128
 158
 128
 129
 131
 126
 136
 147
 126
 133
 126
 141
 117
 136
 142
 150
 148
 138
 143
 136
 179
 136
 163
 152
 172
 142
 150
 146
 156
 179
 165
 177
 170
 157
 142
 186
 175
 169
 167
 193
 184
 190
 206
 218
 200
 178
 211
 185
 221
 193
 197
 203
 196
 219
 235
 218
 200
 236
 193
 241
 235
 228
 237
 222
 251
 258
 255
 258
 253
 233
 232
 270
 252
 263
 264
 258
 260
 254
 259
 292
 257
 271
 298
 302
 330
 372
 368
 368
 369
 411
 409
 377
 419
 411
 404
 384
 366
 368
 383
 333
 340
 357
 393
 375
 344
 384
 373
 385
 350
 361
 381
 374
 362
 431
 390
 413
 389
 460
 485
 384
 429
 441
 420
 389
 426
 459
 475
 446
 506
 494
 451
 506
 481
 492
 490
 513
 514
 528
 503
 552
 618
 568
 577
 591
 663
 645
 642
 616
 624
 653
 590
 618
 581
 618
 604
 570
 559
 605
 576
 603
 659
 623
 655
 576
 636
 645
 645
 651
 656
 638
 600
 626
 672
 598
 681
 679
 698
 718
 700
 671
 752
 741
 711
 708
 752
 673
 696
 733
 707
 707
 773
 738
 772
 764
 778
 727
 800
 789
 707
 749
 779
 734
 777
 795
 800
 847
 820
 834
 838
 863
 828
 900
 787
 838
 874
 873
 832
 836
 906
 946
 839
 905
 885
 874
 817
 867
 918
 859
 887
 895
 900
 929
 969
 913
 940
 902
 912
 946
 949
 962
 878
 948
 917
 876
 995
 952
 985
 968
 930
 998
 923
 913
 928
 992
 980
 1010
 1013
 1009
 962
 1015
 973
 1006
 960
 955
 1030
 975
 1006
 1005
 965
 1040
 1022
 1073
 1025
 1074
 997
 1063
 1060
 1053
 1010
 1017
 1037
 1047
 989
 993
 1023
 1061
 945
 1055
 1085
 1020
 1029
 1026
 1010
 1107
 1085
 984
 1058
 1069
 1054
 1063
 1029
 1091
 1024
 997
 1085
 1108
 1051
 992
 1079
 1049
 1118
 1046
 1097
 1072
 1089
 1096
 1123
 1128
 1139
 1145
 1082
 1100
 1133
 1138
 1115
 1164
 1140
 1165
 1141
 1185
 1178
 1131
 1173
 1175
 1166
 1213
 1139
 1209
 1227
 1175
 1249
 1190
 1208
 1259
 1226
 1250
 1252
 1194
 1229
 1172
 1252
 1221
 1260
 1255
 1290
 1258
 1334
 1245
 1269
 1258
 1262
 1353
 1300
 1287
 1334
 1383
 1274
 1292
 1251
 1339
 1283
 1275
 1321
 1299
 1346
 1315
 1376
 1367
 1399
 1421
 1322
 1374
 1388
 1464
 1411
 1344
 1362
 1452
 1328
 1345
 1337
 1430
 1454
 1472
 1357
 1422
 1466
 1476
 1434
 1418
 1475
 1442
 1401
 1435
 1442
 1421
 1387
 1519
 1451
 1497
 1463
 1503
 1492
 1446
 1511
 1400
 1464
 1429
 1471
 1496
 1520
 1465
 1496
 1459
 1484
 1447
 1445
 1487
 1413
 1489
 1502
 1441
 1556
 1492
 1420
 1481
 1488
 1464
 1436
 1462
 1543
 1458
 1469
 1578
 1601
 1523
 1432
 1525
 1522
 1500
 1508
 1550
 1508
 1610
 1570
 1454
 1572
 1525
 1492
 1548
 1527
 1475
 1478
 1495
 1505
 1528
 1543
 1497
 1480
 1527
 1521
 1519
 1550
 1589
 1512
 1576
 1544
 1505
 1506
 1612
 1544
 1514
 1585
 1515
 1572
 1498
 1499
 1555
 1552
 1550
 1587
 1590
 1573
 1579
 1594
 1550
 1593
 1453
 1601
 1570
 1483
 1578
 1524
 1521
 1568
 1535
 1525
 1502
 1584
 1659
 1592
 1596
 1594
 1577
 1560
 1580
 1567
 1658
 1566
 1569
 1570
 1584
 1581
 1623
 1621
 1520
 1581
 1536
 1602
 1549
 1577
 1573
 1571
 1602
 1639
 1643
 1587
 1555
 1542
 1557
 1530
 1648
 1607
 1602
 1569
 1634
 1568
 1614
 1556
 1565
 1667
 1629
 1581
 1596
 1656
 1652
 1642
 1619
 1643
 1669
 1644
 1650
 1630
 1614
 1594
 1715
 1630
 1651
 1590
 1627
 1616
 1617
 1675
 1682
 1607
 1654
 1649
 1646
 1619
 1697
 1680
 1658
 1619
 1688
 1738
 1612
 1668
 1689
 1661
 1675
 1603
 1669
 1630
 1642
 1648
 1646
 1571
 1645
 1718
 1659
 1621
 1705
 1624
 1715
 1688
 1664
 1684
 1683
 1716
 1711
 1708
 1690
 1689
 1706
 1646
 1725
 1659
 1703
 1784
 1697
 1756
 1710
 1695
 1685
 1665
 1693
 1692
 1670
 1753
 1762
 1748
 1806
 1779
 1715
 1700
 1775
 1709
 1745
 1676
 1760
 1789
 1775
 1725
 1782
 1793
 1796
 1714
 1734
 1830
 1802
 1798
 1767
 1776
 1775
 1780
 1813
 1834
 1781
 1857
 1836
 1702
 1725
 1809
 1786
 1769
 1754
 1806
 1786
 1886
 1745
 1747
 1830
 1736
 1823
 1791
 1829
 1833
 1867
 1762
 1772
 1835
 1818
 1927
 1787
 1837
 1851
 1813
 1792
 1734
 1896
 1933
 1765
 1886
 1787
 1866
 1785
 1800
 1918
 1833
 1872
 1764
 1886
 1865
 1813
 1842
 1786
 1787
 1867
 1795
 1862
 1851
 1810
 1807
 1852
 1814
 1864
 1878
 1778
 1825
 1803
 1788
 1842
 1813
 1790
 1807
 1831
 1784
 1892
 1793
 1795
 1860
 1815
 1783
 1844
 1820
 1758
 1715
 1827
 1755
 1847
 1722
 1802
 1719
 1731
 1753
 1804
 1854
 1828
 1791
 1758
 1756
 1753
 1732
 1789
 1736
 1765
 1763
 1788
 1752
 1740
 1712
 1676
 1762
 1773
 1738
 1753
 1867
 1753
 1834
 1745
 1760
 1791
 1690
 1730
 1738
 1816
 1748
 1762
 1772
 1655
 1688
 1681
 1768
 1728
 1772
 1664
 1799
 1630
 1714
 1667
 1746
 1756
 1727
 1709
 1692
 1696
 1766
 1610
 1721
 1699
 1672
 1667
 1735
 1744
 1632
 1757
 1674
 1666
 1673
 1697
 1628
 1566
 1674
 1651
 1699
 1633
 1687
 1634
 1669
 1723
 1670
 1597
 1580
 1686
 1640
 1646
 1673
 1616
 1707
 1632
 1673
 1665
 1655
 1674
 1624
 1645
 1652
 1634
 1632
 1673
 1625
 1647
 1690
 1604
 1630
 1702
 1664
 1639
 1670
 1639
 1648
 1623
 1619
 1551
 1686
 1620
 1607
 1740
 1660
 1633
 1593
 1615
 1650
 1633
 1536
 1642
 1621
 1595
 1652
 1580
 1602
 1642
 1650
 1627
 1606
 1605
 1675
 1671
 1632
 1628
 1655
 1697
 1542
 1656
 1617
 1593
 1694
 1686
 1608
 1537
 1608
 1648
 1613
 1646
 1581
 1563
 1580
 1529
 1601
 1612
 1590
 1552
 1603
 1579
 1551
 1603
 1584
 1601
 1571
 1599
 1549
 1553
 1613
 1561
 1555
 1536
 1515
 1569
 1559
 1563
 1578
 1520
 1572
 1570
 1479
 1442
 1537
 1473
 1554
 1502
 1565
 1450
 1461
 1455
 1465
 1535
 1453
 1456
 1415
 1533
 1470
 1451
 1358
 1398
 1449
 1461
 1438
 1406
 1393
 1442
 1416
 1347
 1434
 1342
 1331
 1371
 1331
 1400
 1273
 1308
 1369
 1301
 1312
 1244
 1281
 1288
 1349
 1238
 1321
 1246
 1206
 1249
 1220
 1201
 1206
 1199
 1234
 1141
 1245
 1227
 1235
 1175
 1201
 1151
 1188
 1124
 1123
 1110
 1117
 1131
 1080
 1138
 1091
 1132
 1065
 1067
 1122
 1118
 1039
 983
 1095
 1054
 1018
 1003
 977
 1039
 1015
 985
 960
 985
 988
 946
 996
 959
 937
 937
 939
 924
 908
 932
 885
 912
 920
 874
 877
 874
 892
 882
 854
 823
 857
 841
 861
 861
 890
 831
 832
 814
 790
 796
 850
 881
 855
 809
 784
 821
 795
 776
 799
 756
 765
 712
 792
 755
 771
 783
 784
 828
 739
 754
 751
 771
 763
 717
 787
 768
 736
 745
 771
 705
 719
 674
 684
 717
 700
 761
 717
 740
 711
 715
 707
 718
 733
 716
 708
 670
 721
 711
 690
 739
 706
 706
 693
 678
 655
 654
 714
 747
 680
 694
 724
 714
 669
 696
 680
 673
 694
 651
 674
 623
 689
 644
 633
 656
 682
 666
 668
 692
 641
 646
 667
 656
 714
 652
 686
 638
 666
 637
 689
 648
 616
 629
 661
 643
 704
 662
 627
 654
 682
 676
 615
 627
 641
 647
 657
 639
 619
 619
 693
 601
 661
 654
 653
 619
 608
 656
 622
 638
 610
 640
 631
 661
 617
 651
 580
 654
 659
 597
 644
 681
 626
 635
 612
 654
 631
 655
 625
 642
 602
 624
 555
 620
 682
 622
 616
 660
 594
 637
 663
 642
 632
 681
 638
 605
 606
 641
 594
 669
 633
 573
 628
 637
 657
 638
 609
 609
 628
 604
 607
 610
 575
 634
 609
 600
 597
 611
 621
 615
 564
 591
 584
 620
 614
 573
 568
 633
 561
 603
 622
 577
 537
 576
 567
 601
 590
 567
 603
 576
 545
 572
 548
 620
 584
 591
 561
 553
 604
 578
 561
 585
 556
 587
 596
 570
 617
 563
 528
 559
 560
 495
 571
 622
 543
 581
 590
 522
 609
 558
 581
 556
 533
 585
 523
 523
 606
 588
 559
 575
 578
 579
 513
 548
 538
 561
 560
 558
 561
 546
 545
 527
 547
 535
 492
 536
 514
 542
 543
 531
 521
 485
 513
 531
 524
 512
 519
 522
 506
 506
 517
 489
 520
 503
 518
 547
 525
 512
 515
 487
 496
 500
 504
 500
 490
 475
 474
 543
 471
 496
 477
 485
 518
 475
 483
 496
 473
 456
 484
 474
 471
 474
 476
 469
 474
 466
 497
 492
 504
 470
 462
 455
 467
 512
 454
 462
 517
 473
 440
 411
 435
 478
 447
 459
 466
 428
 438
 443
 441
 461
 481
 457
 445
 449
 431
 441
 424
 441
 437
 434
 429
 449
 455
 428
 414
 397
 399
 387
 409
 435
 428
 409
 398
 450
 406
 397
 432
 386
 393
 407
 440
 405
 458
 371
 384
 412
 418
 439
 453
 375
 392
 402
 423
 375
 422
 388
 397
 426
 394
 350
 378
 387
 386
 408
 381
 422
 404
 390
 388
 380
 356
 425
 417
 376
 376
 373
 369
 373
 365
 399
 351
 398
 383
 367
 371
 372
 349
 334
 360
 352
 385
 392
 319
 349
 326
 369
 386
 345
 344
 352
 372
 357
 319
 363
 338
 352
 356
 331
 394
 329
 373
 384
 347
 385
 351
 382
 360
 367
 365
 331
 388
 348
 358
 343
 351
 360
 310
 352
 338
 344
 352
 325
 330
 328
 368
 320
 322
 340
 326
 325
 300
 351
 350
 313
 353
 323
 369
 355
 333
 314
 340
 339
 355
 304
 322
 325
 315
 347
 324
 321
 375
 347
 329
 342
 330
 344
 344
 317
 319
 311
 323
 360
 330
 324
 352
 338
 348
 334
 343
 337
 342
 357
 289
 326
 341
 300
 323
 325
 327
 315
 299
 318
 321
 340
 312
 334
 338
 319
 316
 353
 314
 271
 331
 319
 354
 363
 310
 327
 310
 335
 356
 307
 306
 332
 329
 364
 311
 321
 338
 351
 340
 334
 323
 289
 325
 300
 356
 327
 318
 335
 326
 310
 343
 329
 331
 337
 314
 343
 369
 309
 303
 317
 317
 299
 336
 326
 352
 314
 305
 353
 352
 310
 338
 327
 329
 320
 309
 333
 323
 342
 310
 344
 339
 338
 346
 318
 317
 333
 296
 310
 335
 329
 303
 326
 294
 371
 310
 324
 336
 302
 382
 308
 303
 336
 301
 320
 314
 318
 303
 315
 307
 302
 282
 309
 328
 328
 329
 311
 310
 345
 329
 320
 307
 295
 329
 329
 320
 301
 296
 283
 328
 298
 321
 314
 304
 318
 285
 306
 314
 311
 343
 317
 299
 322
 284
 298
 282
 305
 349
 301
 309
 323
 316
 292
 282
 294
 297
 300
 326
 292
 286
 311
 316
 284
 248
 303
 318
 321
 309
 296
 296
 297
 299
 293
 281
 268
 294
 288
 293
 305
 256
 286
 280
 285
 306
 317
 318
 285
 286
 318
 301
 253
 252
 297
 284
 284
 293
 273
 276
 247
 295
 279
 307
 275
 299
 272
 309
 283
 296
 266
 252
 270
 277
 289
 298
 274
 276
 285
 241
 257
 304
 268
 277
 265
 270
 244
 312
 250
 273
 269
 260
 268
 290
 262
 263
 252
 281
 252
 257
 266
 277
 259
 277
 276
 262
 258
 238
 292
 272
 273
 261
 240
 285
 223
 233
 224
 240
 209
 231
 219
 204
 181
 193
 204
 209
 181
 188
 187
 149
 173
 196
 179
 184
 179
 174
 148
 190
 174
 169
 161
 161
 162
 163
 161
 136
 172
 159
 182
 144
 171
 173
 182
 165
 170
 167
 173
 167
 179
 186
 159
 193
 179
 149
 155
 168
 141
 171
 167
 145
 146
 138
 139
 176
 163
 165
 161
 153
 145
 150
 162
 136
 142
 148
 148
 158
 144
 167
 179
 154
 137
 173
 151
 154
 159
 133
 168
 143
 156
 185
 149
 143
 151
 171
 153
 142
 143
 124
 142
 171
 161
 149
 158
 152
 147
 153
 133
 155
 151
 146
 153
 149
 138
 177
 151
 156
 141
 160
 165
 123
 143
 142
 125
 132
 133
 145
 127
 161
 130
 136
 123
 137
 143
 135
 140
 118
 128
 149
 134
 130
 130
 139
 133
 136
 125
 120
 127
 120
 128
 121
 118
 118
 157
 125
 131
 136
 139
 143
 98
 119
 137
 134
 129
 134
 133
 131
 122
 123
 126
 120
 112
 133
 118
 95
 147
 122
 111
 133
 112
 134
 113
 144
 130
 120
 113
 132
 128
 127
 116
 119
 118
 126
 92
 117
 119
 134
 127
 136
 116
 109
 115
 115
 105
 120
 120
 107
 105
 106
 105
 118
 112
 100
 94
 125
 109
 109
 123
 100
 99
 110
 96
 107
 105
 92
 110
 106
 98
 89
 123
 118
 104
 112
 106
 101
 109
 107
 116
 99
 112
 108
 103
 117
 90
 86
 88
 96
 101
 106
 87
 93
 87
 93
 97
 106
 108
 99
 100
 88
 101
 104
 98
 99
 82
 93
 79
 103
 103
 100
 88
 105
 92
 85
 89
 85
 100
 84
 99
 107
 89
 83
 90
 100
 84
 101
 105
 95
 99
 89
 91
 100
 89
 123
 106
 105
 86
 95
 84
 83
 78
 76
 92
 83
 77
 77
 92
 70
 98
 81
 92
 75
 92
 80
 95
 95
 102
 74
 67
 67
 73
 112
 80
 82
 76
 86
 75
 80
 105
 72
 76
 73
 91
 87
 79
 92
 83
 80
 85
 80
 82
 62
 77
 89
 82
 72
 88
 80
 88
 88
 86
 76
 84
 86
 88
 88
 79
 76
 78
 76
 85
 84
 79
 69
 80
 70
 73
 79
 88
 68
 58
 84
 91
 73
 83
 83
 75
 71
 67
 76
 50
 89
 67
 59
 88
 80
 79
 77
 81
 79
 68
 66
 81
 66
 72
 87
 70
 78
 73
 68
 82
 66
 77
 79
 65
 81
 67
 70
 72
 65
 82
 65
 82
 70
 62
 77
 71
 85
 68
 82
 66
 66
 63
 70
 59
 91
 62
 79
 75
 67
 82
 65
 54
 66
 62
 63
 63
 70
 80
 71
 78
 60
 52
 73
 68
 67
 60
 61
 50
 74
 71
 68
 70
 69
 62
 69
 71
 70
 58
 70
 63
 67
 57
 73
 61
 52
 66
 60
 50
 66
 60
 60
 60
 46
 62
 63
 65
 61
 58
 74
 57
 76
 59
 50
 67
 65
 69
 81
 56
 62
 60
 74
 73
 65
 67
 62
 44
 51
 68
 54
 65
 75
 50
 58
 65
 72
 55
 68
 68
 63
 50
 72
 50
 62
 59
 62
 81
 55
 63
 59
 55
 61
 52
 66
 50
 73
 56
 48
 46
 54
 64
 52
 63
 46
 61
 50
 57
 54
 49
 61
 51
 72
 64
 48
 62
 48
 60
 54
 70
 55
 51
 75
 52
 40
 56
 48
 39
 47
 55
 50
 66
 56
 54
 55
 52
 52
 66
 61
 52
 52
 56
 52
 53
 58
 39
 47
 44
 45
 51
 56
 57
 47
 48
 47
 50
 64
 51
 43
 49
 43
 54
 48
 56
 43
 38
 51
 53
 47
 62
 47
 45
 38
 58
 49
 46
 45
 47
 47
 62
 56
 52
 66
 46
 42
 46
 40
 64
 49
 51
 49
 49
 42
 45
 49
 46
 33
 61
 50
 47
 48
 40
 45
 54
 52
 45
 44
 45
 43
 53
 40
 46
 34
 37
 57
 49
 34
 54
 60
 40
 52
 47
 46
 37
 47
 47
 40
 44
 42
 48
 50
 36
 39
 44
 54
 41
 35
 42
 45
 40
 52
 40
 37
 35
 46
 44
 45
 40
 48
 31
 37
 36
 34
 35
 39
 36
 37
 40
 50
 33
 33
 40
 43
 50
 47
 31
 38
 53
 43
 42
 34
 39
 35
 40
 48
 40
 43
 47
 48
 46
 38
 37
 44
 35
 37
 34
 48
 33
 26
 30
 38
 34
 35
 33
 35
 38
 34
 33
 44
 38
 34
 49
 43
 33
 33
 41
 37
 31
 34
 32
 44
 43
 35
 42
 28
 40
 37
 27
 37
 39
 34
 46
 38
 35
 27
 29
 32
 34
 34
 25
 32
 37
 38
 35
 37
 28
 35
 34
 37
 37
 35
 32
 28
 43
 43
 31
 29
 29
 34
 30
 36
 32
 32
 36
 33
 43
 39
 44
 31
 25
 36
 34
 33
 30
 32
 41
 32
 36
 27
 30
 34
 21
 24
 38
 42
 44
 32
 33
 20
 27
 32
 28
 30
 27
 40
 32
 23
 25
 41
 26
 27
 34
 28
 30
 32
 24
 23
 40
 25
 27
 40
 27
 35
 33
 31
 30
 31
 32
 29
 26
 37
 30
 35
 32
 27
 26
 34
 33
 26
 24
 28
 34
 24
 25
 19
 40
 28
 36
 38
 26
 31
 33
 47
 26
 33
 27
 35
 34
 26
 35
 39
 36
 23
 34
 35
 40
 21
 26
 30
 26
 23
 26
 26
 26
 21
 36
 32
 29
 38
 27
 36
 28
 36
 28
 27
 30
 26
 29
 27
 24
 28
 33
 16
 31
 20
 27
 18
 22
 28
 40
 31
 30
 39
 20
 34
 25
 25
 19
 23
 22
 32
 29
 26
 30
 37
 25
 17
 31
 24
 24
 32
 20
 27
 24
 33
 28
 19
 32
 33
 23
 34
 28
 32
 25
 35
 18
 35
 25
 21
 31
 29
 24
 38
 22
 30
 26
 20
 28
 25
 21
 26
 32
 30
 26
 30
 21
 27
 26
 31
 22
 28
 31
 22
 26
 30
 17
 29
 20
 24
 32
 26
 30
 21
 20
 24
 23
 27
 23
 25
 20
 21
 25
 24
 26
 23
 27
 23
 19
 28
 23
 20
 21
 26
 28
 25
 21
 24
 21
 19
 26
 23
 27
 18
 24
 30
 18
 28
 26
 23
 17
 15
 29
 19
 20
 24
 18
 20
 19
 38
 26
 26
 15
 25
 19
 19
 21
 27
 15
 20
 22
 21
 20
 23
 15
 25
 21
 15
 18
 26
 23
 28
 20
 27
 21
 21
 22
 16
 20
 30
 19
 24
 21
 23
 25
 24
 11
 24
 20
 24
 24
 19
 19
 19
 19
 16
 30
 20
 17
 15
 10
 18
 18
 14
 22
 20
 22
 19
 21
 27
 24
 13
 25
 17
 12
 24
 19
 12
 22
 18
 22
 28
 17
 28
 23
 16
 22
 19
 23
 17
 17
 18
 21
 17
 15
 17
 16
 10
 23
 23
 19
 12
 18
 17
 23
 21
 22
 23
 18
 18
 20
 25
 16
 23
 21
 27
 15
 21
 26
 16
 21
 14
 23
 11
 19
 11
 12
 18
 22
 22
 12
 19
 12
 18
 19
 18
 17
 30
 20
 17
 19
 12
 14
 18
 12
 16
 13
 17
 18
 22
 21
 16
 21
 22
 10
 18
 18
 18
 16
 14
 18
 17
 19
 14
 14
 17
 17
 19
 14
 14
 17
 21
 17
 11
 10
 14
 11
 15
 14
 14
 11
 15
 19
 14
 10
 14
 19
 15
 24
 19
 10
 17
 13
 13
 18
 9
 18
 9
 20
 24
 17
 15
 16
 14
 13
 14
 11
 11
 25
 5
 8
 17
 16
 18
 8
 23
 29
 16
 16
 9
 18
 17
 14
 18
 11
 20
 13
 19
 11
 12
 13
 8
 21
 24
 10
 8
 15
 5
 14
 15
 23
 13
 15
 17
 5
 14
 8
 11
 12
 8
 14
 15
 16
 15
 13
 12
 22
 8
 12
 17
 10
 18
 13
 16
 11
 6
 16
 15
 14
 13
 11
 13
 12
 19
 9
 13
 14
 17
 10
 15
 12
 9
 11
 12
 15
 10
 13
 12
 11
 13
 11
 5
 3
 11
 10
 11
 6
 12
 5
 15
 10
 14
 12
 15
 15
 12
 11
 13
 8
 9
 6
 9
 8
 14
 12
 14
 7
 8
 12
 9
 11
 10
 9
 11
 13
 5
 8
 10
 8
 11
 19
 10
 15
 13
 9
 13
 10
 15
 12
 11
 14
 19
 8
 9
 7
 12
 14
 11
 13
 14
 8
 7
 9
 16
 13
 9
 9
 16
 11
 11
 11
 13
 17
 14
 10
 12
 19
 14
 11
 11
 13
 7
 14
 9
 16
 8
 12
 17
 10
 10
 13
 10
 7
 10
 12
 14
 10
 9
 8
 10
 11
 16
 9
 9
 6
 8
 6
 11
 10
 8
 11
 8
 5
 8
 15
 7
 11
 15
 14
 16
 11
 5
 7
 9
 10
 8
 8
 6
 5
 4
 7
 10
 11
 6
 8
 10
 9
 5
 10
 14
 13
 19
 6
 7
 11
 7
 10
 10
 5
 8
 16
 8
 11
 8
 10
 6
 6
 9
 9
 10
 14
 4
 11
 9
 4
 6
 8
 9
 15
 5
 6
 10
 16
 7
 8
 13
 14
 6
 2
 7
 9
 6
 13
 16
 8
 14
 10
 11
 8
 9
 12
 5
 8
 5
 9
 8
 6
 8
 8
 9
 6
 9
 13
 6
 8
 7
 14
 8
 11
 6
 8
 14
 6
 9
 6
 6
 5
 13
 8
 3
 6
 5
 3
 13
 8
 11
 10
 8
 5
 9
 8
 6
 9
 7
 11
 11
 7
 10
 7
 6
 9
 5
 10
 4
 9
 7
 4
 6
 6
 6
 5
 6
 11
 9
 13
 13
 8
 14
 13
 12
 10
 12
 6
 9
 7
 8
 10
 6
 9
 10
 10
 9
 4
 11
 17
 11
 7
 9
 8
 12
 9
 10
 6
 6
 5
 11
 5
 7
 10
 5
 10
 4
 5
 4
 9
 7
 7
 9
 9
 7
 6
 3
 9
 9
 4
 9
 12
 5
 6
 5
 9
 3
 8
 12
 12
 3
 10
 2
 9
 7
 7
 8
 5
 5
 10
 2
 8
 9
 7
 1
 4
 7
 8
 4
 2
 4
 7
 9
 9
 7
 9
 4
 8
 8
 5
 12
 7
 8
 6
 3
 5
 9
 4
 2
 5
 5
 4
 6
 8
 2
 7
 9
 7
 7
 4
 9
 6
 13
 10
 5
 11
 5
 4
 8
 5
 12
 13
 5
 5
 3
 10
 9
 6
 2
 8
 2
 4
 6
 9
 7
 7
 4
 4
 9
 6
 2
 9
 7
 4
 3
 8
 6
 4
 7
 7
 7
 8
 5
 5
 4
 3
 6
 7
 8
 3
 6
 6
 5
 4
 7
 2
 5
 4
 4
 5
 2
 3
 10
 2
 7
 4
 7
 8
 10
 4
 5
 7
 17
 7
 6
 6
 9
 2
 2
 4
 3
 2
 9
 7
 3
 2
 4
 5
 4
 4
 8
 5
 5
 6
 9
 2
 3
 3
 5
 2
 6
 4
 9
 2
 5
 11
 7
 10
 2
 3
 1
 3
 6
 8
 7
 5
 6
 6
 5
 4
 7
 3
 4
 3
 4
 5
 6
 7
 8
 5
 3
 6
 4
 7
 4
 4
