VERSION:    3.1
ELEMENTS:              1
DATE:       MAR 11, 2010 08:11:06.444
CHANNELS:           4000
ROIS:        0
REAL_TIME:   1807.0899658
LIVE_TIME:   1800.4699707
CAL_OFFSET:  8.8112198e-002
CAL_SLOPE:   3.1493530e-002
CAL_QUAD:    0.0000000e+000
TWO_THETA:   9.9946346
DATA: 
 0
 0
 0
 0
 0
 0
 0
 0
 0
 0
 0
 0
 0
 0
 0
 0
 0
 0
 0
 0
 0
 0
 0
 0
 0
 0
 0
 0
 0
 0
 0
 0
 0
 0
 0
 0
 0
 0
 0
 0
 0
 0
 0
 0
 0
 0
 0
 0
 0
 0
 0
 0
 0
 0
 0
 0
 0
 0
 0
 0
 0
 0
 0
 0
 0
 0
 0
 0
 0
 0
 0
 3
 5
 11
 3
 5
 3
 2
 3
 5
 3
 1
 2
 2
 2
 2
 2
 5
 0
 6
 1
 3
 2
 2
 1
 1
 1
 1
 2
 1
 3
 1
 4
 3
 3
 3
 4
 1
 1
 0
 4
 3
 1
 2
 4
 2
 0
 1
 5
 3
 4
 3
 5
 6
 2
 2
 3
 1
 3
 3
 4
 5
 6
 2
 3
 1
 4
 2
 2
 4
 3
 6
 5
 4
 0
 5
 4
 5
 4
 1
 3
 0
 3
 3
 2
 5
 3
 3
 2
 2
 5
 5
 4
 1
 5
 6
 8
 5
 7
 6
 2
 5
 3
 1
 4
 4
 5
 4
 3
 7
 3
 2
 2
 8
 2
 7
 7
 11
 6
 6
 4
 5
 10
 8
 2
 8
 5
 5
 9
 8
 9
 8
 3
 4
 8
 3
 14
 6
 6
 6
 8
 2
 6
 8
 5
 6
 4
 10
 8
 5
 8
 8
 6
 6
 10
 9
 5
 5
 10
 9
 9
 14
 5
 8
 14
 6
 8
 18
 16
 10
 10
 12
 13
 4
 10
 9
 5
 6
 11
 11
 4
 7
 10
 7
 9
 9
 11
 6
 16
 9
 15
 10
 6
 7
 8
 8
 9
 14
 5
 11
 7
 15
 5
 14
 11
 8
 13
 13
 7
 15
 14
 10
 7
 8
 7
 7
 9
 11
 11
 11
 6
 10
 16
 5
 9
 11
 10
 20
 6
 4
 7
 15
 13
 11
 12
 13
 14
 8
 9
 14
 8
 9
 15
 9
 13
 3
 8
 13
 15
 8
 12
 11
 9
 11
 7
 13
 10
 7
 9
 10
 10
 9
 12
 13
 14
 5
 6
 17
 12
 9
 12
 13
 11
 3
 7
 7
 7
 12
 12
 15
 11
 8
 14
 6
 11
 4
 9
 7
 13
 8
 6
 8
 8
 12
 9
 13
 8
 9
 12
 6
 3
 7
 15
 16
 9
 12
 5
 12
 5
 8
 10
 9
 3
 5
 6
 9
 5
 5
 10
 6
 7
 3
 18
 7
 7
 5
 9
 9
 6
 11
 11
 10
 6
 8
 12
 11
 11
 11
 8
 6
 9
 3
 11
 8
 11
 9
 9
 18
 13
 8
 8
 13
 11
 15
 10
 11
 6
 15
 13
 9
 7
 9
 6
 8
 15
 17
 7
 10
 8
 6
 15
 9
 13
 9
 7
 11
 18
 12
 16
 17
 15
 16
 11
 14
 11
 15
 13
 13
 8
 12
 14
 22
 8
 15
 13
 15
 14
 15
 19
 12
 16
 20
 18
 16
 21
 15
 17
 16
 21
 18
 18
 23
 14
 18
 17
 15
 17
 17
 25
 25
 23
 20
 27
 34
 33
 38
 35
 44
 38
 26
 37
 40
 28
 34
 21
 19
 34
 31
 22
 24
 25
 29
 21
 25
 37
 29
 28
 26
 23
 30
 37
 42
 29
 36
 31
 38
 32
 37
 41
 34
 46
 48
 42
 34
 33
 47
 43
 38
 40
 46
 50
 34
 53
 53
 52
 41
 73
 64
 69
 65
 73
 79
 75
 92
 72
 52
 53
 62
 48
 53
 62
 52
 59
 59
 47
 51
 47
 70
 60
 48
 60
 64
 64
 63
 62
 58
 61
 68
 59
 56
 69
 50
 69
 75
 48
 74
 64
 58
 75
 81
 76
 62
 88
 73
 79
 72
 80
 87
 83
 87
 75
 90
 88
 70
 94
 90
 91
 91
 95
 80
 96
 101
 97
 86
 106
 103
 105
 109
 101
 94
 96
 98
 83
 94
 112
 116
 90
 102
 102
 107
 90
 109
 93
 94
 89
 100
 89
 87
 101
 89
 86
 103
 91
 105
 93
 105
 104
 104
 101
 95
 106
 101
 96
 104
 96
 96
 103
 102
 94
 91
 99
 90
 99
 110
 106
 88
 105
 103
 88
 93
 82
 101
 81
 89
 88
 105
 96
 72
 88
 77
 84
 86
 90
 103
 88
 95
 73
 88
 81
 89
 89
 79
 87
 99
 92
 98
 88
 74
 108
 106
 108
 61
 100
 85
 94
 98
 92
 90
 95
 96
 90
 67
 97
 90
 89
 101
 83
 91
 120
 91
 99
 102
 77
 95
 95
 98
 88
 119
 97
 90
 76
 109
 102
 97
 87
 94
 90
 92
 98
 91
 89
 90
 106
 92
 88
 98
 106
 98
 105
 92
 103
 91
 118
 93
 95
 102
 97
 111
 134
 102
 110
 109
 100
 94
 111
 96
 100
 99
 113
 118
 104
 131
 109
 102
 106
 107
 125
 104
 121
 100
 113
 94
 89
 108
 124
 104
 104
 101
 108
 126
 115
 118
 108
 121
 101
 78
 92
 96
 124
 120
 91
 122
 103
 110
 102
 119
 103
 102
 127
 132
 100
 113
 107
 108
 125
 100
 98
 99
 90
 104
 101
 108
 115
 116
 89
 113
 141
 115
 112
 114
 113
 107
 98
 117
 89
 101
 108
 120
 115
 91
 118
 97
 106
 108
 100
 115
 108
 97
 115
 96
 114
 105
 121
 96
 107
 96
 112
 125
 102
 98
 114
 102
 105
 112
 102
 98
 101
 113
 117
 122
 93
 96
 101
 113
 111
 107
 109
 113
 110
 84
 94
 100
 88
 109
 107
 98
 108
 104
 113
 101
 121
 90
 104
 104
 101
 109
 103
 117
 103
 114
 100
 104
 107
 121
 110
 110
 98
 100
 91
 109
 98
 99
 102
 91
 102
 137
 120
 94
 90
 93
 105
 128
 113
 116
 109
 107
 100
 102
 112
 113
 124
 111
 115
 100
 110
 107
 106
 123
 111
 92
 100
 105
 99
 102
 122
 118
 125
 117
 109
 122
 127
 114
 118
 122
 117
 104
 114
 114
 127
 117
 131
 129
 107
 113
 128
 102
 112
 112
 131
 113
 122
 115
 117
 129
 109
 111
 113
 114
 115
 101
 132
 125
 125
 121
 96
 128
 104
 102
 104
 111
 117
 124
 116
 136
 115
 105
 114
 118
 110
 107
 121
 111
 120
 92
 120
 122
 118
 106
 124
 96
 115
 113
 114
 99
 133
 109
 130
 121
 108
 128
 122
 122
 98
 122
 131
 121
 110
 130
 127
 101
 118
 121
 115
 102
 97
 116
 102
 108
 105
 125
 102
 106
 113
 115
 115
 118
 112
 113
 118
 123
 118
 94
 107
 114
 105
 118
 125
 117
 85
 104
 103
 93
 104
 104
 103
 99
 103
 90
 103
 106
 93
 97
 99
 104
 99
 104
 108
 103
 109
 94
 114
 94
 103
 109
 95
 114
 110
 112
 92
 95
 98
 105
 98
 93
 90
 94
 109
 107
 87
 86
 98
 76
 98
 109
 101
 90
 97
 100
 84
 94
 89
 104
 110
 89
 111
 89
 86
 103
 77
 93
 106
 76
 102
 92
 77
 89
 82
 92
 81
 69
 79
 96
 83
 90
 79
 73
 113
 85
 91
 106
 83
 78
 87
 85
 68
 84
 87
 88
 87
 89
 79
 87
 90
 82
 93
 83
 110
 87
 79
 86
 86
 88
 86
 75
 74
 67
 88
 83
 74
 76
 90
 87
 87
 73
 83
 80
 83
 77
 71
 84
 81
 88
 77
 88
 70
 73
 87
 68
 73
 55
 86
 81
 83
 80
 74
 72
 86
 72
 66
 75
 85
 75
 79
 67
 74
 70
 77
 88
 62
 56
 61
 81
 82
 84
 71
 70
 77
 73
 81
 78
 78
 73
 61
 70
 83
 65
 71
 67
 85
 67
 62
 66
 67
 101
 73
 67
 68
 77
 69
 57
 88
 62
 58
 69
 63
 71
 67
 73
 68
 74
 81
 44
 74
 77
 58
 79
 80
 82
 76
 66
 60
 63
 77
 67
 64
 67
 73
 72
 70
 85
 65
 62
 64
 81
 81
 61
 68
 72
 66
 70
 71
 78
 59
 58
 78
 67
 70
 67
 61
 63
 61
 65
 73
 77
 60
 63
 57
 61
 61
 65
 79
 71
 62
 68
 62
 64
 53
 68
 61
 60
 56
 64
 68
 76
 79
 67
 59
 54
 59
 62
 65
 57
 54
 67
 75
 62
 73
 61
 57
 60
 61
 75
 57
 72
 57
 70
 54
 64
 61
 57
 60
 60
 59
 77
 62
 56
 59
 72
 54
 72
 65
 39
 63
 57
 71
 58
 63
 40
 58
 59
 52
 49
 60
 56
 67
 58
 43
 53
 42
 66
 62
 63
 58
 58
 38
 59
 36
 74
 58
 54
 50
 56
 62
 49
 52
 67
 53
 43
 57
 57
 53
 68
 67
 46
 66
 45
 48
 67
 56
 43
 51
 52
 56
 65
 47
 56
 55
 49
 50
 60
 60
 61
 60
 64
 56
 51
 64
 56
 65
 65
 40
 65
 49
 49
 50
 44
 39
 47
 54
 49
 51
 35
 60
 59
 47
 46
 55
 67
 57
 52
 58
 50
 35
 47
 49
 51
 45
 46
 54
 58
 55
 44
 49
 55
 47
 57
 56
 45
 61
 58
 54
 40
 51
 48
 42
 39
 46
 54
 46
 64
 54
 43
 47
 63
 56
 52
 46
 71
 53
 52
 51
 48
 67
 43
 40
 59
 42
 51
 56
 43
 45
 51
 53
 47
 41
 54
 52
 58
 46
 42
 57
 57
 51
 50
 48
 51
 51
 51
 49
 45
 50
 50
 51
 44
 49
 44
 44
 41
 48
 55
 51
 45
 62
 58
 31
 43
 45
 50
 46
 40
 55
 47
 52
 54
 49
 46
 45
 66
 58
 52
 43
 56
 56
 50
 46
 50
 45
 51
 42
 38
 51
 57
 51
 48
 43
 58
 51
 52
 47
 58
 42
 41
 47
 57
 36
 44
 55
 46
 45
 51
 47
 40
 41
 49
 35
 32
 54
 39
 54
 51
 46
 42
 44
 48
 46
 34
 38
 48
 48
 39
 38
 52
 51
 38
 49
 36
 42
 40
 40
 50
 48
 38
 43
 30
 46
 50
 52
 38
 38
 47
 51
 58
 40
 45
 34
 48
 43
 36
 42
 49
 38
 29
 37
 39
 35
 40
 35
 49
 36
 44
 33
 45
 45
 45
 35
 43
 40
 35
 39
 37
 37
 32
 36
 43
 40
 40
 37
 36
 41
 44
 37
 42
 49
 30
 46
 45
 40
 35
 36
 39
 41
 34
 36
 34
 34
 31
 24
 36
 37
 36
 31
 41
 37
 28
 38
 28
 38
 37
 37
 36
 34
 42
 35
 36
 34
 29
 32
 35
 37
 32
 29
 25
 44
 37
 32
 48
 38
 32
 24
 35
 37
 25
 42
 39
 41
 31
 31
 47
 35
 38
 34
 26
 42
 37
 31
 35
 33
 37
 34
 27
 34
 42
 35
 33
 43
 32
 32
 40
 37
 34
 35
 35
 33
 43
 32
 29
 28
 27
 29
 37
 29
 33
 30
 34
 29
 29
 25
 29
 38
 44
 30
 33
 39
 42
 31
 35
 34
 32
 35
 36
 38
 32
 29
 26
 30
 35
 34
 20
 22
 33
 32
 26
 30
 28
 38
 38
 32
 45
 22
 28
 34
 25
 39
 33
 24
 28
 32
 36
 31
 24
 19
 35
 33
 30
 37
 22
 35
 29
 36
 27
 25
 30
 28
 33
 36
 28
 36
 29
 32
 25
 39
 36
 33
 31
 26
 29
 20
 34
 23
 20
 35
 34
 41
 26
 27
 41
 23
 27
 42
 23
 28
 22
 29
 25
 18
 30
 39
 31
 40
 34
 36
 31
 34
 27
 25
 28
 24
 18
 28
 25
 33
 30
 28
 31
 29
 30
 21
 26
 29
 26
 25
 28
 20
 36
 29
 25
 18
 33
 24
 25
 30
 32
 30
 22
 40
 26
 31
 28
 27
 33
 16
 27
 25
 25
 34
 33
 25
 32
 19
 30
 26
 29
 22
 25
 31
 35
 20
 34
 27
 28
 29
 37
 27
 23
 22
 18
 21
 24
 33
 27
 24
 19
 27
 32
 38
 20
 13
 28
 29
 26
 34
 29
 24
 29
 18
 28
 29
 27
 18
 25
 18
 25
 29
 32
 26
 37
 24
 19
 18
 23
 31
 31
 33
 32
 27
 19
 27
 22
 30
 30
 12
 35
 22
 31
 27
 33
 24
 23
 18
 16
 25
 21
 15
 13
 37
 28
 33
 32
 20
 18
 28
 15
 33
 27
 28
 23
 22
 19
 15
 14
 29
 29
 26
 17
 27
 17
 23
 23
 16
 31
 16
 20
 25
 19
 17
 23
 21
 27
 21
 22
 28
 25
 26
 30
 20
 26
 25
 25
 27
 26
 27
 24
 23
 26
 19
 16
 25
 29
 23
 27
 21
 24
 23
 19
 13
 25
 23
 22
 24
 24
 27
 21
 25
 32
 28
 21
 24
 21
 25
 33
 16
 27
 24
 16
 20
 26
 23
 27
 24
 29
 19
 18
 26
 16
 25
 19
 26
 16
 20
 25
 14
 15
 27
 19
 25
 20
 15
 23
 18
 22
 18
 20
 23
 19
 20
 18
 25
 25
 20
 19
 23
 18
 19
 17
 16
 21
 20
 25
 21
 21
 18
 13
 22
 24
 22
 24
 18
 25
 17
 22
 22
 23
 22
 24
 14
 25
 16
 17
 21
 22
 16
 24
 17
 24
 18
 19
 25
 18
 21
 30
 22
 31
 17
 18
 35
 24
 24
 24
 16
 28
 20
 19
 17
 12
 25
 14
 17
 17
 17
 24
 18
 21
 16
 22
 18
 17
 23
 17
 18
 15
 27
 18
 28
 12
 32
 12
 24
 16
 30
 22
 19
 23
 21
 16
 17
 18
 23
 13
 16
 23
 19
 19
 13
 19
 17
 12
 21
 17
 11
 18
 11
 14
 14
 26
 13
 16
 13
 18
 29
 19
 17
 19
 10
 24
 13
 11
 9
 13
 13
 13
 11
 11
 17
 9
 11
 15
 11
 13
 16
 18
 12
 12
 13
 15
 13
 12
 12
 11
 9
 21
 7
 21
 10
 12
 9
 12
 15
 13
 11
 6
 10
 12
 11
 8
 14
 14
 9
 10
 12
 7
 10
 13
 10
 7
 12
 12
 9
 15
 9
 12
 10
 18
 13
 18
 16
 10
 11
 10
 9
 7
 13
 8
 10
 10
 9
 12
 9
 8
 11
 6
 5
 7
 13
 17
 8
 12
 10
 9
 11
 6
 12
 17
 9
 9
 7
 9
 6
 10
 10
 10
 11
 10
 16
 10
 11
 8
 14
 15
 4
 10
 11
 15
 6
 9
 15
 6
 7
 7
 10
 13
 12
 14
 14
 9
 15
 12
 10
 7
 16
 6
 11
 4
 14
 12
 8
 12
 7
 13
 4
 10
 13
 14
 6
 9
 15
 14
 11
 9
 9
 6
 5
 3
 8
 10
 11
 9
 8
 15
 6
 7
 8
 13
 9
 8
 8
 7
 10
 14
 13
 9
 13
 6
 9
 6
 7
 17
 8
 12
 10
 8
 11
 9
 7
 9
 9
 8
 8
 5
 5
 10
 4
 9
 5
 7
 10
 8
 11
 12
 7
 6
 6
 6
 10
 10
 4
 8
 4
 3
 14
 10
 6
 11
 10
 10
 8
 9
 6
 10
 10
 10
 12
 11
 5
 10
 9
 9
 5
 7
 8
 6
 13
 12
 6
 7
 9
 14
 3
 8
 12
 6
 8
 9
 5
 9
 9
 4
 12
 9
 10
 9
 8
 11
 7
 8
 9
 6
 8
 6
 4
 10
 2
 12
 10
 5
 5
 5
 9
 9
 3
 6
 6
 2
 10
 5
 10
 10
 9
 9
 9
 10
 7
 7
 9
 9
 6
 4
 6
 7
 5
 10
 5
 5
 5
 9
 7
 9
 8
 4
 8
 8
 8
 8
 12
 9
 7
 3
 10
 6
 7
 6
 9
 11
 10
 10
 2
 10
 12
 8
 7
 7
 4
 7
 11
 6
 9
 6
 7
 5
 6
 12
 11
 9
 9
 8
 6
 14
 7
 10
 13
 5
 12
 2
 3
 7
 9
 8
 10
 6
 4
 6
 4
 14
 6
 5
 4
 0
 5
 7
 5
 6
 7
 7
 12
 14
 7
 6
 8
 7
 4
 10
 6
 6
 3
 7
 7
 8
 7
 5
 9
 7
 5
 4
 6
 7
 8
 3
 5
 9
 12
 7
 3
 5
 6
 5
 6
 4
 3
 6
 4
 2
 8
 6
 4
 7
 4
 8
 8
 6
 3
 11
 1
 8
 7
 7
 2
 4
 4
 6
 3
 8
 6
 4
 6
 5
 8
 3
 9
 10
 8
 5
 4
 4
 3
 7
 4
 6
 7
 2
 5
 4
 2
 11
 4
 5
 2
 5
 7
 6
 4
 4
 4
 6
 5
 7
 5
 5
 4
 7
 7
 5
 6
 5
 3
 4
 9
 10
 4
 4
 3
 4
 5
 3
 5
 10
 9
 2
 6
 3
 3
 6
 7
 8
 4
 6
 5
 4
 5
 2
 1
 3
 4
 5
 6
 6
 5
 2
 6
 4
 6
 3
 4
 3
 4
 2
 4
 4
 7
 6
 4
 4
 7
 5
 10
 4
 5
 5
 1
 7
 8
 6
 4
 3
 7
 7
 8
 4
 3
 5
 4
 6
 5
 6
 7
 0
 4
 3
 6
 5
 7
 4
 6
 5
 3
 8
 7
 6
 10
 7
 6
 3
 9
 7
 6
 5
 5
 5
 5
 8
 6
 2
 4
 3
 7
 7
 7
 0
 6
 7
 2
 3
 4
 4
 7
 5
 1
 4
 7
 6
 6
 5
 2
 4
 5
 4
 6
 7
 6
 5
 3
 4
 5
 4
 3
 6
 6
 8
 3
 6
 5
 3
 4
 8
 6
 4
 4
 4
 5
 6
 1
 3
 2
 2
 3
 4
 5
 1
 4
 4
 0
 3
 7
 3
 3
 4
 3
 2
 2
 2
 8
 3
 0
 6
 6
 4
 0
 6
 1
 5
 3
 3
 7
 0
 6
 4
 4
 5
 1
 4
 7
 2
 4
 7
 3
 3
 0
 3
 1
 5
 1
 0
 6
 5
 0
 9
 6
 3
 4
 5
 8
 3
 4
 5
 5
 2
 6
 3
 3
 4
 0
 6
 2
 2
 4
 3
 3
 4
 3
 10
 4
 3
 2
 5
 3
 1
 3
 4
 1
 8
 5
 4
 4
 6
 3
 4
 4
 1
 0
 3
 5
 2
 2
 3
 4
 1
 1
 3
 8
 6
 1
 3
 2
 2
 3
 2
 4
 5
 3
 6
 0
 5
 3
 2
 8
 4
 2
 0
 2
 3
 3
 3
 1
 2
 3
 2
 2
 3
 3
 3
 7
 3
 7
 3
 3
 2
 4
 4
 4
 4
 5
 1
 5
 4
 3
 5
 10
 0
 3
 1
 0
 2
 3
 4
 4
 5
 1
 5
 4
 7
 2
 4
 2
 3
 5
 1
 3
 9
 5
 1
 4
 2
 6
 4
 3
 3
 2
 3
 4
 3
 3
 4
 4
 3
 1
 2
 2
 4
 2
 4
 3
 5
 2
 2
 4
 5
 3
 5
 3
 1
 2
 2
 3
 4
 3
 2
 5
 3
 4
 3
 2
 4
 3
 2
 3
 0
 2
 2
 3
 4
 4
 5
 4
 0
 4
 2
 3
 4
 4
 1
 3
 4
 3
 3
 1
 4
 6
 1
 6
 5
 0
 2
 1
 1
 3
 2
 7
 4
 2
 1
 4
 4
 5
 0
 1
 0
 3
 4
 4
 2
 1
 3
 3
 5
 5
 3
 1
 0
 5
 1
 3
 1
 1
 2
 1
 1
 6
 3
 6
 2
 3
 1
 3
 3
 0
 2
 3
 4
 1
 1
 2
 1
 4
 1
 2
 1
 3
 2
 1
 2
 1
 4
 1
 3
 0
 3
 3
 4
 1
 3
 2
 3
 2
 4
 4
 1
 4
 2
 5
 3
 3
 1
 4
 1
 2
 4
 3
 5
 1
 1
 5
 3
 1
 3
 6
 1
 3
 2
 1
 2
 3
 2
 0
 2
 2
 4
 2
 3
 1
 3
 3
 3
 3
 3
 2
 0
 1
 1
 1
 0
 2
 2
 5
 1
 1
 2
 2
 0
 2
 0
 2
 0
 3
 2
 2
 3
 1
 3
 0
 0
 2
 1
 2
 1
 2
 2
 3
 1
 1
 1
 4
 1
 0
 0
 4
 0
 2
 0
 0
 1
 1
 0
 2
 2
 3
 2
 4
 4
 3
 2
 0
 1
 0
 3
 3
 3
 2
 5
 2
 4
 1
 2
 0
 4
 0
 3
 2
 1
 2
 4
 0
 2
 1
 0
 0
 2
 1
 1
 3
 0
 1
 3
 0
 2
 3
 1
 1
 1
 2
 0
 5
 2
 3
 1
 3
 0
 0
 3
 2
 1
 1
 2
 2
 0
 2
 1
 1
 0
 3
 1
 1
 2
 5
 2
 3
 1
 4
 1
 3
 0
 1
 3
 2
 4
 0
 2
 1
 2
 1
 2
 2
 0
 0
 3
 4
 2
 1
 4
 2
 1
 4
 1
 1
 0
 0
 0
 1
 1
 1
 2
 3
 2
 3
 0
 2
 1
 2
 2
 2
 0
 0
 3
 2
 4
 2
 1
 2
 2
 0
 2
 4
 2
 1
 1
 1
 3
 1
 3
 0
 2
 3
 2
 3
 2
 2
 2
 0
 1
 1
 1
 1
 0
 3
 1
 1
 1
 0
 5
 0
 0
 1
 2
 2
 2
 2
 3
 0
 2
 0
 2
 2
 1
 0
 0
 1
 3
 2
 3
 3
 4
 0
 3
 2
 4
 2
 4
 0
 3
 2
 1
 0
 0
 0
 2
 1
 3
 0
 0
 4
 0
 0
 3
 2
 0
 0
 4
 1
 0
 2
 3
 0
 1
 0
 1
 0
 1
 3
 1
 2
 1
 2
 2
 0
 1
 0
 2
 0
 5
 0
 0
 2
 2
 1
 4
 2
 0
 2
 2
 2
 1
 2
 3
 0
 1
 3
 1
 0
 0
 3
 2
 1
 0
 1
 1
 2
 0
 1
 0
 1
 0
 1
 3
 1
 0
 3
 1
 1
 1
 0
 0
 1
 1
 1
 1
 1
 2
 2
 1
 1
 0
 2
 2
 1
 1
 3
 1
 2
 1
 2
 0
 1
 2
 1
 0
 0
 1
 0
 1
 1
 2
 0
 1
 2
 2
 1
 2
 1
 2
 3
 2
 0
 2
 2
 2
 3
 0
 3
 0
 0
 0
 3
 1
 0
 0
 0
 1
 0
 1
 0
 1
 0
 1
 1
 0
 1
 1
 0
 1
 0
 1
 2
 2
 1
 2
 0
 2
 0
 1
 3
 1
 1
 1
 0
 1
 0
 2
 2
 1
 0
 1
 3
 0
 0
 3
 0
 4
 1
 2
 1
 0
 0
 3
 3
 0
 0
 2
 1
 1
 1
 2
 1
 3
 0
 2
 0
 0
 3
 1
 0
 1
 0
 0
 1
 0
 1
 1
 1
 1
 0
 2
 1
 0
 1
 2
 0
 2
 0
 0
 2
 0
 2
 3
 0
 1
 1
 0
 1
 0
 0
 1
 0
 1
 1
 1
 1
 1
 0
 0
 0
 0
 2
 1
 1
 0
 1
 2
 0
 2
 1
 0
 0
 0
 0
 0
 0
 1
 1
 0
 1
 0
 0
 1
 0
 1
 0
 0
 1
 0
 1
 1
 2
 2
 0
 2
 1
 0
 0
 0
 1
 1
 0
 0
 0
 3
 1
 1
 0
 1
 1
 0
 1
 2
 0
 1
 1
 0
 1
 1
 0
 2
 1
 0
 1
 0
 0
 0
 1
 0
 2
 0
 1
 2
 0
 1
 1
 1
 1
 1
 1
 0
 1
 2
 1
 1
 3
 1
 1
 0
 0
 0
 0
 0
 0
 1
 0
 0
 1
 0
 0
 0
 0
 1
 0
 0
 0
 2
 1
 2
 0
 1
 1
 1
 0
 0
 1
 0
 0
 0
 1
 2
 1
 2
 0
 0
 1
 0
 0
 0
 0
 3
 0
 1
 0
 1
 0
 0
 0
 0
 1
 0
 1
 2
 2
 0
 0
 0
 1
 2
 0
 0
 2
 0
 0
 1
 0
 1
 1
 0
 1
 2
 2
 3
 1
 0
 0
 0
 0
 1
 1
 0
 0
 1
 3
 0
 0
 2
 1
 2
 1
 0
 0
 2
 0
 0
 0
 0
 0
 0
 1
 0
 1
 1
 0
 1
 1
 0
 0
 1
 0
 0
 0
 1
 1
 0
 2
 0
 0
 0
 1
 0
 0
 0
 2
 1
 0
 0
 0
 0
 0
 0
 0
 0
 0
 0
 0
 0
 0
 0
 0
 2
 0
 1
 0
 0
 1
 0
 0
 1
 0
 0
 0
 0
 1
 0
 0
 1
 1
 2
 1
 1
 0
 0
 0
 1
 3
 0
 0
 1
 1
 0
 1
 2
 1
 0
 1
 0
 2
 0
 0
 0
 0
 1
 0
 0
 1
 0
 2
 0
 0
 0
 4
 1
 0
 2
 2
 0
 0
 2
 0
 1
 0
 1
 2
 0
 0
 0
 0
 1
 1
 1
 1
 0
 0
 1
 1
 3
 2
 0
 0
 0
 0
 0
 0
 1
 2
 0
 1
 0
 0
 0
 1
 0
 0
 0
 2
 0
 1
 0
 0
 0
 0
 2
 0
 0
 1
 0
 2
 2
 0
 0
 0
 1
 2
 0
 0
 1
 1
 0
 0
 1
 0
 0
 0
 0
 0
 3
 0
 1
 0
 1
 1
 2
