VERSION:    3.1
ELEMENTS:              1
DATE:       MAR 10, 2010 22:06:25.742
CHANNELS:           4000
ROIS:        0
REAL_TIME:   1216.0999756
LIVE_TIME:   1200.4699707
CAL_OFFSET:  8.8112198e-002
CAL_SLOPE:   3.1493530e-002
CAL_QUAD:    0.0000000e+000
TWO_THETA:   9.9946346
DATA: 
 0
 0
 0
 0
 0
 0
 0
 0
 0
 0
 0
 0
 0
 0
 0
 0
 0
 0
 0
 0
 0
 0
 0
 0
 0
 0
 0
 0
 0
 0
 0
 0
 0
 0
 0
 0
 0
 0
 0
 0
 0
 0
 0
 0
 0
 0
 0
 0
 0
 0
 0
 0
 0
 0
 0
 0
 0
 0
 0
 0
 0
 0
 0
 0
 0
 0
 0
 0
 0
 0
 1
 14
 23
 24
 18
 18
 15
 20
 26
 17
 23
 19
 18
 20
 21
 11
 19
 30
 14
 11
 26
 18
 12
 18
 21
 13
 24
 13
 24
 14
 18
 20
 21
 18
 20
 17
 17
 22
 19
 15
 21
 20
 20
 27
 28
 12
 20
 17
 19
 28
 17
 20
 22
 17
 20
 24
 15
 15
 23
 12
 24
 32
 17
 23
 19
 18
 14
 23
 23
 22
 20
 26
 26
 23
 31
 18
 19
 25
 30
 25
 18
 27
 21
 24
 24
 24
 32
 23
 31
 26
 20
 30
 23
 39
 25
 33
 20
 30
 27
 27
 21
 22
 32
 16
 29
 36
 29
 40
 37
 38
 41
 45
 50
 36
 37
 45
 42
 50
 44
 38
 42
 42
 20
 30
 42
 45
 38
 34
 35
 46
 40
 49
 35
 53
 37
 45
 36
 35
 38
 46
 37
 34
 54
 41
 35
 39
 48
 44
 53
 47
 43
 47
 49
 42
 38
 53
 38
 45
 53
 35
 49
 52
 64
 50
 65
 65
 62
 54
 72
 68
 48
 64
 56
 49
 43
 59
 55
 63
 50
 47
 61
 52
 56
 52
 44
 63
 57
 60
 59
 55
 58
 59
 56
 68
 68
 65
 56
 58
 64
 58
 55
 53
 60
 56
 62
 64
 55
 56
 58
 71
 60
 58
 64
 64
 61
 65
 67
 57
 80
 49
 73
 60
 62
 72
 64
 64
 50
 65
 76
 68
 83
 80
 76
 68
 79
 75
 84
 84
 67
 84
 69
 73
 71
 80
 70
 83
 83
 68
 67
 69
 81
 84
 97
 74
 72
 64
 90
 85
 78
 79
 86
 98
 91
 66
 87
 93
 86
 82
 88
 77
 82
 96
 96
 75
 86
 93
 85
 86
 68
 71
 94
 92
 86
 96
 88
 72
 99
 82
 82
 89
 85
 82
 73
 100
 76
 98
 93
 93
 95
 83
 101
 80
 94
 96
 101
 88
 90
 70
 92
 84
 81
 92
 96
 87
 88
 76
 92
 100
 73
 96
 94
 88
 71
 88
 104
 82
 98
 90
 74
 120
 82
 103
 107
 92
 84
 97
 98
 125
 92
 113
 103
 94
 104
 107
 94
 81
 97
 74
 104
 88
 85
 95
 106
 97
 79
 117
 106
 112
 102
 120
 97
 114
 109
 87
 98
 120
 109
 104
 105
 109
 102
 109
 87
 114
 126
 128
 126
 113
 112
 138
 123
 111
 109
 116
 100
 115
 123
 109
 120
 134
 140
 123
 112
 114
 125
 130
 115
 132
 129
 130
 143
 142
 154
 162
 121
 124
 148
 148
 156
 160
 161
 146
 145
 157
 169
 136
 163
 179
 165
 172
 187
 190
 215
 228
 207
 224
 223
 245
 228
 239
 210
 214
 207
 194
 212
 211
 199
 197
 195
 211
 179
 184
 204
 215
 200
 193
 190
 189
 206
 215
 236
 196
 226
 211
 232
 229
 226
 235
 222
 233
 236
 250
 264
 254
 271
 233
 269
 264
 253
 268
 289
 264
 273
 284
 340
 335
 351
 354
 387
 408
 419
 413
 441
 426
 445
 396
 377
 361
 357
 366
 313
 364
 326
 363
 338
 307
 306
 370
 366
 322
 371
 369
 361
 359
 397
 341
 392
 374
 402
 356
 398
 421
 388
 396
 379
 435
 404
 431
 445
 418
 441
 439
 423
 426
 420
 436
 500
 476
 468
 489
 489
 467
 498
 488
 510
 546
 480
 529
 531
 553
 529
 554
 556
 550
 586
 609
 645
 615
 604
 617
 627
 647
 635
 660
 614
 695
 626
 648
 612
 667
 642
 638
 702
 697
 680
 694
 689
 687
 688
 709
 761
 745
 748
 690
 708
 740
 744
 697
 704
 773
 724
 761
 780
 777
 764
 785
 829
 800
 798
 853
 793
 809
 882
 797
 821
 890
 855
 848
 850
 857
 885
 815
 873
 887
 886
 872
 884
 866
 930
 894
 896
 990
 930
 934
 930
 969
 928
 896
 907
 984
 992
 948
 943
 959
 981
 1020
 918
 1010
 934
 1042
 940
 1054
 1038
 941
 1034
 981
 1046
 965
 1028
 1075
 1033
 971
 1079
 1009
 1000
 1007
 970
 1088
 1091
 1039
 1110
 1054
 1025
 1051
 1094
 1116
 1100
 1070
 1092
 1073
 1101
 1094
 1102
 1170
 1147
 1159
 1106
 1179
 1170
 1162
 1114
 1169
 1240
 1161
 1178
 1154
 1192
 1141
 1242
 1263
 1210
 1091
 1121
 1156
 1248
 1248
 1193
 1226
 1238
 1212
 1185
 1197
 1220
 1224
 1282
 1301
 1291
 1279
 1253
 1232
 1254
 1311
 1307
 1231
 1214
 1277
 1274
 1285
 1312
 1300
 1331
 1235
 1241
 1254
 1292
 1309
 1322
 1251
 1269
 1227
 1221
 1273
 1220
 1288
 1240
 1233
 1144
 1242
 1217
 1227
 1195
 1188
 1180
 1199
 1123
 1166
 1233
 1184
 1186
 1157
 1154
 1158
 1109
 1144
 1167
 1082
 1095
 1095
 1068
 1060
 1086
 1091
 1057
 1081
 1068
 1074
 998
 1012
 1008
 997
 983
 973
 1004
 1045
 1015
 960
 952
 945
 970
 999
 1014
 909
 917
 948
 957
 929
 925
 855
 918
 893
 839
 879
 873
 908
 853
 860
 844
 849
 896
 871
 887
 881
 877
 830
 835
 862
 847
 906
 903
 891
 899
 853
 825
 849
 816
 825
 881
 866
 802
 870
 889
 837
 825
 834
 872
 850
 818
 868
 853
 856
 842
 834
 773
 851
 808
 825
 857
 884
 830
 840
 832
 831
 836
 939
 798
 815
 840
 877
 848
 866
 880
 920
 917
 875
 855
 861
 865
 866
 900
 936
 797
 834
 834
 843
 799
 851
 855
 834
 888
 883
 821
 843
 891
 887
 867
 859
 844
 854
 920
 833
 889
 895
 946
 859
 874
 876
 877
 864
 869
 877
 838
 896
 827
 872
 893
 814
 870
 894
 910
 827
 855
 877
 804
 906
 848
 868
 893
 871
 819
 868
 930
 868
 914
 850
 888
 834
 849
 851
 856
 812
 841
 926
 881
 834
 872
 873
 816
 865
 862
 850
 870
 864
 820
 870
 877
 841
 811
 826
 805
 854
 837
 894
 815
 834
 829
 811
 864
 823
 845
 817
 845
 781
 885
 848
 799
 804
 807
 752
 772
 795
 796
 803
 777
 826
 827
 766
 791
 786
 771
 853
 752
 807
 773
 724
 840
 763
 784
 782
 839
 736
 764
 814
 791
 777
 795
 763
 743
 733
 754
 788
 675
 700
 760
 750
 714
 759
 762
 740
 726
 705
 739
 747
 770
 676
 728
 730
 741
 692
 707
 756
 715
 694
 711
 707
 708
 718
 655
 696
 671
 703
 666
 678
 722
 678
 721
 634
 673
 722
 663
 729
 663
 686
 621
 713
 684
 669
 680
 677
 702
 625
 663
 632
 695
 648
 690
 699
 657
 651
 664
 643
 650
 652
 653
 688
 664
 674
 618
 671
 669
 669
 703
 636
 668
 628
 657
 697
 691
 664
 675
 697
 664
 639
 646
 728
 629
 665
 660
 659
 676
 654
 650
 679
 635
 662
 664
 695
 637
 682
 682
 674
 662
 635
 611
 690
 722
 685
 664
 662
 670
 631
 704
 689
 713
 652
 680
 683
 652
 642
 689
 713
 718
 662
 614
 687
 676
 612
 683
 674
 716
 673
 702
 710
 724
 645
 697
 738
 686
 688
 608
 653
 693
 700
 725
 693
 667
 673
 662
 683
 681
 676
 716
 633
 727
 605
 683
 658
 738
 681
 684
 672
 663
 710
 641
 747
 659
 675
 670
 680
 701
 715
 682
 661
 688
 664
 604
 645
 675
 696
 636
 645
 640
 670
 668
 681
 718
 659
 636
 607
 650
 639
 624
 646
 669
 671
 636
 636
 654
 629
 661
 666
 609
 664
 666
 634
 648
 643
 598
 679
 649
 683
 640
 647
 628
 655
 662
 593
 608
 638
 650
 628
 627
 623
 617
 593
 670
 578
 638
 616
 607
 576
 614
 574
 620
 609
 592
 603
 573
 585
 588
 582
 593
 598
 579
 645
 580
 575
 548
 555
 632
 625
 608
 544
 557
 583
 614
 610
 576
 566
 587
 601
 546
 559
 583
 573
 621
 610
 581
 578
 553
 595
 578
 582
 563
 561
 487
 564
 543
 527
 539
 538
 523
 538
 580
 573
 587
 533
 571
 559
 547
 586
 594
 510
 547
 584
 579
 539
 533
 549
 557
 545
 492
 517
 530
 502
 489
 500
 475
 513
 510
 545
 507
 536
 524
 496
 503
 540
 537
 508
 525
 512
 521
 482
 515
 529
 530
 434
 467
 454
 478
 488
 441
 484
 480
 484
 485
 460
 476
 523
 458
 478
 466
 482
 455
 452
 474
 489
 495
 468
 487
 464
 445
 462
 388
 432
 449
 411
 475
 446
 441
 467
 478
 493
 479
 451
 440
 439
 456
 473
 444
 462
 427
 440
 444
 436
 459
 415
 423
 413
 459
 428
 426
 416
 430
 426
 435
 429
 411
 412
 419
 450
 415
 427
 422
 409
 430
 370
 383
 405
 402
 418
 445
 396
 443
 401
 418
 391
 393
 417
 420
 378
 362
 438
 387
 400
 396
 416
 361
 405
 362
 368
 387
 345
 403
 372
 369
 373
 383
 404
 395
 369
 364
 338
 375
 399
 386
 378
 358
 385
 397
 390
 346
 364
 348
 360
 369
 378
 370
 388
 390
 398
 371
 358
 372
 358
 331
 363
 340
 368
 396
 368
 329
 360
 353
 395
 363
 385
 336
 375
 364
 345
 372
 385
 362
 339
 353
 327
 355
 375
 341
 347
 349
 347
 325
 323
 345
 346
 317
 388
 325
 354
 345
 320
 378
 340
 296
 371
 324
 336
 324
 325
 333
 330
 302
 316
 323
 306
 360
 334
 264
 323
 317
 320
 304
 343
 345
 322
 304
 321
 340
 305
 309
 321
 333
 320
 313
 279
 319
 327
 343
 286
 331
 319
 346
 314
 321
 304
 319
 309
 303
 264
 315
 325
 299
 302
 311
 313
 311
 310
 293
 308
 291
 319
 308
 318
 299
 291
 290
 305
 312
 293
 281
 286
 320
 304
 300
 301
 286
 291
 312
 300
 300
 309
 281
 304
 302
 316
 294
 279
 299
 286
 276
 261
 308
 283
 293
 292
 279
 282
 292
 270
 290
 293
 302
 283
 276
 260
 271
 286
 260
 315
 282
 293
 288
 315
 273
 261
 265
 300
 300
 276
 274
 271
 267
 264
 275
 276
 263
 268
 272
 244
 283
 266
 293
 273
 255
 292
 268
 260
 284
 263
 264
 287
 247
 274
 261
 270
 239
 251
 266
 224
 256
 250
 296
 247
 224
 281
 280
 277
 248
 274
 274
 265
 281
 260
 205
 253
 252
 248
 252
 254
 244
 247
 270
 259
 253
 248
 246
 253
 261
 262
 249
 241
 251
 263
 266
 224
 246
 244
 246
 244
 245
 251
 250
 282
 237
 211
 248
 234
 225
 269
 259
 267
 243
 240
 244
 255
 221
 214
 252
 238
 257
 247
 229
 258
 214
 216
 245
 239
 230
 243
 227
 230
 259
 221
 226
 226
 234
 271
 250
 238
 239
 223
 226
 247
 234
 226
 245
 245
 233
 236
 253
 246
 247
 238
 226
 211
 235
 259
 227
 225
 244
 203
 247
 222
 263
 229
 207
 224
 241
 211
 229
 230
 221
 242
 264
 232
 254
 234
 226
 215
 210
 262
 240
 227
 223
 222
 203
 202
 212
 215
 242
 232
 234
 240
 212
 201
 237
 240
 230
 243
 219
 239
 223
 255
 213
 225
 220
 226
 221
 208
 211
 261
 210
 233
 251
 229
 206
 243
 205
 190
 218
 197
 196
 224
 230
 204
 202
 219
 226
 213
 211
 224
 213
 201
 221
 211
 208
 224
 207
 214
 197
 224
 229
 242
 233
 221
 234
 207
 206
 254
 208
 254
 247
 230
 224
 220
 223
 197
 219
 219
 208
 200
 193
 197
 181
 232
 213
 230
 197
 231
 213
 204
 189
 201
 219
 231
 208
 189
 195
 208
 206
 190
 186
 213
 176
 215
 220
 200
 196
 219
 172
 202
 194
 197
 203
 173
 198
 194
 184
 210
 181
 199
 208
 179
 196
 204
 184
 188
 204
 196
 206
 216
 193
 189
 189
 187
 208
 206
 191
 184
 166
 196
 195
 193
 183
 185
 200
 172
 182
 197
 183
 156
 203
 187
 182
 157
 190
 165
 183
 191
 166
 162
 182
 196
 168
 196
 182
 158
 169
 172
 183
 155
 171
 170
 185
 181
 176
 172
 157
 158
 167
 176
 183
 167
 181
 180
 169
 191
 193
 177
 179
 196
 157
 155
 195
 167
 151
 169
 151
 184
 171
 159
 173
 148
 187
 162
 146
 172
 157
 150
 155
 145
 147
 142
 154
 162
 161
 142
 171
 159
 183
 175
 174
 166
 143
 183
 177
 147
 168
 161
 147
 150
 148
 131
 126
 140
 177
 167
 153
 146
 139
 161
 160
 147
 147
 143
 140
 147
 137
 125
 168
 146
 155
 177
 162
 178
 151
 126
 142
 165
 149
 156
 160
 136
 149
 132
 140
 161
 144
 175
 163
 137
 145
 138
 148
 140
 129
 130
 169
 155
 160
 131
 160
 131
 140
 143
 138
 154
 139
 150
 141
 143
 143
 156
 140
 142
 123
 147
 142
 128
 151
 153
 135
 138
 174
 144
 137
 163
 158
 157
 142
 140
 139
 143
 154
 122
 151
 144
 148
 172
 143
 156
 163
 150
 143
 137
 146
 112
 164
 149
 159
 117
 132
 127
 137
 127
 135
 170
 131
 136
 123
 120
 128
 135
 134
 113
 135
 145
 121
 158
 126
 138
 127
 102
 137
 116
 125
 132
 116
 112
 127
 114
 140
 121
 130
 101
 127
 127
 124
 120
 125
 118
 125
 126
 104
 125
 111
 106
 121
 117
 112
 114
 119
 140
 105
 130
 115
 104
 108
 100
 105
 91
 94
 94
 115
 103
 100
 86
 99
 100
 91
 94
 93
 80
 62
 93
 93
 106
 67
 97
 65
 93
 76
 90
 72
 86
 68
 91
 105
 79
 80
 94
 93
 82
 89
 94
 94
 84
 89
 83
 77
 77
 78
 75
 101
 62
 87
 83
 83
 88
 84
 92
 75
 84
 70
 77
 72
 78
 63
 99
 82
 75
 76
 78
 90
 68
 66
 70
 73
 96
 67
 78
 88
 67
 67
 76
 86
 54
 66
 70
 61
 53
 80
 88
 73
 87
 78
 71
 72
 75
 78
 76
 98
 80
 88
 72
 64
 60
 70
 69
 72
 67
 80
 86
 73
 73
 73
 78
 64
 68
 78
 88
 90
 69
 82
 81
 78
 63
 73
 68
 69
 71
 77
 74
 72
 73
 71
 69
 66
 74
 85
 61
 67
 55
 52
 74
 58
 68
 85
 74
 81
 69
 66
 80
 54
 66
 68
 67
 67
 82
 65
 64
 83
 54
 78
 56
 71
 70
 72
 68
 60
 68
 67
 62
 49
 62
 73
 66
 59
 82
 67
 56
 76
 85
 58
 85
 86
 76
 73
 76
 63
 68
 72
 58
 57
 75
 66
 66
 67
 76
 79
 53
 84
 70
 57
 77
 49
 74
 71
 77
 61
 58
 65
 57
 66
 63
 65
 61
 65
 64
 49
 50
 68
 63
 66
 56
 58
 63
 66
 40
 57
 50
 44
 61
 67
 70
 46
 55
 50
 59
 70
 73
 46
 56
 61
 62
 50
 58
 53
 62
 59
 56
 63
 53
 59
 48
 54
 52
 78
 47
 56
 58
 53
 69
 78
 59
 55
 58
 57
 49
 58
 62
 54
 63
 55
 54
 61
 48
 53
 51
 50
 45
 56
 54
 60
 56
 54
 62
 43
 57
 49
 45
 44
 56
 46
 63
 63
 69
 76
 58
 47
 48
 47
 46
 64
 51
 54
 66
 40
 53
 56
 52
 61
 57
 52
 45
 60
 63
 50
 40
 45
 54
 53
 50
 66
 53
 50
 53
 56
 39
 44
 57
 64
 56
 43
 41
 47
 54
 66
 51
 47
 54
 47
 68
 50
 63
 48
 53
 53
 45
 42
 47
 46
 49
 52
 34
 45
 39
 41
 39
 60
 42
 39
 55
 51
 48
 44
 41
 34
 41
 51
 38
 41
 59
 39
 47
 52
 46
 57
 47
 37
 45
 57
 46
 46
 42
 43
 45
 43
 48
 46
 52
 58
 43
 41
 41
 54
 46
 62
 41
 37
 47
 40
 63
 60
 40
 57
 55
 49
 51
 39
 36
 39
 46
 45
 35
 40
 49
 45
 44
 41
 55
 54
 51
 49
 48
 39
 35
 45
 50
 42
 46
 38
 44
 44
 55
 40
 43
 37
 42
 37
 39
 41
 45
 29
 39
 36
 44
 41
 44
 37
 30
 37
 47
 54
 49
 40
 45
 29
 37
 44
 45
 30
 44
 44
 43
 43
 37
 38
 38
 37
 33
 37
 41
 34
 34
 41
 52
 47
 36
 23
 31
 34
 53
 39
 36
 42
 34
 34
 37
 40
 29
 33
 32
 50
 31
 31
 42
 25
 43
 41
 39
 36
 30
 43
 27
 39
 34
 34
 52
 38
 41
 34
 40
 39
 39
 47
 40
 35
 44
 29
 28
 41
 34
 35
 41
 30
 39
 40
 50
 26
 29
 38
 30
 38
 34
 27
 26
 28
 26
 38
 30
 40
 29
 37
 38
 30
 31
 31
 32
 32
 28
 38
 28
 37
 35
 24
 29
 39
 35
 27
 38
 30
 39
 29
 34
 31
 26
 31
 30
 30
 35
 23
 33
 26
 31
 29
 30
 22
 33
 37
 31
 32
 33
 31
 30
 40
 39
 21
 29
 35
 22
 34
 30
 34
 40
 23
 24
 28
 27
 35
 35
 41
 24
 27
 34
 24
 29
 33
 32
 38
 33
 31
 28
 34
 25
 29
 42
 33
 30
 30
 39
 28
 35
 35
 20
 36
 31
 16
 23
 32
 37
 34
 36
 26
 27
 19
 26
 37
 40
 33
 27
 31
 31
 35
 33
 23
 28
 31
 25
 32
 29
 24
 20
 27
 17
 33
 27
 29
 26
 19
 31
 32
 26
 28
 28
 29
 27
 29
 32
 25
 17
 24
 23
 30
 29
 36
 27
 28
 29
 31
 33
 28
 25
 21
 26
 25
 23
 23
 23
 19
 41
 27
 23
 25
 20
 28
 29
 24
 30
 23
 26
 16
 27
 23
 26
 22
 24
 20
 22
 30
 19
 22
 19
 24
 26
 27
 26
 19
 21
 28
 28
 22
 21
 23
 24
 27
 22
 27
 26
 14
 16
 26
 19
 29
 28
 28
 28
 32
 17
 16
 22
 31
 33
 21
 24
 20
 19
 21
 22
 24
 17
 17
 19
 19
 24
 28
 18
 28
 23
 17
 22
 17
 20
 27
 25
 17
 20
 21
 22
 30
 24
 16
 14
 19
 17
 23
 23
 20
 23
 15
 16
 24
 16
 17
 25
 20
 17
 19
 19
 28
 30
 18
 31
 23
 21
 17
 24
 19
 22
 17
 24
 31
 14
 17
 20
 15
 30
 14
 21
 22
 22
 26
 20
 22
 15
 17
 26
 19
 30
 27
 18
 18
 25
 18
 22
 20
 19
 18
 16
 17
 27
 22
 18
 23
 22
 16
 23
 24
 21
 18
 22
 17
 16
 22
 9
 20
 31
 14
 18
 18
 20
 30
 28
 23
 22
 15
 16
 18
 14
 20
 13
 22
 15
 23
 18
 28
 19
 17
 19
 23
 24
 14
 16
 25
 18
 21
 19
 15
 19
 20
 8
 20
 14
 20
 17
 16
 13
 17
 14
 22
 20
 18
 23
 22
 16
 19
 29
 19
 13
 15
 21
 30
 14
 20
 18
 18
 18
 19
 24
 17
 19
 15
 9
 17
 18
 19
 18
 11
 9
 19
 14
 18
 13
 18
 21
 12
 14
 27
 14
 11
 10
 19
 17
 14
 19
 14
 21
 14
 16
 14
 22
 25
 18
 18
 10
 14
 14
 15
 20
 11
 16
 7
 17
 13
 13
 15
 15
 13
 17
 18
 22
 15
 16
 21
 19
 13
 22
 15
 15
 12
 15
 21
 14
 17
 9
 14
 18
 14
 15
 15
 11
 10
 12
 17
 16
 14
 15
 22
 22
 12
 11
 14
 14
 16
 9
 16
 12
 16
 18
 10
 16
 16
 13
 9
 16
 13
 15
 17
 18
 11
 15
 17
 5
 13
 15
 20
 15
 13
 10
 11
 7
 18
 11
 16
 8
 11
 12
 19
 14
 12
 13
 18
 19
 13
 15
 18
 15
 15
 17
 10
 18
 15
 15
 21
 14
 12
 12
 12
 9
 12
 12
 12
 13
 15
 17
 13
 14
 14
 10
 11
 6
 10
 12
 11
 10
 9
 24
 17
 13
 10
 10
 9
 14
 8
 16
 12
 12
 10
 8
 25
 10
 8
 11
 14
 9
 13
 11
 12
 19
 14
 10
 14
 13
 13
 12
 19
 10
 12
 12
 11
 17
 13
 10
 11
 13
 12
 15
 9
 10
 15
 9
 10
 9
 10
 9
 7
 13
 6
 14
 11
 9
 9
 10
 10
 15
 9
 15
 13
 4
 10
 14
 14
 8
 10
 5
 9
 6
 13
 9
 12
 7
 11
 12
 19
 9
 9
 11
 9
 9
 12
 11
 15
 11
 11
 7
 7
 7
 9
 15
 11
 19
 9
 10
 14
 13
 8
 13
 6
 20
 17
 9
 7
 7
 14
 11
 7
 7
 10
 11
 9
 11
 7
 5
 4
 12
 12
 10
 9
 14
 11
 11
 7
 17
 10
 9
 14
 21
 7
 14
 8
 15
 10
 7
 13
 9
 8
 10
 10
 12
 5
 7
 10
 10
 11
 12
 8
 9
 11
 5
 14
 8
 14
 7
 13
 16
 12
 9
 9
 9
 4
 7
 9
 5
 14
 8
 5
 14
 11
 5
 7
 13
 13
 4
 12
 6
 15
 17
 9
 5
 7
 3
 17
 6
 4
 14
 8
 7
 8
 9
 9
 10
 9
 9
 11
 4
 8
 9
 7
 13
 7
 9
 6
 8
 17
 11
 7
 14
 12
 11
 6
 7
 6
 8
 9
 6
 9
 10
 10
 10
 10
 9
 10
 16
 6
 4
 10
 4
 8
 8
 7
 5
 7
 11
 5
 8
 8
 4
 9
 7
 9
 5
 7
 7
 6
 4
 3
 8
 5
 11
 12
 8
 8
 9
 12
 8
 9
 8
 9
 9
 6
 11
 6
 6
 10
 6
 8
 10
 8
 11
 6
 15
 5
 4
 3
 10
 8
 3
 5
 6
 8
 7
 3
 14
 10
 5
 15
 13
 8
 6
 5
 6
 6
 12
 10
 7
 11
 9
 9
 7
 6
 9
 7
 7
 4
 10
 9
 8
 6
 3
 6
 7
 8
 5
 9
 8
 7
 7
 4
 10
 8
 5
 6
 5
 4
 8
 6
 4
 10
 9
 9
 4
 4
 4
 3
 5
 6
 4
 5
 3
 3
 12
 8
 7
 7
 14
 7
 11
 8
 5
 3
 2
 9
 4
 4
 3
 12
 9
 5
 3
 7
 6
 5
 8
 5
 9
 5
 8
 5
 4
 12
 7
 8
 6
 7
 3
 4
 10
 8
 6
 9
 6
 6
 8
 8
 6
 5
 4
 3
 4
 6
 5
 3
 4
 3
 7
 10
 10
 10
 7
 5
 8
 6
 2
 8
 10
 8
 3
 5
 9
 6
 7
 5
 3
 3
 8
 9
 9
 4
 2
 4
 9
 10
 6
 6
 6
 5
 5
 1
 7
 3
 3
 5
 2
 6
 2
 3
 13
 1
 4
 5
 6
 5
 6
 4
 1
 5
 4
 5
 0
 4
 3
 9
 9
 2
 3
 4
 2
 2
 3
 7
 3
 4
 7
 1
 9
 5
 4
 5
 6
 4
 3
 3
 3
 5
 5
 5
 6
 6
 6
 6
 3
 3
 7
 2
 9
 5
 8
 7
 4
 5
 4
 6
 6
 8
 6
 10
 3
 7
 4
 4
 5
 3
 7
 1
 11
 1
 7
 4
 7
 3
 6
 5
 4
 7
 1
 8
 6
 6
 5
 8
 5
 4
 3
 8
 3
 2
 2
 5
 5
 4
 2
 8
 6
 3
 4
 4
 4
 7
 6
 1
 5
 3
 4
 6
 2
 5
 3
 3
 4
 3
 11
 3
 5
 5
 10
 1
 5
 7
 5
 5
 7
 1
 1
 6
 4
 5
 1
 3
 6
 1
 2
 6
 4
 8
 6
 5
 7
 10
 4
 3
 12
 5
 3
 2
 3
 4
 3
 1
 7
 8
 7
 2
 0
 2
 8
 4
 5
 4
 3
 0
 5
 4
 5
 5
 9
 2
 8
 5
 5
 4
 3
 4
 6
 4
 6
 1
 2
 4
 3
 6
 7
 1
 3
 7
 9
 3
 5
 3
 4
 3
 4
 4
 9
 1
 5
 4
 6
 11
 3
 6
 4
 2
 5
 6
 4
 1
 5
 2
 4
 4
 2
 5
 6
 3
 4
 2
 3
 3
 6
 6
 8
 2
 1
 6
 2
 4
 5
 1
 3
 4
 5
 3
 4
 1
 3
 0
 6
 7
 3
 2
 4
 1
 6
 4
 5
 2
 1
 2
 3
 4
 2
 5
 3
 4
 3
 6
 1
 5
 7
 4
 2
 9
 5
 4
 3
 9
 5
 3
 2
 6
 2
 3
 6
 3
 4
 3
 3
 4
 8
 8
 1
 2
 6
 2
 3
 0
 3
 5
 3
 2
 1
 4
 10
 0
 6
 1
 3
 5
 5
