VERSION:    3.1
ELEMENTS:              1
DATE:       MAR 10, 2010 23:49:24.889
CHANNELS:           4000
ROIS:        0
REAL_TIME:   463.8099976
LIVE_TIME:   400.4200134
CAL_OFFSET:  8.8112198e-002
CAL_SLOPE:   3.1493530e-002
CAL_QUAD:    0.0000000e+000
TWO_THETA:   9.9946346
DATA: 
 0
 0
 0
 0
 0
 0
 0
 0
 0
 0
 0
 0
 0
 0
 0
 0
 0
 0
 0
 0
 0
 0
 0
 0
 0
 0
 0
 0
 0
 0
 0
 0
 0
 0
 0
 0
 0
 0
 0
 0
 0
 0
 0
 0
 0
 0
 0
 0
 0
 0
 0
 0
 0
 0
 0
 0
 0
 0
 0
 0
 0
 0
 0
 0
 0
 0
 0
 0
 0
 0
 3
 60
 117
 102
 97
 116
 93
 111
 111
 116
 110
 125
 96
 124
 113
 116
 123
 102
 91
 113
 97
 98
 128
 112
 101
 119
 105
 114
 98
 108
 108
 118
 120
 103
 117
 113
 146
 108
 105
 119
 109
 123
 105
 131
 102
 123
 117
 115
 118
 119
 106
 119
 115
 117
 112
 135
 120
 97
 126
 119
 115
 120
 124
 125
 140
 112
 142
 108
 112
 134
 128
 147
 133
 119
 150
 140
 144
 155
 133
 133
 118
 130
 125
 136
 133
 131
 146
 135
 131
 122
 138
 133
 132
 140
 122
 135
 135
 134
 124
 147
 143
 145
 145
 132
 139
 137
 140
 184
 155
 142
 158
 159
 134
 173
 150
 156
 158
 141
 137
 133
 157
 150
 155
 157
 147
 146
 151
 150
 135
 154
 163
 139
 159
 154
 139
 156
 158
 176
 162
 149
 150
 152
 181
 171
 157
 159
 156
 152
 129
 152
 174
 170
 158
 162
 177
 148
 177
 143
 144
 162
 175
 171
 155
 151
 180
 144
 147
 186
 167
 164
 170
 180
 154
 173
 193
 152
 163
 167
 175
 166
 176
 169
 146
 173
 147
 163
 161
 173
 163
 177
 158
 159
 162
 171
 174
 184
 164
 177
 180
 170
 180
 169
 196
 173
 185
 172
 164
 162
 165
 170
 196
 162
 156
 174
 178
 169
 193
 157
 159
 179
 164
 172
 181
 163
 179
 190
 160
 186
 178
 157
 185
 186
 191
 181
 169
 175
 181
 196
 185
 196
 170
 169
 185
 188
 182
 175
 188
 167
 172
 205
 171
 178
 201
 189
 200
 182
 194
 173
 197
 187
 172
 183
 180
 195
 192
 209
 177
 171
 193
 197
 169
 218
 197
 186
 201
 214
 202
 203
 188
 199
 195
 207
 196
 203
 186
 205
 197
 204
 203
 212
 180
 216
 198
 166
 194
 198
 186
 213
 208
 202
 192
 184
 199
 183
 221
 212
 196
 182
 196
 189
 183
 182
 214
 198
 198
 214
 196
 224
 200
 202
 216
 197
 193
 214
 183
 190
 233
 203
 192
 231
 206
 199
 228
 195
 190
 229
 205
 210
 223
 189
 204
 212
 210
 220
 209
 187
 198
 220
 239
 210
 216
 197
 218
 224
 219
 196
 192
 212
 216
 192
 202
 216
 226
 227
 211
 241
 202
 277
 217
 213
 246
 225
 221
 234
 230
 221
 237
 220
 229
 196
 241
 221
 232
 244
 246
 243
 231
 245
 243
 256
 249
 231
 236
 274
 253
 253
 269
 262
 241
 281
 278
 244
 234
 288
 299
 304
 256
 274
 291
 282
 294
 300
 274
 265
 282
 284
 315
 252
 320
 315
 300
 305
 303
 332
 332
 344
 354
 372
 351
 380
 372
 348
 344
 336
 370
 335
 341
 355
 325
 312
 321
 314
 324
 359
 334
 299
 371
 356
 368
 368
 365
 385
 343
 346
 381
 381
 373
 342
 368
 373
 355
 409
 381
 380
 406
 388
 377
 364
 441
 426
 446
 455
 428
 422
 476
 468
 467
 440
 460
 488
 511
 479
 525
 514
 507
 499
 502
 490
 507
 549
 498
 536
 465
 481
 475
 504
 493
 468
 462
 532
 524
 548
 519
 508
 492
 539
 514
 529
 515
 561
 565
 522
 569
 563
 610
 563
 551
 580
 587
 578
 562
 601
 561
 581
 577
 601
 589
 594
 568
 597
 630
 613
 685
 591
 650
 634
 616
 650
 662
 652
 634
 682
 650
 684
 664
 700
 710
 684
 653
 717
 680
 677
 719
 733
 685
 715
 718
 752
 741
 714
 770
 697
 696
 701
 713
 722
 725
 795
 795
 764
 720
 729
 771
 826
 797
 759
 780
 814
 836
 831
 822
 809
 817
 812
 780
 795
 812
 811
 854
 826
 871
 853
 845
 869
 841
 845
 864
 869
 902
 859
 840
 912
 860
 956
 888
 933
 936
 931
 874
 936
 861
 927
 905
 996
 968
 932
 959
 919
 963
 942
 905
 943
 919
 926
 983
 962
 1052
 995
 1001
 1062
 943
 1014
 966
 999
 1024
 958
 1040
 975
 1021
 978
 1087
 1036
 1016
 1093
 1015
 1024
 1051
 1043
 1046
 1030
 1063
 1013
 1093
 1055
 1093
 1041
 1044
 1094
 1134
 1037
 1111
 1120
 1122
 1172
 1098
 1095
 1139
 1053
 1113
 1100
 1096
 1083
 1159
 1121
 1155
 1147
 1171
 1117
 1154
 1113
 1145
 1189
 1192
 1196
 1196
 1218
 1270
 1202
 1235
 1238
 1208
 1200
 1213
 1217
 1258
 1210
 1233
 1247
 1168
 1234
 1234
 1238
 1245
 1294
 1273
 1197
 1330
 1241
 1276
 1270
 1201
 1272
 1264
 1297
 1287
 1282
 1301
 1309
 1305
 1355
 1223
 1300
 1290
 1311
 1319
 1267
 1433
 1324
 1262
 1332
 1362
 1321
 1376
 1406
 1359
 1376
 1343
 1348
 1341
 1339
 1328
 1359
 1350
 1371
 1405
 1322
 1459
 1430
 1365
 1380
 1424
 1401
 1360
 1339
 1353
 1344
 1400
 1502
 1376
 1421
 1376
 1420
 1429
 1440
 1407
 1381
 1404
 1390
 1418
 1490
 1442
 1452
 1439
 1348
 1441
 1441
 1443
 1413
 1393
 1405
 1435
 1475
 1441
 1510
 1434
 1503
 1527
 1487
 1507
 1461
 1475
 1528
 1459
 1467
 1477
 1486
 1467
 1501
 1514
 1505
 1501
 1577
 1432
 1510
 1508
 1509
 1529
 1548
 1594
 1592
 1528
 1550
 1531
 1532
 1600
 1504
 1518
 1569
 1527
 1445
 1525
 1518
 1606
 1600
 1528
 1568
 1566
 1617
 1569
 1635
 1619
 1529
 1601
 1592
 1556
 1627
 1593
 1601
 1589
 1633
 1667
 1625
 1611
 1610
 1565
 1548
 1577
 1623
 1622
 1565
 1664
 1590
 1644
 1623
 1603
 1611
 1604
 1633
 1640
 1594
 1681
 1632
 1594
 1663
 1558
 1676
 1639
 1645
 1669
 1693
 1646
 1684
 1637
 1653
 1640
 1652
 1791
 1677
 1657
 1736
 1653
 1642
 1710
 1682
 1718
 1734
 1689
 1748
 1720
 1801
 1714
 1747
 1650
 1700
 1733
 1655
 1699
 1687
 1735
 1736
 1765
 1673
 1775
 1700
 1703
 1683
 1661
 1756
 1746
 1753
 1672
 1660
 1775
 1738
 1743
 1753
 1742
 1772
 1734
 1710
 1719
 1706
 1667
 1776
 1726
 1784
 1792
 1753
 1700
 1673
 1742
 1791
 1833
 1776
 1731
 1702
 1677
 1825
 1810
 1774
 1789
 1799
 1787
 1826
 1776
 1904
 1846
 1725
 1876
 1778
 1776
 1825
 1824
 1819
 1805
 1799
 1798
 1773
 1827
 1790
 1811
 1909
 1832
 1780
 1783
 1781
 1802
 1829
 1792
 1908
 1818
 1911
 1761
 1832
 1839
 1807
 1782
 1819
 1928
 1874
 1824
 1888
 1821
 1865
 1872
 1892
 1862
 1816
 1817
 1873
 1862
 1800
 1856
 1688
 1903
 1975
 1881
 1812
 1888
 1871
 1866
 1900
 1875
 1859
 1878
 1897
 1893
 1863
 1939
 1888
 1848
 1886
 1986
 1937
 1936
 1891
 1824
 1926
 1985
 1892
 1899
 1881
 1932
 1902
 1927
 1960
 2004
 1895
 1864
 1884
 1829
 1846
 1890
 1892
 1969
 2009
 1968
 1955
 1910
 1886
 1946
 1898
 1988
 1906
 1915
 1921
 1957
 2010
 1849
 1948
 1854
 1966
 1941
 1947
 1926
 1864
 1868
 1911
 1987
 1997
 1955
 1931
 2002
 2047
 2036
 2008
 1921
 1938
 1943
 2043
 1974
 1950
 2016
 1846
 1937
 1879
 1841
 1986
 1977
 1986
 1870
 2005
 2010
 2058
 1989
 1989
 2003
 2016
 1946
 2080
 1990
 2031
 1993
 1942
 1998
 2017
 1995
 2002
 2005
 1946
 2009
 2070
 1961
 1997
 1988
 2073
 2096
 1994
 2006
 2047
 2029
 1996
 1973
 1946
 2033
 2013
 2057
 2071
 1965
 1991
 2042
 2082
 2101
 2017
 2000
 2012
 1908
 1999
 1967
 2093
 1979
 2019
 1997
 2014
 2058
 2068
 1916
 1986
 2011
 2041
 2060
 2167
 2110
 2099
 2070
 1999
 2031
 2013
 1994
 2029
 2103
 2039
 2099
 2022
 1978
 2052
 2041
 2076
 2050
 2039
 2073
 2023
 2020
 2085
 2057
 2014
 2181
 2000
 2080
 2067
 2056
 2090
 2138
 2084
 2014
 2065
 2075
 2046
 2110
 2067
 2020
 2069
 2037
 1987
 2078
 2065
 2044
 2030
 2000
 2132
 2063
 2039
 2077
 2028
 2114
 2121
 2111
 2026
 2108
 2108
 2103
 2079
 2118
 2040
 2055
 2142
 2081
 2161
 2114
 2082
 2126
 2084
 2086
 2133
 2141
 2119
 2140
 2109
 2088
 2101
 2161
 2148
 2068
 2133
 2108
 2171
 2149
 2084
 2114
 2049
 2049
 2093
 2143
 2131
 2109
 2041
 2110
 2152
 2095
 2151
 2049
 2091
 2120
 2130
 2106
 2142
 2113
 1958
 2146
 2143
 2119
 2105
 2172
 2121
 2138
 2095
 2066
 2151
 2138
 2163
 2120
 2070
 2038
 2010
 2101
 2119
 2096
 2057
 2085
 2119
 2093
 2113
 2070
 2125
 2035
 2149
 2146
 1987
 2075
 2133
 2096
 2160
 2159
 1995
 2064
 2075
 2067
 2099
 2110
 2098
 2163
 2093
 2081
 2177
 2072
 2188
 2157
 2074
 2105
 2185
 2094
 2147
 2120
 2106
 2151
 2093
 2164
 2078
 2181
 2062
 2168
 2063
 2018
 2099
 2095
 2060
 2100
 2153
 2143
 2192
 2091
 2205
 2088
 2097
 2095
 2166
 2035
 2081
 2115
 2187
 2086
 2237
 2139
 2076
 2098
 2098
 2111
 2184
 2233
 2149
 2173
 2177
 2098
 2160
 2235
 2192
 2209
 2179
 2198
 2178
 2230
 2203
 2193
 2203
 2172
 2249
 2254
 2237
 2117
 2208
 2166
 2200
 2210
 2236
 2139
 2133
 2147
 2117
 2192
 2205
 2167
 2156
 2199
 2215
 2092
 2166
 2144
 2210
 2278
 2154
 2096
 2227
 2181
 2147
 2090
 2126
 2123
 2087
 2185
 2158
 2110
 2168
 2109
 2087
 2168
 2096
 2158
 2060
 2110
 2076
 2121
 2088
 2112
 2140
 2085
 2127
 2084
 2125
 2161
 2072
 2094
 2167
 2097
 2036
 2041
 2129
 2108
 2042
 2043
 2000
 2021
 2116
 2046
 2084
 2058
 2072
 2046
 2029
 2040
 1981
 2085
 2037
 2058
 1993
 2012
 2050
 2071
 2036
 2005
 2041
 2067
 2045
 2077
 2092
 2032
 2067
 2046
 2007
 2012
 2037
 2124
 1921
 2046
 2072
 1952
 2025
 2049
 1983
 2087
 1980
 1994
 2027
 2063
 2092
 2030
 2006
 2008
 2004
 2002
 1917
 2052
 2013
 2049
 1983
 1963
 2027
 1925
 1984
 2003
 2009
 1939
 1980
 1957
 1999
 1982
 1968
 2039
 2005
 1902
 1977
 2032
 1971
 1918
 1995
 1993
 1991
 2013
 1975
 2014
 1921
 1900
 2011
 1919
 1922
 2024
 1932
 1915
 1962
 1981
 1911
 1992
 1887
 1871
 1940
 1925
 1992
 1945
 1939
 1998
 2008
 1920
 1945
 1892
 1978
 1981
 2007
 1932
 2027
 1900
 2035
 1939
 1859
 1963
 1948
 1961
 1952
 1895
 1948
 1968
 1886
 1936
 1988
 1902
 1925
 1844
 1945
 1948
 1904
 1971
 1875
 1861
 1948
 1873
 1927
 1898
 1921
 1900
 1944
 1964
 1873
 2028
 1881
 1797
 1899
 1933
 1947
 1912
 1934
 1929
 1893
 1904
 1857
 1921
 1832
 1874
 1986
 1835
 1854
 1928
 1908
 1852
 1946
 1831
 1894
 1862
 1875
 1956
 1886
 1805
 1804
 1820
 1803
 1947
 1858
 1884
 1814
 1810
 1916
 1888
 1878
 1828
 1827
 1877
 1851
 1877
 1852
 1866
 1814
 1889
 1941
 1821
 1901
 1831
 1847
 1858
 1822
 1978
 1943
 1849
 1839
 1779
 1892
 1900
 1852
 1835
 1842
 1849
 1911
 1891
 1841
 1815
 1866
 1806
 1783
 1789
 1904
 1790
 1827
 1855
 1855
 1818
 1847
 1839
 1847
 1818
 1820
 1843
 1762
 1858
 1898
 1819
 1833
 1854
 1865
 1782
 1829
 1870
 1886
 1787
 1864
 1852
 1871
 1841
 1801
 1888
 1820
 1879
 1763
 1894
 1765
 1850
 1859
 1804
 1857
 1798
 1818
 1846
 1862
 1842
 1797
 1828
 1850
 1914
 1820
 1847
 1855
 1789
 1923
 1798
 1804
 1814
 1828
 1784
 1870
 1864
 1851
 1843
 1827
 1773
 1841
 1781
 1749
 1909
 1766
 1728
 1775
 1869
 1819
 1809
 1830
 1799
 1797
 1837
 1793
 1862
 1768
 1765
 1844
 1880
 1873
 1673
 1867
 1788
 1801
 1815
 1928
 1725
 1748
 1832
 1836
 1765
 1824
 1806
 1793
 1815
 1778
 1768
 1748
 1746
 1753
 1845
 1799
 1768
 1753
 1714
 1836
 1746
 1813
 1817
 1773
 1782
 1799
 1771
 1741
 1731
 1718
 1844
 1798
 1684
 1761
 1760
 1809
 1697
 1783
 1760
 1773
 1813
 1852
 1720
 1780
 1745
 1815
 1786
 1748
 1763
 1801
 1827
 1772
 1794
 1828
 1756
 1710
 1771
 1747
 1854
 1823
 1826
 1711
 1775
 1765
 1768
 1803
 1892
 1724
 1814
 1844
 1793
 1756
 1777
 1843
 1775
 1809
 1816
 1829
 1774
 1834
 1855
 1849
 1851
 1885
 1855
 1837
 1785
 1837
 1820
 1843
 1748
 1784
 1777
 1778
 1778
 1794
 1827
 1719
 1761
 1928
 1783
 1808
 1778
 1774
 1819
 1733
 1756
 1768
 1754
 1826
 1795
 1798
 1778
 1738
 1860
 1766
 1793
 1771
 1787
 1798
 1761
 1806
 1788
 1703
 1753
 1794
 1760
 1825
 1707
 1764
 1751
 1771
 1743
 1821
 1751
 1761
 1743
 1776
 1785
 1714
 1781
 1793
 1701
 1719
 1719
 1768
 1747
 1746
 1699
 1771
 1800
 1698
 1747
 1717
 1755
 1805
 1738
 1795
 1796
 1797
 1712
 1768
 1779
 1676
 1771
 1692
 1752
 1755
 1788
 1843
 1794
 1691
 1806
 1756
 1754
 1748
 1698
 1783
 1784
 1818
 1847
 1797
 1791
 1660
 1807
 1735
 1692
 1760
 1776
 1788
 1753
 1746
 1766
 1842
 1779
 1788
 1793
 1737
 1765
 1743
 1853
 1780
 1885
 1728
 1758
 1809
 1667
 1779
 1830
 1775
 1770
 1750
 1668
 1761
 1740
 1777
 1786
 1854
 1787
 1799
 1808
 1720
 1773
 1803
 1835
 1765
 1806
 1770
 1780
 1833
 1820
 1775
 1833
 1694
 1835
 1761
 1889
 1823
 1803
 1765
 1836
 1915
 1821
 1767
 1833
 1822
 1966
 1797
 1792
 1796
 1884
 1815
 1891
 1750
 1881
 1786
 1831
 1827
 1889
 1858
 1874
 1854
 1906
 1805
 1817
 1821
 1858
 1784
 1856
 1830
 1794
 1795
 1830
 1755
 1857
 1841
 1804
 1800
 1808
 1783
 1779
 1798
 1818
 1773
 1900
 1816
 1764
 1829
 1854
 1826
 1801
 1826
 1850
 1814
 1768
 1771
 1852
 1900
 1806
 1804
 1824
 1879
 1852
 1820
 1822
 1780
 1863
 1893
 1849
 1786
 1886
 1846
 1836
 1739
 1785
 1914
 1802
 1795
 1836
 1809
 1852
 1907
 1828
 1790
 1911
 1898
 1858
 1867
 1845
 1961
 1874
 1897
 1925
 1859
 1874
 1935
 1849
 1836
 1956
 1854
 1835
 1920
 1873
 1957
 1943
 1924
 1861
 1893
 1883
 1894
 1840
 1910
 1827
 1855
 1897
 1875
 1884
 1834
 1840
 1853
 1877
 1809
 1923
 1862
 1904
 1844
 1909
 1940
 1947
 1837
 1976
 1934
 1961
 1906
 1897
 1857
 1908
 1839
 1828
 1849
 1836
 1869
 1935
 1929
 1806
 1864
 1878
 1865
 1887
 1907
 1853
 1963
 1971
 1919
 1910
 1849
 1916
 1805
 1821
 1774
 1863
 1753
 1748
 1707
 1739
 1649
 1626
 1642
 1661
 1529
 1644
 1554
 1554
 1473
 1559
 1514
 1522
 1394
 1456
 1520
 1492
 1514
 1491
 1495
 1465
 1505
 1452
 1498
 1536
 1481
 1473
 1542
 1515
 1478
 1473
 1491
 1471
 1481
 1500
 1440
 1491
 1467
 1484
 1434
 1498
 1418
 1481
 1476
 1450
 1495
 1517
 1417
 1479
 1516
 1394
 1452
 1400
 1381
 1503
 1431
 1409
 1379
 1407
 1411
 1373
 1386
 1375
 1387
 1379
 1387
 1412
 1365
 1366
 1475
 1420
 1396
 1415
 1341
 1384
 1410
 1321
 1417
 1413
 1452
 1439
 1430
 1318
 1417
 1395
 1438
 1363
 1395
 1364
 1436
 1435
 1396
 1362
 1425
 1390
 1411
 1490
 1366
 1435
 1345
 1376
 1436
 1361
 1379
 1410
 1378
 1415
 1392
 1351
 1397
 1408
 1417
 1466
 1458
 1418
 1457
 1460
 1397
 1416
 1444
 1404
 1386
 1356
 1413
 1418
 1355
 1443
 1340
 1355
 1379
 1448
 1402
 1388
 1448
 1396
 1437
 1380
 1425
 1430
 1410
 1370
 1386
 1437
 1399
 1422
 1385
 1373
 1404
 1401
 1406
 1334
 1388
 1429
 1415
 1336
 1392
 1419
 1370
 1413
 1414
 1386
 1378
 1341
 1434
 1424
 1328
 1397
 1389
 1365
 1345
 1407
 1409
 1352
 1417
 1397
 1416
 1362
 1393
 1408
 1383
 1415
 1400
 1476
 1395
 1420
 1411
 1412
 1428
 1426
 1383
 1466
 1395
 1373
 1385
 1396
 1417
 1387
 1466
 1489
 1475
 1441
 1492
 1464
 1396
 1421
 1467
 1385
 1430
 1436
 1433
 1433
 1520
 1471
 1426
 1480
 1474
 1432
 1489
 1490
 1434
 1501
 1441
 1410
 1439
 1464
 1502
 1467
 1476
 1450
 1389
 1420
 1369
 1438
 1394
 1444
 1393
 1440
 1385
 1446
 1401
 1399
 1388
 1357
 1466
 1439
 1449
 1371
 1327
 1411
 1391
 1368
 1329
 1412
 1319
 1380
 1366
 1325
 1334
 1418
 1374
 1354
 1378
 1350
 1362
 1362
 1343
 1346
 1324
 1407
 1398
 1393
 1365
 1325
 1342
 1461
 1377
 1402
 1344
 1370
 1342
 1359
 1366
 1358
 1329
 1399
 1376
 1316
 1335
 1357
 1356
 1383
 1369
 1353
 1408
 1292
 1365
 1369
 1344
 1310
 1369
 1357
 1315
 1343
 1382
 1385
 1358
 1314
 1392
 1401
 1351
 1396
 1357
 1311
 1277
 1319
 1382
 1361
 1394
 1344
 1340
 1315
 1303
 1315
 1337
 1361
 1387
 1380
 1350
 1337
 1298
 1334
 1342
 1343
 1359
 1404
 1316
 1417
 1361
 1270
 1339
 1320
 1348
 1358
 1350
 1317
 1357
 1351
 1323
 1278
 1334
 1301
 1355
 1295
 1319
 1338
 1332
 1295
 1285
 1312
 1266
 1334
 1327
 1311
 1361
 1303
 1311
 1273
 1292
 1274
 1252
 1327
 1334
 1238
 1287
 1274
 1274
 1298
 1209
 1291
 1259
 1263
 1358
 1275
 1248
 1308
 1234
 1322
 1341
 1290
 1330
 1345
 1301
 1291
 1280
 1262
 1259
 1258
 1271
 1237
 1217
 1243
 1276
 1282
 1278
 1265
 1205
 1283
 1247
 1246
 1270
 1204
 1267
 1310
 1294
 1257
 1282
 1228
 1211
 1206
 1306
 1245
 1222
 1227
 1256
 1231
 1241
 1255
 1186
 1281
 1229
 1291
 1195
 1183
 1180
 1246
 1173
 1195
 1175
 1246
 1217
 1213
 1175
 1265
 1164
 1221
 1167
 1163
 1197
 1152
 1152
 1177
 1240
 1205
 1174
 1152
 1127
 1161
 1128
 1178
 1212
 1127
 1168
 1136
 1149
 1172
 1191
 1120
 1207
 1113
 1094
 1213
 1171
 1160
 1141
 1080
 1173
 1145
 1195
 1125
 1087
 1147
 1134
 1078
 1092
 1101
 1116
 1100
 1099
 1130
 1098
 1161
 1125
 1130
 1075
 1119
 1180
 1114
 1044
 1081
 1088
 1123
 1116
 1054
 1079
 1063
 1096
 1100
 1092
 1086
 1091
 1124
 1104
 1109
 1099
 1093
 1046
 1098
 1083
 1062
 1095
 1068
 1042
 1043
 1063
 1035
 1015
 1015
 1104
 1079
 994
 1002
 1055
 1032
 1027
 1037
 1067
 1022
 998
 1017
 1031
 994
 1031
 1016
 1037
 1068
 1044
 970
 988
 1026
 1026
 992
 964
 1003
 997
 1067
 998
 948
 966
 1065
 993
 940
 1002
 1039
 914
 991
 1031
 897
 963
 951
 970
 957
 949
 956
 959
 963
 953
 988
 963
 940
 915
 883
 882
 958
 945
 949
 907
 933
 897
 932
 906
 962
 951
 896
 870
 888
 868
 873
 915
 886
 957
 911
 907
 888
 975
 918
 901
 902
 884
 898
 895
 895
 862
 830
 906
 876
 849
 869
 797
 832
 878
 853
 897
 917
 853
 856
 886
 859
 846
 873
 876
 871
 804
 805
 813
 861
 816
 848
 829
 810
 824
 800
 768
 834
 797
 810
 862
 820
 767
 785
 794
 762
 821
 792
 812
 737
 748
 758
 767
 753
 767
 792
 847
 750
 798
 819
 782
 782
 741
 773
 819
 726
 783
 745
 803
 831
 747
 759
 703
 785
 767
 709
 756
 744
 774
 738
 744
 757
 687
 716
 752
 725
 699
 729
 726
 673
 701
 705
 714
 744
 724
 732
 726
 682
 701
 721
 721
 706
 665
 669
 685
 685
 689
 687
 652
 671
 667
 698
 628
 667
 668
 662
 607
 682
 638
 675
 651
 652
 669
 639
 674
 655
 656
 637
 659
 659
 578
 642
 613
 666
 583
 655
 629
 670
 626
 594
 630
 615
 580
 593
 651
 629
 673
 581
 584
 606
 582
 603
 587
 593
 628
 584
 569
 564
 579
 567
 589
 585
 554
 562
 567
 594
 570
 541
 567
 555
 543
 552
 561
 577
 566
 574
 553
 584
 539
 587
 563
 545
 520
 561
 561
 534
 504
 522
 511
 510
 552
 536
 552
 459
 488
 500
 529
 498
 522
 532
 544
 564
 541
 530
 581
 516
 553
 526
 518
 517
 531
 504
 487
 529
 483
 515
 502
 525
 517
 492
 478
 509
 533
 495
 502
 483
 457
 469
 528
 469
 519
 453
 461
 445
 470
 466
 464
 485
 467
 501
 450
 457
 506
 489
 467
 455
 481
 463
 447
 448
 477
 445
 460
 471
 482
 472
 447
 420
 442
 490
 458
 443
 442
 438
 460
 487
 455
 424
 420
 441
 421
 403
 420
 441
 405
 413
 445
 415
 419
 426
 400
 430
 452
 435
 386
 387
 418
 427
 375
 390
 392
 405
 410
 444
 404
 421
 429
 397
 365
 424
 386
 391
 389
 388
 415
 426
 366
 396
 407
 412
 382
 382
 364
 399
 368
 347
 390
 351
 363
 363
 382
 380
 385
 349
 363
 369
 382
 394
 357
 382
 382
 355
 339
 355
 391
 370
 422
 370
 357
 382
 352
 341
 356
 337
 375
 366
 354
 343
 349
 343
 343
 334
 350
 347
 343
 346
 369
 339
 358
 310
 343
 354
 362
 365
 354
 310
 315
 323
 318
 344
 339
 319
 309
 359
 341
 287
 364
 324
 302
 340
 319
 323
 316
 294
 301
 301
 310
 310
 333
 310
 307
 313
 292
 336
 308
 295
 285
 291
 323
 309
 317
 311
 302
 306
 324
 292
 334
 297
 284
 285
 279
 284
 300
 304
 294
 288
 307
 334
 279
 334
 318
 288
 329
 286
 299
 331
 299
 295
 265
 293
 312
 251
 279
 276
 305
 285
 300
 266
 272
 297
 266
 292
 309
 254
 299
 285
 270
 263
 267
 280
 290
 272
 284
 288
 304
 273
 307
 260
 260
 329
 311
 291
 293
 310
 337
 296
 305
 280
 320
 302
 289
 319
 312
 322
 302
 321
 328
 311
 328
 330
 315
 306
 302
 318
 327
 326
 327
 331
 344
 376
 316
 341
 388
 387
 361
 375
 382
 376
 420
 383
 411
 406
 430
 408
 449
 424
 421
 412
 415
 426
 433
 445
 451
 439
 475
 451
 480
 495
 511
 487
 506
 500
 518
 532
 476
 497
 521
 529
 516
 536
 486
 534
 513
 562
 510
 493
 554
 574
 513
 522
 502
 520
 487
 560
 522
 471
 520
 504
 556
 527
 541
 572
 607
 586
 577
 587
 621
 662
 675
 691
 691
 714
 755
 762
 790
 753
 838
 854
 811
 841
 845
 835
 818
 850
 901
 833
 896
 839
 834
 792
 769
 755
 735
 761
 612
 665
 663
 646
 581
 577
 499
 487
 442
 430
 401
 402
 374
 338
 325
 322
 284
 276
 274
 268
 263
 217
 248
 227
 207
 212
 185
 203
 183
 194
 157
 202
 175
 177
 159
 190
 172
 165
 196
 177
 177
 169
 176
 170
 163
 162
 152
 153
 173
 167
 134
 168
 169
 175
 173
 155
 148
 166
 161
 163
 157
 143
 174
 163
 171
 165
 134
 154
 146
 161
 142
 147
 168
 165
 133
 173
 153
 147
 146
 136
 153
 163
 144
 155
 166
 144
 156
 133
 148
 140
 135
 133
 133
 124
 178
 143
 144
 164
 140
 148
 145
 132
 147
 142
 147
 139
 150
 128
 118
 131
 150
 146
 127
 148
 120
 133
 115
 146
 127
 138
 160
 147
 134
 134
 140
 121
 147
 138
 113
 139
 138
 147
 131
 142
 126
 113
 142
 119
 122
 138
 133
 148
 135
 120
 147
 131
 136
 114
 128
 137
 110
 116
 132
 115
 132
 119
 128
 125
 116
 130
 131
 139
 108
 114
 128
 126
 128
 138
 138
 131
 125
 120
 118
 109
 121
 121
 130
 102
 124
 112
 91
 128
 127
 104
 102
 120
 92
 113
 116
 105
 123
 131
 104
 118
 119
 112
 97
 101
 108
 102
 102
 123
 117
 123
 100
 107
 110
 103
 105
 100
 103
 105
 102
 105
 110
 115
 129
 116
 99
 101
 110
 127
 114
 108
 107
 87
 105
 109
 113
 102
 106
 122
 90
 113
 106
 108
 99
 108
 103
 98
 115
 97
 96
 93
 105
 107
 105
 86
 94
 88
 80
 92
 104
 98
 92
 97
 124
 106
 95
 95
 110
 116
 112
 82
 85
 92
 109
 87
 95
 84
 92
 95
 90
 93
 88
 96
 80
 108
 95
 85
 87
 88
 93
 89
 92
 95
 107
 89
 88
 105
 80
 76
 102
 81
 89
 91
 77
 80
 96
 86
 96
 98
 92
 102
 79
 90
 78
 87
 82
 93
 85
 80
 81
 104
 73
 73
 78
 97
 75
 94
 90
 100
 87
 98
 78
 74
 87
 93
 68
 87
 93
 87
 89
 75
 92
 92
 84
 79
 90
 84
 91
 87
 78
 92
 89
 99
 90
 81
 85
 110
 79
 81
 82
 74
 83
 95
 88
 69
 70
 98
 85
 82
 86
 76
 91
 84
 77
 100
 74
 86
 66
 95
 67
 81
 85
 77
 67
 92
 72
 77
 89
 70
 76
 79
 69
 69
 92
 67
 72
 74
 73
 71
 86
 75
 59
 80
 73
 87
 64
 77
 63
 75
 69
 75
 71
 64
 61
 71
 64
 49
 70
 84
 55
 78
 82
 75
 91
 63
 63
 68
 73
 70
 87
 64
 52
 78
 57
 77
 63
 79
 80
 82
 75
 69
 72
 79
 71
 68
 70
 62
 78
 63
 75
 57
 76
 58
 78
 65
 74
 65
 68
 79
 69
 69
 77
 68
 81
 51
 78
 51
 82
 81
 62
 63
 63
 71
 59
 59
 62
 60
 61
 66
 65
 74
 63
 67
 57
 68
 66
 66
 60
 69
 82
 73
 67
 68
 62
 68
 70
 61
 62
 62
 58
 77
 60
 67
 62
 69
 67
 70
 72
 61
 61
 70
 65
 73
 58
 57
 77
 68
 43
 68
 67
 58
 64
 69
 59
 60
 70
 54
 56
 58
 76
 53
 70
 61
 61
 59
 62
 66
 52
 54
 60
 70
 46
 52
 61
 46
 60
 59
 59
 55
 64
 64
 67
 65
 65
 49
 54
 65
 62
 48
 44
 69
 71
 55
 60
 56
 48
 55
 56
 61
 46
 54
 50
 57
 68
 62
 60
 47
 56
 54
 52
 51
 57
 71
 64
 58
 61
 60
 54
 52
 52
 56
 53
 59
 52
 53
 50
 57
 52
 54
 52
 51
 56
 62
 59
 73
 49
 64
 43
 61
 59
 47
 59
 70
 50
 60
 48
 58
 50
