VERSION:    3.1
ELEMENTS:              1
DATE:       JUN 11, 2017 15:58:42.**
CHANNELS:           4000
ROIS:        0
REAL_TIME:   229.8200073
LIVE_TIME:   200.1499939
CAL_OFFSET:  6.7178987e-002
CAL_SLOPE:   3.1603590e-002
CAL_QUAD:    0.0000000e+000
TWO_THETA:   15.0033941
DATA: 
 0
 0
 0
 0
 0
 0
 0
 0
 0
 0
 0
 0
 0
 0
 0
 0
 0
 0
 0
 0
 0
 0
 0
 0
 0
 0
 0
 0
 0
 0
 0
 0
 0
 0
 0
 0
 0
 0
 0
 0
 0
 0
 0
 0
 0
 0
 0
 0
 0
 0
 0
 0
 0
 0
 0
 0
 0
 0
 0
 0
 0
 0
 0
 0
 0
 0
 0
 0
 0
 0
 4
 27
 32
 32
 31
 26
 20
 39
 16
 26
 20
 24
 26
 19
 24
 27
 29
 25
 24
 21
 21
 26
 23
 27
 24
 25
 39
 26
 18
 31
 31
 30
 23
 34
 22
 30
 21
 28
 25
 26
 19
 30
 29
 26
 27
 32
 24
 41
 41
 30
 35
 23
 30
 18
 34
 35
 37
 24
 20
 32
 40
 46
 37
 39
 47
 33
 32
 38
 39
 38
 43
 45
 41
 32
 40
 37
 51
 44
 56
 39
 45
 44
 51
 43
 48
 64
 52
 49
 49
 70
 70
 51
 56
 83
 70
 71
 68
 80
 105
 78
 83
 90
 82
 107
 88
 91
 100
 125
 107
 123
 128
 125
 124
 131
 152
 136
 148
 134
 141
 153
 144
 174
 164
 172
 165
 157
 179
 164
 178
 200
 171
 154
 164
 161
 175
 171
 166
 171
 158
 193
 161
 189
 187
 198
 178
 187
 176
 177
 185
 188
 168
 235
 214
 193
 222
 212
 184
 183
 212
 217
 228
 209
 206
 218
 186
 218
 229
 220
 195
 208
 228
 215
 208
 214
 209
 227
 240
 223
 228
 196
 191
 225
 228
 222
 245
 192
 206
 207
 195
 225
 197
 212
 226
 208
 192
 215
 203
 218
 206
 211
 199
 229
 201
 197
 222
 198
 222
 202
 190
 195
 207
 208
 214
 185
 223
 216
 223
 194
 178
 223
 198
 200
 236
 204
 197
 222
 187
 235
 212
 192
 232
 203
 206
 235
 196
 198
 199
 190
 219
 198
 181
 226
 212
 217
 157
 183
 185
 209
 198
 194
 191
 207
 186
 196
 158
 194
 197
 205
 198
 220
 211
 186
 194
 190
 178
 185
 180
 179
 178
 214
 171
 191
 206
 191
 186
 159
 187
 176
 162
 166
 178
 178
 177
 181
 178
 184
 162
 166
 177
 169
 203
 165
 177
 173
 161
 169
 169
 157
 167
 169
 164
 179
 195
 156
 162
 150
 149
 150
 163
 147
 147
 178
 154
 148
 163
 136
 157
 154
 135
 169
 156
 171
 128
 141
 129
 144
 157
 131
 126
 141
 112
 133
 134
 136
 139
 121
 129
 136
 132
 122
 143
 131
 110
 117
 123
 102
 97
 113
 133
 106
 119
 113
 116
 105
 115
 122
 111
 121
 105
 97
 94
 91
 90
 94
 82
 78
 109
 85
 88
 91
 99
 87
 88
 78
 82
 95
 78
 91
 72
 96
 82
 92
 80
 90
 80
 82
 63
 82
 76
 76
 90
 74
 71
 54
 78
 67
 68
 70
 77
 68
 69
 71
 56
 72
 65
 80
 60
 63
 68
 63
 68
 61
 56
 66
 64
 66
 51
 63
 71
 53
 69
 70
 77
 47
 47
 59
 46
 52
 57
 69
 56
 49
 59
 57
 47
 42
 60
 67
 62
 50
 61
 56
 44
 54
 48
 58
 49
 57
 48
 47
 51
 55
 45
 44
 59
 49
 51
 47
 42
 34
 63
 51
 44
 50
 61
 50
 52
 54
 52
 46
 54
 41
 37
 39
 37
 48
 44
 47
 37
 42
 32
 33
 33
 35
 30
 45
 37
 27
 38
 53
 34
 43
 50
 40
 46
 31
 30
 30
 44
 29
 39
 38
 45
 36
 32
 47
 27
 37
 39
 34
 43
 30
 38
 35
 32
 41
 23
 24
 33
 26
 44
 39
 43
 34
 41
 31
 30
 34
 33
 31
 30
 33
 34
 26
 38
 29
 30
 22
 24
 21
 27
 38
 33
 36
 36
 42
 26
 36
 28
 29
 43
 32
 31
 36
 25
 43
 29
 27
 29
 26
 34
 26
 32
 23
 29
 29
 37
 19
 29
 21
 17
 28
 28
 28
 30
 28
 29
 27
 23
 22
 34
 23
 32
 20
 24
 29
 28
 25
 34
 14
 17
 25
 21
 21
 34
 35
 22
 30
 27
 22
 19
 27
 18
 23
 25
 36
 26
 24
 24
 23
 30
 31
 27
 27
 19
 20
 22
 21
 21
 22
 32
 25
 22
 20
 21
 27
 25
 26
 18
 24
 24
 22
 22
 21
 29
 16
 23
 24
 20
 20
 17
 24
 15
 22
 29
 21
 17
 22
 22
 16
 10
 24
 21
 24
 27
 13
 20
 23
 18
 21
 19
 17
 18
 26
 17
 20
 22
 22
 15
 27
 23
 25
 16
 16
 25
 17
 22
 21
 16
 13
 21
 19
 27
 22
 19
 15
 20
 18
 26
 23
 22
 23
 26
 20
 22
 26
 24
 30
 11
 14
 22
 29
 26
 17
 18
 20
 21
 14
 22
 8
 22
 15
 15
 17
 26
 17
 19
 19
 17
 24
 8
 14
 19
 27
 19
 15
 18
 21
 20
 17
 17
 14
 19
 25
 18
 17
 20
 19
 14
 18
 16
 17
 26
 9
 14
 20
 22
 21
 8
 18
 15
 14
 12
 16
 21
 21
 23
 14
 9
 15
 14
 17
 17
 11
 20
 21
 16
 13
 17
 20
 17
 23
 15
 19
 21
 12
 10
 11
 15
 11
 17
 19
 17
 10
 17
 27
 8
 21
 29
 10
 24
 17
 17
 11
 15
 13
 15
 15
 16
 11
 10
 18
 15
 18
 19
 24
 19
 13
 24
 11
 24
 21
 15
 20
 18
 18
 15
 7
 27
 18
 18
 22
 13
 18
 14
 14
 11
 19
 21
 10
 12
 19
 13
 20
 14
 19
 14
 20
 18
 16
 16
 19
 10
 14
 9
 22
 9
 16
 19
 24
 14
 19
 12
 14
 16
 11
 13
 14
 12
 16
 20
 17
 16
 18
 19
 9
 14
 9
 13
 10
 22
 17
 21
 22
 21
 24
 20
 22
 18
 25
 14
 19
 20
 22
 22
 18
 18
 20
 27
 15
 21
 22
 23
 22
 8
 22
 15
 16
 15
 20
 10
 12
 16
 21
 20
 12
 15
 11
 15
 10
 10
 11
 20
 20
 15
 16
 24
 21
 10
 15
 18
 19
 14
 14
 19
 14
 17
 18
 21
 20
 12
 12
 14
 10
 12
 17
 18
 21
 24
 25
 10
 19
 27
 22
 20
 14
 23
 14
 17
 23
 13
 19
 18
 17
 24
 19
 7
 15
 14
 21
 20
 19
 17
 23
 14
 15
 16
 18
 19
 20
 18
 24
 20
 20
 14
 19
 12
 26
 24
 19
 28
 25
 21
 18
 19
 30
 22
 19
 27
 23
 25
 17
 22
 20
 26
 20
 16
 17
 17
 16
 26
 22
 23
 24
 20
 29
 32
 19
 20
 30
 22
 26
 23
 16
 26
 15
 18
 18
 25
 29
 31
 26
 27
 16
 32
 27
 28
 15
 22
 26
 22
 22
 25
 29
 33
 32
 25
 20
 36
 38
 28
 31
 24
 27
 29
 32
 23
 37
 28
 40
 30
 33
 28
 27
 24
 34
 29
 32
 26
 34
 25
 30
 28
 23
 34
 32
 23
 29
 38
 36
 27
 27
 27
 36
 33
 40
 43
 35
 32
 34
 36
 34
 38
 46
 30
 32
 31
 31
 28
 40
 37
 39
 34
 31
 39
 30
 40
 36
 31
 43
 46
 48
 40
 37
 44
 48
 47
 46
 28
 40
 38
 33
 40
 37
 38
 60
 49
 40
 43
 36
 36
 45
 52
 38
 47
 57
 58
 49
 54
 39
 47
 54
 44
 44
 70
 46
 39
 70
 46
 45
 49
 53
 54
 55
 65
 55
 45
 34
 60
 53
 58
 65
 53
 62
 56
 57
 46
 68
 55
 45
 53
 61
 59
 60
 68
 70
 66
 61
 52
 62
 60
 67
 55
 80
 67
 59
 90
 68
 72
 70
 76
 65
 66
 72
 105
 86
 98
 120
 132
 129
 159
 201
 219
 250
 268
 279
 334
 339
 308
 326
 363
 340
 277
 298
 286
 224
 202
 226
 187
 174
 132
 138
 138
 94
 118
 112
 114
 102
 89
 96
 102
 88
 89
 97
 84
 93
 68
 68
 75
 94
 80
 82
 100
 77
 88
 91
 89
 118
 85
 91
 65
 111
 84
 105
 92
 88
 77
 86
 65
 93
 102
 99
 108
 99
 97
 108
 101
 92
 94
 103
 88
 100
 77
 112
 114
 104
 107
 94
 114
 97
 103
 105
 114
 96
 93
 102
 120
 105
 111
 105
 107
 130
 130
 101
 100
 97
 133
 114
 116
 134
 113
 116
 112
 111
 94
 121
 114
 101
 107
 135
 112
 127
 130
 120
 101
 119
 124
 112
 158
 134
 109
 107
 155
 127
 120
 135
 133
 136
 132
 121
 129
 145
 140
 157
 155
 140
 115
 117
 113
 123
 129
 140
 136
 139
 134
 128
 144
 118
 131
 125
 125
 144
 143
 139
 147
 153
 154
 153
 160
 142
 140
 131
 138
 155
 155
 161
 155
 141
 139
 154
 139
 141
 139
 157
 157
 155
 151
 144
 164
 157
 172
 149
 153
 165
 152
 161
 159
 172
 173
 177
 156
 149
 161
 178
 166
 175
 153
 152
 159
 156
 183
 173
 168
 162
 197
 167
 183
 186
 185
 194
 202
 171
 218
 185
 187
 174
 154
 181
 199
 183
 190
 206
 177
 179
 195
 196
 196
 218
 198
 207
 191
 182
 196
 214
 187
 212
 235
 201
 206
 197
 212
 203
 188
 211
 207
 230
 233
 227
 194
 224
 220
 232
 217
 232
 245
 225
 234
 213
 227
 219
 271
 230
 219
 231
 243
 245
 219
 246
 239
 218
 251
 248
 265
 239
 216
 245
 244
 214
 256
 252
 268
 246
 235
 283
 232
 265
 260
 228
 255
 276
 245
 268
 244
 227
 256
 260
 282
 265
 236
 269
 292
 268
 252
 261
 274
 276
 292
 245
 301
 250
 295
 260
 295
 291
 269
 279
 290
 296
 283
 319
 303
 286
 312
 319
 287
 286
 301
 301
 302
 303
 291
 262
 303
 300
 299
 341
 318
 274
 297
 301
 297
 340
 340
 320
 320
 308
 343
 297
 334
 345
 335
 313
 360
 349
 339
 345
 341
 339
 354
 338
 370
 337
 364
 354
 329
 364
 306
 353
 329
 363
 363
 345
 367
 372
 365
 353
 406
 356
 359
 384
 381
 397
 390
 349
 364
 347
 380
 400
 365
 367
 391
 393
 384
 387
 397
 429
 391
 398
 405
 411
 433
 417
 395
 392
 434
 426
 404
 420
 430
 413
 439
 407
 407
 417
 423
 470
 433
 430
 407
 501
 401
 447
 481
 483
 503
 466
 452
 492
 494
 442
 465
 510
 454
 507
 515
 515
 494
 509
 474
 476
 481
 506
 482
 470
 491
 507
 539
 496
 510
 533
 509
 556
 532
 510
 511
 523
 519
 529
 499
 549
 527
 547
 543
 504
 519
 536
 555
 551
 552
 558
 577
 566
 604
 596
 566
 602
 583
 616
 580
 553
 583
 583
 649
 580
 617
 608
 657
 616
 587
 626
 638
 582
 640
 644
 620
 583
 583
 650
 636
 620
 690
 659
 648
 627
 671
 678
 636
 673
 701
 630
 617
 719
 718
 697
 713
 676
 709
 728
 699
 666
 674
 702
 744
 714
 763
 725
 777
 773
 719
 762
 772
 763
 768
 707
 752
 780
 800
 793
 818
 763
 824
 802
 803
 792
 837
 847
 833
 759
 845
 827
 853
 828
 882
 813
 803
 874
 844
 880
 812
 870
 874
 868
 936
 896
 890
 881
 896
 893
 934
 977
 923
 877
 956
 878
 933
 960
 938
 977
 973
 982
 952
 1042
 978
 991
 1017
 993
 966
 1014
 1015
 1037
 1047
 1059
 1086
 953
 1040
 984
 1062
 1075
 1033
 1043
 1162
 1036
 1074
 1103
 1133
 1076
 1154
 1144
 1130
 1183
 1155
 1139
 1180
 1196
 1158
 1142
 1161
 1193
 1218
 1222
 1167
 1216
 1227
 1215
 1280
 1289
 1197
 1260
 1257
 1281
 1269
 1313
 1275
 1249
 1309
 1339
 1373
 1345
 1369
 1364
 1321
 1278
 1311
 1387
 1297
 1422
 1431
 1395
 1431
 1424
 1381
 1451
 1461
 1426
 1463
 1477
 1415
 1447
 1489
 1457
 1471
 1480
 1522
 1552
 1565
 1525
 1548
 1578
 1515
 1544
 1548
 1587
 1623
 1528
 1607
 1694
 1725
 1595
 1613
 1636
 1639
 1701
 1688
 1693
 1574
 1762
 1729
 1719
 1764
 1747
 1731
 1769
 1737
 1716
 1831
 1727
 1842
 1794
 1779
 1862
 1795
 1840
 1895
 1825
 1909
 1917
 1919
 1974
 1941
 1963
 1942
 1991
 1981
 1992
 2057
 2034
 1944
 2004
 2084
 1965
 2082
 2112
 2154
 2067
 2109
 2149
 2110
 2099
 2069
 2211
 2122
 2130
 2117
 2199
 2247
 2146
 2225
 2204
 2291
 2253
 2249
 2262
 2284
 2301
 2261
 2335
 2349
 2376
 2314
 2349
 2451
 2392
 2446
 2311
 2385
 2446
 2450
 2503
 2495
 2404
 2406
 2505
 2442
 2524
 2542
 2503
 2475
 2512
 2563
 2554
 2497
 2610
 2577
 2640
 2592
 2651
 2633
 2604
 2616
 2708
 2630
 2657
 2575
 2637
 2660
 2659
 2669
 2728
 2746
 2709
 2581
 2718
 2722
 2711
 2674
 2667
 2723
 2833
 2776
 2670
 2761
 2794
 2822
 2827
 2910
 2801
 2915
 2805
 2929
 2969
 2957
 2921
 2986
 2973
 3035
 2903
 3046
 2844
 3044
 2997
 3009
 2997
 2890
 2918
 2952
 2914
 2925
 2903
 2892
 2910
 2904
 2862
 2969
 2987
 3049
 3034
 2847
 2917
 2971
 2824
 2933
 2893
 2990
 2927
 2931
 3037
 2953
 2923
 2997
 2857
 2929
 2890
 2895
 2939
 2909
 2951
 2896
 2910
 2916
 2929
 2834
 2936
 2822
 2847
 2916
 2971
 2849
 2736
 2920
 2937
 2980
 2905
 2959
 2929
 2907
 2915
 2863
 2942
 2796
 2797
 2859
 2855
 2885
 2889
 2774
 2805
 2808
 2812
 2880
 2656
 2716
 2687
 2813
 2803
 2884
 2720
 2690
 2740
 2712
 2729
 2740
 2801
 2715
 2730
 2685
 2811
 2704
 2726
 2756
 2690
 2766
 2605
 2595
 2628
 2558
 2591
 2564
 2542
 2638
 2505
 2516
 2583
 2448
 2576
 2469
 2464
 2453
 2465
 2410
 2321
 2299
 2309
 2310
 2298
 2213
 2238
 2226
 2084
 2156
 1999
 2015
 1981
 2045
 1879
 1897
 1883
 1963
 1888
 1898
 1863
 1934
 1785
 1876
 1855
 1791
 1806
 1806
 1782
 1805
 1764
 1785
 1760
 1672
 1766
 1723
 1767
 1685
 1699
 1705
 1654
 1716
 1737
 1663
 1662
 1612
 1627
 1681
 1669
 1668
 1620
 1656
 1553
 1660
 1625
 1572
 1559
 1534
 1568
 1554
 1527
 1506
 1458
 1536
 1492
 1553
 1494
 1491
 1484
 1445
 1421
 1449
 1442
 1456
 1403
 1403
 1406
 1416
 1434
 1350
 1426
 1353
 1420
 1374
 1387
 1264
 1299
 1324
 1277
 1315
 1348
 1330
 1303
 1282
 1314
 1309
 1303
 1296
 1306
 1346
 1256
 1207
 1281
 1257
 1241
 1175
 1136
 1268
 1188
 1150
 1254
 1235
 1171
 1185
 1207
 1170
 1220
 1187
 1153
 1128
 1097
 1176
 1121
 1099
 1152
 1103
 1117
 1123
 1120
 1034
 1095
 1107
 1036
 1071
 1027
 1059
 1078
 1064
 1055
 1049
 1075
 1024
 1062
 1018
 1015
 1026
 1005
 1018
 945
 937
 984
 986
 942
 977
 973
 1002
 950
 925
 994
 957
 954
 981
 916
 939
 949
 936
 844
 877
 926
 883
 910
 930
 912
 900
 920
 888
 880
 844
 846
 875
 813
 919
 886
 874
 869
 897
 823
 866
 857
 839
 833
 834
 800
 827
 801
 841
 833
 759
 765
 812
 772
 815
 755
 774
 781
 762
 774
 721
 755
 739
 734
 763
 782
 728
 746
 710
 692
 738
 660
 697
 705
 745
 739
 677
 712
 720
 739
 740
 690
 680
 693
 706
 657
 752
 694
 750
 708
 689
 685
 660
 655
 685
 698
 668
 685
 660
 650
 652
 685
 678
 647
 643
 595
 621
 646
 620
 572
 652
 622
 633
 602
 572
 602
 623
 622
 576
 595
 554
 602
 585
 564
 545
 579
 580
 578
 531
 540
 561
 548
 572
 602
 608
 552
 542
 544
 558
 556
 557
 539
 527
 551
 489
 494
 567
 493
 520
 548
 548
 514
 526
 423
 525
 482
 519
 516
 517
 508
 503
 485
 524
 455
 519
 483
 450
 462
 485
 492
 496
 453
 470
 469
 450
 482
 470
 488
 465
 472
 438
 463
 441
 449
 461
 473
 474
 422
 484
 445
 405
 449
 489
 434
 424
 431
 431
 494
 421
 436
 439
 426
 474
 411
 465
 421
 466
 409
 417
 402
 409
 418
 408
 435
 416
 422
 419
 384
 415
 433
 414
 430
 413
 360
 381
 387
 396
 369
 393
 399
 364
 388
 400
 370
 410
 371
 423
 364
 396
 368
 371
 380
 383
 397
 405
 384
 372
 371
 367
 386
 384
 333
 372
 324
 337
 336
 350
 347
 367
 360
 339
 353
 344
 356
 363
 369
 338
 343
 349
 329
 347
 347
 342
 332
 311
 351
 338
 354
 352
 341
 335
 304
 343
 351
 321
 301
 333
 330
 334
 293
 276
 302
 325
 317
 318
 337
 291
 307
 303
 300
 299
 302
 339
 327
 328
 293
 302
 299
 310
 291
 331
 290
 315
 308
 309
 302
 275
 296
 288
 265
 263
 322
 290
 302
 280
 279
 285
 249
 276
 295
 298
 292
 279
 302
 271
 267
 288
 281
 279
 307
 278
 278
 277
 247
 264
 283
 259
 284
 253
 267
 261
 297
 271
 246
 279
 255
 252
 243
 276
 249
 272
 267
 238
 250
 262
 230
 221
 265
 260
 225
 263
 244
 250
 281
 265
 283
 269
 263
 240
 252
 258
 236
 236
 235
 234
 237
 227
 249
 213
 237
 253
 237
 227
 264
 230
 249
 235
 231
 244
 202
 221
 207
 213
 227
 236
 224
 249
 218
 236
 262
 213
 227
 226
 250
 221
 232
 211
 201
 231
 205
 248
 195
 208
 231
 207
 241
 238
 218
 201
 219
 236
 210
 208
 203
 203
 223
 232
 213
 213
 202
 212
 233
 236
 193
 214
 198
 187
 189
 231
 191
 188
 227
 198
 219
 223
 192
 195
 204
 192
 218
 200
 192
 210
 182
 211
 192
 207
 208
 201
 226
 211
 192
 201
 188
 195
 208
 218
 190
 184
 196
 172
 196
 201
 184
 211
 186
 203
 197
 203
 170
 176
 190
 212
 201
 188
 192
 167
 192
 168
 181
 206
 193
 180
 189
 192
 180
 189
 179
 175
 171
 184
 180
 172
 174
 188
 183
 185
 162
 165
 170
 179
 183
 183
 165
 182
 186
 143
 177
 185
 183
 175
 173
 173
 202
 169
 169
 158
 151
 146
 144
 181
 173
 162
 168
 185
 155
 201
 160
 164
 170
 147
 171
 189
 167
 177
 152
 151
 173
 165
 166
 176
 151
 158
 147
 174
 168
 153
 172
 163
 189
 145
 165
 166
 155
 138
 154
 148
 142
 151
 178
 149
 165
 151
 158
 165
 164
 134
 154
 158
 164
 165
 145
 146
 161
 147
 149
 133
 116
 145
 139
 158
 157
 137
 119
 129
 159
 159
 135
 164
 142
 139
 147
 157
 164
 143
 138
 148
 143
 138
 146
 143
 148
 131
 138
 162
 128
 131
 159
 129
 156
 127
 156
 153
 133
 140
 159
 187
 131
 139
 138
 141
 127
 129
 129
 128
 121
 140
 142
 127
 149
 145
 150
 121
 119
 135
 139
 142
 146
 131
 137
 134
 121
 148
 149
 156
 147
 135
 153
 122
 140
 123
 143
 122
 127
 132
 118
 112
 115
 124
 166
 123
 136
 149
 112
 127
 125
 133
 111
 155
 143
 135
 130
 132
 115
 118
 127
 142
 157
 134
 121
 113
 118
 118
 114
 140
 128
 136
 112
 126
 117
 143
 133
 120
 122
 145
 112
 154
 115
 131
 130
 125
 134
 120
 115
 144
 122
 108
 127
 105
 121
 129
 124
 114
 128
 108
 118
 130
 136
 119
 109
 115
 124
 97
 120
 109
 134
 122
 144
 118
 112
 112
 136
 122
 136
 126
 116
 95
 106
 121
 107
 98
 128
 107
 108
 84
 112
 109
 107
 111
 104
 118
 101
 104
 113
 115
 120
 129
 104
 116
 106
 116
 138
 124
 107
 121
 113
 121
 102
 112
 115
 102
 110
 112
 106
 113
 107
 122
 101
 115
 100
 102
 106
 106
 99
 124
 126
 117
 115
 124
 100
 121
 91
 117
 110
 114
 98
 94
 106
 107
 118
 98
 119
 125
 115
 121
 107
 126
 83
 104
 99
 129
 102
 109
 105
 115
 98
 91
 89
 115
 126
 115
 117
 119
 107
 106
 110
 107
 94
 99
 117
 117
 110
 89
 110
 91
 112
 108
 119
 92
 116
 99
 97
 119
 94
 104
 99
 115
 120
 99
 108
 123
 74
 129
 109
 101
 101
 92
 101
 100
 101
 103
 100
 117
 120
 99
 95
 92
 103
 85
 101
 94
 118
 106
 111
 89
 117
 95
 98
 100
 105
 81
 100
 111
 84
 98
 105
 96
 91
 107
 112
 84
 118
 98
 100
 94
 97
 88
 102
 107
 98
 102
 113
 92
 92
 109
 102
 80
 96
 105
 122
 111
 109
 99
 104
 100
 104
 104
 95
 92
 80
 79
 100
 101
 109
 85
 105
 114
 77
 98
 87
 91
 104
 94
 101
 96
 101
 78
 86
 93
 84
 90
 103
 80
 98
 86
 94
 85
 88
 77
 93
 97
 106
 90
 87
 98
 84
 93
 104
 94
 82
 90
 98
 76
 85
 87
 73
 93
 90
 100
 81
 91
 91
 76
 114
 80
 80
 85
 99
 97
 105
 107
 94
 84
 81
 83
 84
 91
 85
 75
 111
 94
 92
 88
 86
 94
 82
 95
 88
 96
 96
 93
 93
 110
 96
 69
 80
 96
 104
 82
 88
 97
 88
 73
 75
 79
 82
 83
 84
 72
 105
 80
 81
 94
 106
 86
 84
 111
 84
 84
 87
 96
 91
 75
 86
 92
 81
 92
 81
 76
 94
 92
 89
 80
 97
 69
 95
 86
 82
 96
 83
 90
 83
 81
 89
 60
 94
 67
 79
 85
 85
 88
 78
 69
 81
 72
 69
 76
 73
 93
 91
 88
 78
 89
 63
 76
 83
 83
 76
 83
 83
 74
 90
 77
 83
 94
 66
 91
 79
 99
 65
 70
 73
 83
 82
 94
 77
 69
 78
 72
 82
 73
 74
 70
 76
 76
 65
 77
 85
 67
 91
 62
 69
 74
 77
 71
 66
 78
 84
 85
 94
 83
 88
 71
 82
 71
 81
 73
 71
 82
 80
 83
 74
 72
 70
 87
 83
 73
 79
 71
 75
 74
 74
 77
 82
 70
 74
 67
 81
 73
 81
 82
 81
 69
 71
 84
 96
 78
 70
 72
 55
 78
 73
 71
 91
 61
 84
 73
 81
 76
 102
 72
 71
 89
 67
 72
 76
 87
 67
 80
 73
 70
 63
 73
 68
 66
 67
 81
 64
 69
 78
 86
 69
 66
 80
 92
 75
 70
 61
 71
 79
 78
 86
 74
 75
 62
 70
 80
 65
 61
 73
 73
 66
 73
 66
 61
 72
 65
 68
 82
 78
 60
 70
 74
 64
 76
 75
 85
 67
 77
 63
 96
 69
 77
 64
 67
 72
 58
 80
 80
 93
 73
 76
 68
 72
 74
 74
 70
 69
 90
 61
 65
 74
 66
 66
 68
 79
 69
 78
 60
 70
 63
 65
 58
 75
 68
 60
 74
 70
 70
 61
 58
 61
 70
 75
 57
 73
 65
 63
 71
 70
 60
 77
 75
 58
 79
 49
 67
 67
 60
 65
 61
 79
 51
 66
 65
 49
 67
 67
 66
 62
 60
 66
 52
 63
 53
 69
 52
 59
 52
 54
 54
 58
 62
 61
 56
 54
 59
 69
 68
 67
 60
 56
 56
 56
 64
 42
 63
 56
 44
 55
 53
 71
 48
 48
 57
 61
 56
 71
 73
 61
 64
 55
 77
 64
 61
 57
 55
 57
 61
 62
 69
 46
 61
 48
 60
 44
 68
 67
 62
 44
 73
 68
 54
 38
 58
 54
 59
 51
 59
 45
 52
 66
 61
 57
 57
 67
 49
 53
 50
 60
 49
 52
 64
 46
 44
 51
 47
 55
 53
 54
 58
 51
 36
 50
 53
 59
 44
 45
 60
 49
 65
 60
 44
 53
 56
 46
 56
 65
 55
 57
 37
 60
 48
 49
 52
 61
 46
 58
 60
 51
 63
 58
 40
 45
 60
 40
 41
 52
 46
 46
 59
 56
 40
 45
 56
 60
 59
 42
 43
 52
 37
 39
 50
 55
 57
 43
 45
 40
 51
 53
 51
 52
 62
 43
 45
 47
 46
 55
 33
 46
 41
 37
 43
 48
 48
 60
 39
 43
 38
 51
 48
 43
 40
 49
 38
 55
 55
 41
 39
 55
 33
 50
 33
 44
 53
 54
 53
 45
 51
 52
 38
 37
 45
 40
 51
 48
 47
 51
 39
 38
 27
 47
 40
 34
 49
 48
 50
 37
 37
 33
 51
 37
 31
 38
 44
 46
 46
 49
 48
 43
 31
 32
 39
 35
 34
 44
 48
 39
 36
 45
 37
 43
 28
 50
 56
 39
 39
 29
 43
 35
 32
 47
 34
 37
 30
 31
 49
 36
 39
 42
 37
 44
 47
 38
 38
 34
 37
 33
 37
 44
 42
 29
 34
 35
 35
 41
 40
 39
 38
 36
 33
 41
 36
 40
 38
 46
 38
 33
 34
 46
 21
 31
 29
 32
 33
 24
 37
 45
 33
 32
 30
 33
 42
 33
 28
 43
 31
 36
 36
 49
 35
 31
 35
 37
 40
 36
 27
 40
 40
 40
 38
 34
 45
 32
 50
 44
 31
 28
 29
 26
 36
 33
 30
 42
 23
 28
 31
 34
 30
 28
 34
 28
 38
 41
 33
 36
 28
 25
 32
 29
 22
 31
 29
 30
