VERSION:    3.1
ELEMENTS:              1
DATE:       JUN 11, 2017 15:54:46.**
CHANNELS:           4000
ROIS:        0
REAL_TIME:   502.8699951
LIVE_TIME:   440.1799927
CAL_OFFSET:  6.7178987e-002
CAL_SLOPE:   3.1603590e-002
CAL_QUAD:    0.0000000e+000
TWO_THETA:   15.0033941
DATA: 
 0
 0
 0
 0
 0
 0
 0
 0
 0
 0
 0
 0
 0
 0
 0
 0
 0
 0
 0
 0
 0
 0
 0
 0
 0
 0
 0
 0
 0
 0
 0
 0
 0
 0
 0
 0
 0
 0
 0
 0
 0
 0
 0
 0
 0
 0
 0
 0
 0
 0
 0
 0
 0
 0
 0
 0
 0
 0
 0
 0
 0
 0
 0
 0
 0
 0
 0
 0
 0
 0
 8
 87
 109
 104
 109
 109
 85
 118
 98
 97
 85
 81
 96
 93
 100
 94
 119
 109
 97
 110
 83
 95
 88
 85
 99
 102
 92
 108
 93
 95
 98
 78
 87
 99
 111
 90
 98
 97
 102
 87
 78
 92
 98
 84
 107
 103
 99
 104
 93
 85
 125
 109
 92
 99
 88
 109
 112
 103
 102
 114
 111
 98
 109
 140
 121
 96
 113
 93
 119
 119
 122
 120
 132
 133
 117
 121
 120
 130
 122
 108
 140
 130
 129
 129
 139
 151
 135
 144
 133
 146
 165
 154
 160
 167
 146
 163
 163
 156
 170
 154
 168
 160
 166
 174
 180
 179
 167
 176
 177
 155
 172
 179
 180
 178
 153
 199
 193
 179
 196
 208
 190
 220
 218
 218
 211
 200
 213
 248
 244
 248
 254
 233
 267
 253
 236
 275
 273
 270
 280
 283
 247
 293
 265
 280
 273
 280
 283
 307
 332
 350
 315
 298
 308
 344
 333
 327
 314
 351
 313
 353
 368
 358
 366
 337
 351
 391
 392
 375
 389
 407
 400
 363
 383
 398
 386
 352
 397
 371
 394
 424
 412
 421
 416
 445
 421
 385
 359
 428
 401
 402
 400
 429
 419
 369
 397
 406
 414
 437
 422
 366
 429
 389
 427
 432
 426
 427
 380
 411
 383
 374
 411
 388
 405
 391
 429
 436
 398
 440
 441
 395
 396
 404
 445
 444
 428
 427
 459
 360
 384
 419
 456
 425
 418
 433
 448
 435
 415
 435
 393
 456
 383
 451
 385
 421
 410
 402
 431
 411
 402
 352
 440
 429
 407
 407
 415
 424
 406
 407
 392
 404
 412
 422
 381
 411
 410
 374
 370
 389
 394
 420
 400
 401
 366
 382
 410
 389
 383
 397
 399
 394
 404
 380
 394
 379
 381
 414
 414
 390
 397
 388
 425
 411
 351
 412
 373
 374
 409
 405
 378
 413
 401
 350
 359
 396
 369
 385
 366
 361
 367
 363
 332
 354
 379
 405
 404
 358
 371
 351
 406
 352
 379
 363
 372
 355
 396
 367
 351
 371
 363
 371
 368
 325
 376
 377
 353
 386
 365
 350
 325
 370
 329
 375
 342
 307
 344
 383
 381
 363
 363
 383
 349
 325
 377
 370
 336
 352
 332
 344
 348
 324
 354
 350
 316
 343
 313
 343
 324
 337
 312
 318
 340
 321
 301
 341
 344
 305
 284
 323
 326
 324
 345
 303
 353
 337
 325
 308
 338
 303
 268
 310
 308
 316
 308
 281
 327
 301
 311
 292
 295
 295
 269
 276
 277
 289
 265
 296
 279
 293
 272
 290
 285
 274
 247
 289
 289
 289
 311
 286
 260
 257
 278
 300
 255
 272
 256
 296
 246
 276
 288
 258
 262
 264
 277
 263
 257
 335
 257
 235
 265
 257
 249
 256
 249
 237
 250
 257
 257
 233
 238
 242
 251
 239
 220
 219
 232
 243
 247
 248
 248
 242
 236
 236
 202
 217
 223
 231
 231
 217
 236
 227
 231
 207
 222
 220
 212
 207
 214
 204
 231
 199
 192
 216
 217
 203
 208
 192
 191
 214
 193
 206
 222
 183
 171
 223
 204
 199
 196
 194
 211
 201
 182
 187
 196
 171
 196
 202
 180
 190
 191
 169
 195
 168
 181
 177
 184
 180
 184
 195
 180
 177
 169
 168
 171
 162
 161
 170
 167
 161
 173
 188
 153
 156
 165
 171
 153
 154
 161
 160
 158
 152
 146
 161
 172
 155
 147
 167
 147
 146
 164
 148
 154
 161
 129
 149
 168
 137
 150
 127
 163
 143
 136
 143
 163
 119
 122
 129
 147
 139
 127
 134
 136
 136
 128
 151
 121
 137
 140
 131
 141
 121
 134
 111
 120
 124
 139
 129
 141
 138
 120
 117
 112
 129
 117
 130
 114
 119
 102
 137
 137
 117
 132
 96
 120
 136
 119
 117
 105
 108
 116
 112
 91
 116
 118
 122
 102
 119
 103
 108
 111
 106
 97
 112
 113
 102
 107
 86
 121
 103
 123
 109
 107
 118
 104
 99
 100
 113
 84
 99
 99
 89
 98
 102
 112
 96
 86
 106
 84
 90
 82
 100
 106
 114
 91
 71
 114
 84
 99
 89
 98
 81
 103
 83
 97
 89
 82
 84
 103
 91
 86
 96
 75
 73
 82
 78
 92
 72
 83
 70
 79
 81
 82
 70
 75
 88
 84
 72
 79
 98
 96
 94
 82
 83
 88
 95
 82
 91
 78
 82
 71
 90
 79
 73
 74
 84
 62
 70
 79
 72
 74
 69
 74
 71
 57
 71
 71
 60
 65
 81
 55
 65
 72
 55
 57
 75
 76
 67
 72
 54
 67
 54
 79
 73
 57
 96
 68
 56
 67
 49
 75
 84
 58
 56
 76
 64
 66
 59
 44
 75
 53
 49
 65
 75
 53
 55
 59
 59
 62
 56
 71
 67
 62
 50
 63
 48
 49
 56
 49
 50
 49
 57
 51
 52
 60
 50
 47
 51
 59
 53
 65
 46
 54
 54
 49
 57
 53
 50
 57
 58
 50
 68
 64
 63
 53
 48
 61
 48
 61
 53
 54
 56
 53
 47
 44
 51
 53
 56
 53
 58
 42
 52
 58
 44
 54
 45
 51
 51
 39
 39
 57
 54
 44
 47
 64
 52
 55
 45
 50
 54
 43
 49
 43
 53
 44
 47
 39
 56
 48
 35
 37
 38
 46
 47
 49
 55
 46
 55
 44
 37
 55
 38
 39
 58
 49
 47
 53
 42
 51
 55
 48
 61
 50
 55
 40
 44
 54
 55
 55
 44
 41
 49
 49
 58
 40
 42
 44
 55
 45
 34
 41
 60
 44
 46
 55
 38
 36
 53
 46
 41
 46
 40
 40
 42
 50
 44
 55
 55
 50
 45
 50
 40
 58
 45
 54
 48
 49
 43
 47
 38
 50
 41
 44
 41
 35
 57
 41
 45
 44
 52
 53
 50
 42
 54
 61
 32
 38
 39
 53
 39
 49
 39
 40
 44
 38
 60
 52
 42
 50
 38
 50
 43
 52
 54
 48
 44
 45
 47
 52
 49
 67
 50
 43
 48
 52
 52
 43
 48
 58
 50
 63
 47
 44
 50
 42
 48
 57
 56
 46
 49
 41
 64
 56
 47
 56
 44
 56
 51
 60
 65
 51
 44
 61
 46
 57
 51
 45
 62
 61
 59
 50
 56
 67
 55
 57
 59
 48
 54
 54
 57
 52
 50
 49
 59
 43
 51
 53
 61
 67
 63
 69
 70
 65
 54
 52
 58
 55
 49
 58
 74
 58
 64
 64
 68
 57
 58
 67
 60
 48
 50
 69
 57
 59
 65
 61
 75
 77
 68
 60
 75
 67
 64
 61
 68
 65
 81
 63
 80
 60
 71
 86
 73
 80
 74
 63
 71
 73
 58
 81
 75
 76
 69
 86
 73
 98
 66
 82
 76
 89
 82
 68
 73
 78
 101
 87
 91
 89
 82
 74
 78
 76
 90
 88
 90
 75
 82
 72
 85
 63
 86
 97
 100
 80
 81
 85
 95
 91
 78
 100
 76
 107
 89
 95
 84
 90
 98
 87
 93
 110
 107
 88
 101
 95
 96
 103
 91
 104
 110
 112
 106
 115
 105
 89
 95
 107
 110
 127
 116
 115
 106
 101
 105
 100
 120
 114
 97
 97
 109
 111
 113
 122
 115
 117
 110
 115
 116
 116
 117
 120
 120
 128
 137
 127
 130
 128
 141
 117
 126
 136
 135
 111
 170
 129
 131
 133
 131
 130
 140
 167
 140
 143
 131
 137
 145
 121
 134
 129
 177
 154
 161
 145
 140
 147
 163
 150
 158
 141
 140
 118
 152
 159
 162
 158
 170
 160
 153
 178
 156
 181
 195
 166
 181
 188
 186
 198
 186
 169
 161
 204
 196
 221
 179
 193
 198
 188
 182
 191
 168
 194
 174
 159
 191
 156
 195
 195
 177
 176
 187
 181
 179
 179
 192
 182
 198
 176
 177
 158
 190
 196
 182
 180
 190
 213
 190
 217
 179
 201
 194
 203
 201
 195
 181
 186
 187
 180
 225
 208
 210
 196
 199
 218
 168
 206
 226
 175
 210
 220
 194
 223
 200
 215
 233
 193
 218
 205
 239
 235
 205
 228
 204
 221
 203
 181
 213
 225
 239
 224
 222
 229
 208
 230
 202
 211
 214
 241
 221
 252
 215
 229
 239
 250
 249
 247
 213
 252
 238
 251
 255
 278
 259
 287
 264
 249
 253
 241
 218
 263
 241
 239
 251
 274
 223
 261
 260
 293
 259
 255
 262
 264
 261
 277
 301
 249
 272
 294
 273
 235
 260
 287
 257
 287
 278
 268
 301
 279
 281
 280
 276
 283
 269
 289
 289
 293
 290
 314
 296
 315
 316
 296
 299
 297
 281
 283
 332
 317
 275
 309
 305
 328
 311
 317
 303
 292
 290
 312
 323
 329
 316
 322
 331
 322
 315
 288
 321
 322
 328
 299
 324
 318
 329
 343
 354
 318
 331
 335
 327
 329
 336
 354
 352
 358
 371
 348
 331
 325
 358
 329
 338
 346
 314
 362
 348
 364
 343
 350
 350
 383
 348
 347
 330
 387
 381
 364
 353
 369
 364
 370
 389
 420
 421
 367
 378
 398
 384
 384
 334
 406
 380
 381
 381
 381
 407
 404
 384
 398
 394
 389
 413
 426
 364
 453
 423
 440
 427
 410
 413
 432
 418
 417
 428
 444
 428
 488
 413
 420
 416
 458
 438
 435
 425
 459
 471
 447
 457
 477
 478
 423
 454
 446
 503
 467
 463
 470
 503
 479
 462
 494
 548
 496
 500
 533
 547
 526
 568
 607
 601
 639
 670
 705
 727
 811
 873
 1004
 1135
 1224
 1460
 1633
 1842
 2060
 2364
 2597
 2903
 3256
 3550
 3764
 3958
 4197
 4352
 4464
 4375
 4401
 4223
 4045
 3908
 3690
 3257
 3155
 2938
 2673
 2391
 2163
 1906
 1856
 1640
 1380
 1342
 1268
 1101
 1030
 918
 926
 812
 806
 727
 713
 691
 633
 630
 631
 602
 633
 615
 599
 597
 571
 570
 598
 578
 588
 562
 570
 582
 592
 572
 600
 560
 553
 573
 548
 527
 553
 509
 570
 591
 544
 572
 554
 580
 569
 548
 579
 602
 579
 550
 567
 542
 545
 566
 570
 561
 529
 578
 587
 590
 559
 614
 569
 588
 571
 552
 588
 558
 497
 563
 556
 532
 595
 555
 560
 600
 549
 551
 590
 572
 589
 588
 562
 590
 572
 548
 584
 584
 604
 581
 592
 598
 586
 613
 589
 545
 595
 584
 624
 564
 627
 639
 589
 598
 614
 611
 641
 619
 592
 611
 626
 614
 612
 669
 617
 618
 626
 591
 619
 607
 623
 651
 605
 618
 660
 644
 649
 596
 590
 641
 597
 631
 656
 604
 635
 670
 634
 629
 629
 640
 616
 625
 695
 650
 642
 641
 627
 593
 630
 678
 650
 645
 635
 655
 631
 634
 662
 619
 630
 691
 627
 632
 626
 662
 625
 684
 615
 643
 637
 665
 718
 660
 688
 689
 659
 679
 717
 710
 719
 673
 670
 661
 705
 721
 640
 670
 711
 707
 676
 684
 715
 664
 691
 711
 727
 736
 696
 732
 651
 662
 706
 700
 691
 718
 706
 711
 703
 703
 677
 710
 711
 707
 731
 719
 704
 709
 747
 728
 743
 726
 712
 711
 710
 728
 740
 731
 719
 815
 805
 776
 738
 757
 755
 727
 751
 732
 783
 728
 814
 746
 768
 758
 769
 761
 736
 798
 712
 729
 750
 704
 761
 783
 764
 768
 797
 767
 758
 851
 761
 791
 715
 794
 765
 804
 792
 839
 771
 796
 863
 876
 821
 802
 831
 803
 818
 815
 828
 811
 828
 807
 776
 811
 824
 802
 812
 800
 795
 769
 863
 758
 824
 793
 845
 804
 822
 832
 808
 852
 859
 849
 842
 844
 845
 840
 838
 822
 857
 808
 871
 850
 894
 813
 855
 847
 821
 833
 852
 863
 804
 863
 802
 879
 872
 901
 885
 809
 937
 871
 894
 898
 862
 820
 883
 886
 917
 879
 949
 921
 871
 946
 866
 836
 943
 908
 921
 910
 873
 1000
 930
 927
 927
 966
 930
 939
 942
 923
 965
 934
 906
 949
 954
 940
 948
 926
 968
 964
 878
 950
 922
 958
 1023
 957
 947
 954
 998
 955
 954
 1003
 980
 972
 1010
 959
 1026
 980
 1033
 1028
 1072
 982
 1056
 1049
 1022
 979
 972
 971
 980
 973
 962
 1021
 1035
 1070
 1081
 1045
 1045
 1045
 1030
 973
 1035
 1068
 918
 1048
 1105
 1016
 1093
 1036
 1039
 997
 1022
 1076
 1074
 1065
 1030
 1064
 1115
 1034
 1032
 1078
 1087
 1055
 1056
 1031
 1130
 1157
 1081
 1128
 1065
 1087
 1098
 1111
 1087
 1143
 1101
 1096
 1186
 1120
 1087
 1162
 1160
 1140
 1176
 1123
 1173
 1128
 1147
 1103
 1189
 1188
 1132
 1196
 1159
 1160
 1161
 1240
 1103
 1234
 1210
 1216
 1159
 1249
 1139
 1200
 1172
 1205
 1229
 1201
 1146
 1184
 1178
 1259
 1182
 1204
 1257
 1214
 1197
 1230
 1267
 1285
 1245
 1253
 1291
 1294
 1305
 1203
 1284
 1268
 1251
 1293
 1299
 1276
 1260
 1235
 1271
 1279
 1234
 1274
 1321
 1340
 1266
 1315
 1258
 1310
 1309
 1371
 1365
 1370
 1319
 1329
 1380
 1385
 1377
 1347
 1374
 1386
 1403
 1325
 1400
 1399
 1326
 1442
 1369
 1350
 1359
 1411
 1435
 1352
 1376
 1389
 1396
 1441
 1394
 1436
 1373
 1436
 1422
 1367
 1467
 1508
 1460
 1475
 1489
 1490
 1481
 1520
 1434
 1483
 1491
 1464
 1481
 1421
 1457
 1483
 1487
 1497
 1539
 1406
 1508
 1496
 1473
 1595
 1486
 1604
 1528
 1490
 1529
 1553
 1492
 1619
 1633
 1535
 1575
 1557
 1582
 1584
 1612
 1625
 1632
 1569
 1528
 1518
 1553
 1600
 1566
 1558
 1469
 1507
 1486
 1466
 1507
 1421
 1521
 1463
 1338
 1376
 1369
 1377
 1332
 1429
 1397
 1395
 1351
 1485
 1382
 1432
 1415
 1422
 1439
 1378
 1405
 1422
 1460
 1367
 1370
 1417
 1456
 1430
 1422
 1457
 1491
 1387
 1436
 1480
 1477
 1501
 1470
 1538
 1562
 1437
 1477
 1419
 1506
 1547
 1495
 1497
 1534
 1505
 1490
 1585
 1533
 1508
 1564
 1537
 1591
 1500
 1581
 1589
 1521
 1575
 1579
 1636
 1572
 1553
 1600
 1650
 1653
 1637
 1557
 1697
 1570
 1666
 1693
 1511
 1686
 1722
 1684
 1727
 1680
 1661
 1673
 1668
 1667
 1728
 1685
 1781
 1705
 1727
 1736
 1722
 1730
 1724
 1728
 1706
 1746
 1746
 1801
 1794
 1837
 1820
 1808
 1780
 1824
 1743
 1801
 1782
 1798
 1878
 1792
 1921
 1872
 1798
 1924
 1805
 1820
 1869
 1837
 1976
 1906
 1837
 1901
 1961
 1900
 1905
 1817
 2052
 1941
 1935
 1956
 1951
 2002
 2000
 1908
 1999
 2013
 2030
 2097
 1945
 2044
 2115
 1964
 2015
 2018
 2064
 2055
 2101
 2109
 2132
 2094
 2168
 2150
 2050
 2093
 2157
 2075
 2215
 2160
 2105
 2197
 2185
 2216
 2268
 2247
 2198
 2157
 2118
 2142
 2240
 2220
 2184
 2242
 2215
 2217
 2236
 2282
 2293
 2307
 2335
 2260
 2290
 2336
 2311
 2295
 2319
 2406
 2302
 2358
 2373
 2420
 2485
 2436
 2391
 2453
 2358
 2459
 2402
 2398
 2483
 2477
 2544
 2531
 2527
 2568
 2514
 2519
 2486
 2508
 2571
 2566
 2578
 2639
 2467
 2540
 2610
 2592
 2597
 2619
 2603
 2638
 2676
 2693
 2634
 2695
 2629
 2686
 2641
 2730
 2736
 2698
 2783
 2732
 2743
 2812
 2753
 2830
 2739
 2758
 2806
 2852
 2796
 2778
 2855
 2943
 2827
 2844
 2894
 2894
 2947
 2917
 2892
 2835
 2921
 3071
 2904
 3019
 2997
 2992
 2977
 3028
 2998
 3049
 3094
 3097
 3010
 3125
 3110
 3105
 3021
 3094
 3162
 3170
 3107
 3143
 3048
 3122
 3118
 3220
 3216
 3122
 3353
 3195
 3222
 3236
 3231
 3252
 3199
 3235
 3330
 3315
 3256
 3377
 3384
 3415
 3385
 3396
 3235
 3430
 3388
 3411
 3352
 3394
 3339
 3402
 3390
 3413
 3416
 3488
 3611
 3437
 3416
 3479
 3538
 3564
 3566
 3550
 3515
 3414
 3530
 3553
 3530
 3636
 3595
 3622
 3588
 3709
 3577
 3621
 3626
 3567
 3637
 3685
 3649
 3637
 3586
 3579
 3743
 3673
 3646
 3705
 3639
 3727
 3711
 3757
 3745
 3740
 3658
 3795
 3852
 3649
 3776
 3783
 3748
 3771
 3847
 3776
 3861
 3736
 3813
 3761
 3885
 3894
 3818
 3871
 3857
 3941
 3956
 3913
 3926
 3874
 3954
 3921
 3847
 4043
 3892
 3835
 3822
 3901
 3958
 3927
 4104
 4000
 4132
 3965
 4157
 4124
 4243
 4079
 4218
 4183
 4394
 4468
 4250
 4429
 4355
 4340
 4361
 4443
 4238
 4484
 4255
 4345
 4118
 4169
 4037
 4074
 4081
 4036
 3970
 3949
 4057
 4023
 4099
 3919
 3960
 4015
 3854
 3940
 3909
 3939
 3965
 4009
 3954
 4027
 4026
 3997
 3970
 3941
 4001
 4079
 4036
 3900
 3917
 3984
 4011
 3887
 3974
 3943
 3767
 3888
 3820
 3912
 3946
 3887
 3886
 3836
 3970
 3905
 3874
 3836
 3992
 3820
 3908
 3806
 3879
 3880
 3767
 3792
 3800
 3791
 3809
 3710
 3887
 3781
 3845
 3789
 3836
 3745
 3718
 3706
 3684
 3730
 3733
 3628
 3717
 3687
 3601
 3547
 3703
 3751
 3652
 3716
 3595
 3595
 3587
 3594
 3590
 3542
 3594
 3487
 3559
 3585
 3624
 3480
 3566
 3526
 3510
 3509
 3375
 3531
 3502
 3424
 3352
 3438
 3500
 3505
 3428
 3360
 3467
 3511
 3453
 3481
 3407
 3372
 3376
 3490
 3330
 3369
 3301
 3343
 3401
 3262
 3217
 3279
 3184
 3254
 3209
 3215
 3130
 3221
 3133
 3176
 3133
 3187
 3078
 3095
 3107
 3092
 3026
 2964
 2983
 3003
 3028
 2825
 2974
 2926
 3029
 2870
 2867
 2839
 2977
 2914
 2844
 2867
 2827
 2863
 2809
 2757
 2808
 2805
 2803
 2612
 2726
 2774
 2756
 2689
 2727
 2689
 2725
 2700
 2682
 2590
 2568
 2658
 2614
 2690
 2529
 2597
 2594
 2505
 2540
 2458
 2598
 2507
 2539
 2509
 2512
 2543
 2471
 2407
 2449
 2396
 2346
 2394
 2334
 2381
 2357
 2354
 2331
 2373
 2369
 2315
 2309
 2310
 2297
 2268
 2278
 2255
 2285
 2227
 2212
 2232
 2110
 2165
 2145
 2194
 2144
 2190
 2092
 2145
 2162
 2054
 2085
 2076
 2032
 2064
 2096
 2110
 2022
 2025
 2050
 2079
 1969
 2031
 1996
 1991
 1939
 1967
 1990
 1907
 1972
 1982
 1863
 1989
 1949
 1869
 1941
 1830
 1865
 1825
 1802
 1800
 1839
 1794
 1815
 1791
 1823
 1832
 1766
 1778
 1814
 1693
 1807
 1719
 1777
 1765
 1743
 1682
 1689
 1677
 1681
 1638
 1733
 1691
 1635
 1616
 1605
 1589
 1609
 1616
 1617
 1560
 1544
 1569
 1565
 1573
 1532
 1591
 1584
 1502
 1547
 1511
 1506
 1518
 1504
 1486
 1497
 1484
 1481
 1482
 1440
 1538
 1458
 1448
 1449
 1419
 1377
 1400
 1413
 1477
 1412
 1399
 1344
 1381
 1364
 1374
 1430
 1289
 1317
 1362
 1278
 1256
 1368
 1244
 1339
 1309
 1309
 1328
 1263
 1316
 1291
 1302
 1242
 1221
 1174
 1219
 1237
 1284
 1232
 1157
 1174
 1253
 1166
 1189
 1169
 1189
 1163
 1127
 1174
 1141
 1152
 1103
 1173
 1172
 1161
 1074
 1195
 1181
 1119
 1140
 1156
 1091
 1103
 1091
 1182
 1171
 1072
 1043
 1051
 1070
 1086
 1072
 1068
 1028
 1076
 1011
 990
 987
 1063
 1055
 969
 994
 974
 1044
 995
 989
 960
 1033
 1016
 938
 934
 916
 930
 944
 988
 955
 952
 914
 953
 947
 970
 908
 923
 899
 922
 941
 912
 887
 880
 901
 848
 891
 864
 884
 947
 838
 879
 882
 888
 896
 842
 832
 811
 913
 859
 891
 849
 827
 864
 841
 840
 824
 794
 871
 842
 817
 882
 846
 879
 907
 936
 886
 888
 913
 918
 846
 837
 867
 846
 858
 808
 843
 867
 809
 803
 793
 771
 765
 790
 779
 748
 757
 670
 812
 755
 726
 708
 721
 736
 747
 740
 699
 697
 705
 698
 663
 695
 664
 706
 675
 713
 692
 651
 645
 654
 641
 650
 628
 689
 631
 646
 649
 628
 627
 635
 591
 641
 642
 611
 623
 660
 629
 616
 639
 598
 602
 592
 591
 630
 595
 616
 595
 577
 578
 598
 587
 578
 572
 598
 547
 647
 530
 559
 568
 575
 572
 532
 562
 523
 573
 546
 545
 584
 551
 504
 536
 577
 501
 573
 512
 537
 562
 500
 563
 520
 544
 512
 502
 541
 527
 522
 522
 477
 531
 475
 488
 535
 495
 472
 498
 478
 514
 451
 517
 453
 513
 484
 486
 496
 511
 474
 461
 500
 513
 500
 486
 492
 466
 476
 475
 466
 482
 470
 476
 468
 452
 434
 491
 465
 447
 463
 428
 446
 429
 431
 480
 465
 410
 466
 433
 453
 432
 435
 406
 435
 426
 410
 432
 432
 397
 413
 417
 396
 440
 405
 393
 406
 417
 384
 425
 395
 382
 399
 420
 377
 390
 384
 387
 410
 401
 410
 424
 385
 390
 378
 372
 405
 387
 348
 383
 405
 414
 342
 339
 347
 362
 366
 361
 358
 356
 337
 308
 337
 327
 316
 411
 365
 346
 349
 359
 340
 372
 373
 318
 347
 353
 339
 313
 361
 352
 328
 318
 320
 340
 325
 315
 312
 369
 334
 308
 316
 309
 320
 332
 343
 313
 308
 312
 327
 339
 291
 313
 334
 295
 310
 325
 303
 285
 312
 272
 291
 305
 317
 289
 289
 329
 308
 319
 252
 275
 303
 300
 324
 309
 284
 279
 278
 303
 298
 321
 286
 316
 278
 293
 300
 305
 323
 303
 272
 285
 288
 299
 289
 276
 264
 293
 258
 263
 289
 298
 266
 283
 273
 278
 289
 231
 249
 267
 281
 273
 273
 237
 266
 268
 280
 276
 256
 247
 253
 271
 267
 254
 258
 249
 264
 252
 262
 241
 239
 242
 254
 221
 283
 230
 220
 266
 238
 232
 228
 227
 234
 273
 242
 246
 259
 242
 211
 248
 245
 236
 229
 242
 258
 211
 226
 216
 241
 234
 219
 214
 246
 205
 237
 218
 231
 220
 262
 209
 214
 196
 216
 224
 214
 233
 181
 211
 205
 215
 224
 207
 235
 217
 209
 199
 209
 227
 208
 223
 218
 211
 237
 223
 194
 207
 227
 200
 219
 234
 223
 220
 225
 197
 204
 203
 213
 243
 208
 188
 219
 194
 247
 181
 209
 175
 198
 202
 190
 205
 195
 209
 191
 187
 210
 196
 213
 219
 176
 197
 174
 173
 187
 174
 185
 210
 222
 198
 172
 171
 185
 199
 167
 190
 202
 167
 214
 173
 174
 188
 182
 188
 191
 172
 172
 179
 197
 155
 168
 179
 191
 181
 168
 160
 184
 171
 178
 187
 179
 179
 160
 177
 169
 185
 176
 177
 179
 158
 188
 187
 174
 160
 165
 178
 167
 163
 171
 174
 181
 176
 174
 173
 171
 179
 164
 153
 174
 162
 159
 164
 176
 160
 179
 167
 177
 159
 171
 159
 174
 139
 164
 154
 152
 142
 152
 140
 151
 141
 157
 168
 182
 156
 162
 130
 149
 161
 163
 172
 155
 131
 138
 165
 141
 141
 157
 129
 136
 151
 137
 156
 125
 153
 130
 135
 131
 156
 142
 156
 145
 151
 163
 152
 153
 146
 122
 160
 123
 141
 147
 161
 151
 137
 149
 136
 150
 142
 148
 134
 159
 158
 158
 140
 133
 131
 143
 135
 153
 150
 124
 129
 128
 124
 127
 132
 139
 137
 130
 139
 140
 137
 130
 125
 148
 113
 125
 120
 120
 132
 142
 131
 130
 146
 136
 114
 122
 121
 116
 110
 133
 134
 104
 139
 118
 130
 120
 125
 121
 129
 130
 127
 113
 134
 119
 127
 134
 127
 108
 122
 119
 123
 150
 116
 114
 114
 104
 118
 122
 105
 123
 124
 109
 122
 120
 112
 126
 107
 133
 125
 127
 112
 129
 122
 105
 116
 115
 127
 112
 134
 98
 115
 95
 108
 110
 108
 118
 113
 109
 109
 124
 117
 132
 128
 107
 106
 127
 113
 107
 110
 106
 97
 96
 106
 117
 121
 117
 108
 113
 110
 100
 105
 126
 112
 104
 101
 95
 121
 121
 111
 102
 114
 101
 98
 95
 93
 110
 99
 109
 99
 97
 119
 116
 98
 111
 108
 124
 99
 107
 93
 116
 117
 106
 87
 85
 114
 100
 88
 111
 90
 101
 96
 92
 96
 113
 87
 106
 90
 95
 89
 107
 87
 81
 89
 95
 102
 113
 87
 85
 136
 105
 104
 107
 95
 109
 84
 95
 106
 91
 100
 91
 91
 90
 87
 95
 110
 81
 102
 107
 81
 102
 97
 97
 83
 83
 88
 116
 92
 98
 86
 79
 104
 91
 102
 70
 88
 103
 99
 82
 101
 80
 87
 84
 81
 96
 107
 85
 100
 81
 87
 84
 85
 84
 100
 84
 101
 95
 74
 87
 91
 96
 89
 68
 82
 94
 77
 80
 84
 87
 72
 82
 87
 101
 88
 85
 95
 83
 72
 76
 75
 83
 80
 90
 78
 88
 82
 81
 82
 78
 76
 81
 95
 82
 92
 89
 93
 106
 81
 76
 77
 72
 102
 68
 94
 91
 82
 76
 89
 88
 77
 79
 90
 84
 98
 69
 80
 79
 71
 80
 83
 89
 77
 78
 82
 81
 86
 64
 77
 93
 71
 88
 71
 96
 86
 80
 72
 75
 69
 84
 79
 78
 66
 77
 72
 73
 76
 58
 74
 77
 71
 71
 75
 88
 69
 86
 92
 82
 96
 81
 78
 85
 80
 95
 70
 70
 73
 68
 48
 59
 91
 82
 91
 78
 88
 87
 66
 78
 80
 78
 63
 74
 84
 71
 74
 64
 77
 80
 75
 65
 68
 69
 77
 71
 89
 74
 81
 57
 70
 65
 71
 72
 66
 78
 72
 81
 78
 72
 73
 61
 66
 77
 77
 75
 80
 71
 70
 67
