VERSION:    3.1
ELEMENTS:              1
DATE:       JUN 11, 2017 16:59:42.**
CHANNELS:           4000
ROIS:        0
REAL_TIME:   1328.7399902
LIVE_TIME:   1300.3000488
CAL_OFFSET:  6.7178987e-002
CAL_SLOPE:   3.1603590e-002
CAL_QUAD:    0.0000000e+000
TWO_THETA:   15.0033941
DATA: 
 0
 0
 0
 0
 0
 0
 0
 0
 0
 0
 0
 0
 0
 0
 0
 0
 0
 0
 0
 0
 0
 0
 0
 0
 0
 0
 0
 0
 0
 0
 0
 0
 0
 0
 0
 0
 0
 0
 0
 0
 0
 0
 0
 0
 0
 0
 0
 0
 0
 0
 0
 0
 0
 0
 0
 0
 0
 0
 0
 0
 0
 0
 0
 0
 0
 0
 0
 0
 0
 0
 5
 28
 35
 32
 34
 28
 30
 32
 29
 23
 25
 26
 32
 41
 25
 35
 31
 30
 42
 28
 42
 41
 37
 39
 29
 22
 33
 24
 48
 31
 39
 32
 27
 29
 38
 41
 42
 28
 35
 30
 38
 27
 41
 33
 40
 41
 42
 48
 34
 51
 39
 55
 44
 40
 55
 62
 47
 60
 64
 59
 56
 57
 74
 75
 64
 77
 54
 70
 86
 94
 84
 72
 73
 91
 100
 76
 88
 85
 99
 71
 105
 92
 116
 112
 112
 98
 106
 105
 131
 116
 113
 128
 121
 125
 134
 136
 120
 114
 125
 141
 118
 142
 156
 154
 141
 154
 141
 130
 134
 161
 163
 155
 161
 126
 175
 150
 152
 157
 150
 165
 177
 152
 169
 181
 173
 176
 163
 172
 167
 182
 171
 185
 169
 165
 194
 195
 179
 175
 172
 163
 182
 159
 190
 164
 169
 167
 173
 172
 178
 172
 159
 170
 194
 192
 156
 188
 165
 169
 181
 195
 173
 174
 174
 159
 187
 175
 196
 174
 170
 179
 180
 180
 174
 178
 182
 194
 173
 197
 182
 187
 174
 157
 146
 158
 177
 173
 161
 145
 180
 149
 188
 152
 162
 172
 198
 144
 167
 178
 156
 167
 187
 161
 166
 172
 181
 180
 140
 163
 162
 168
 155
 160
 168
 144
 177
 148
 145
 172
 164
 155
 134
 154
 134
 158
 160
 166
 136
 141
 154
 156
 147
 144
 133
 156
 168
 153
 165
 144
 143
 158
 149
 134
 135
 135
 144
 143
 145
 134
 139
 136
 121
 129
 137
 127
 108
 142
 143
 146
 125
 144
 138
 132
 130
 134
 128
 125
 132
 134
 98
 118
 140
 143
 125
 123
 106
 116
 112
 128
 120
 128
 124
 123
 122
 121
 129
 114
 109
 114
 102
 108
 106
 115
 114
 101
 111
 113
 112
 108
 94
 124
 115
 89
 115
 108
 114
 100
 89
 91
 97
 92
 104
 112
 83
 100
 99
 95
 92
 84
 86
 90
 87
 111
 99
 81
 106
 80
 100
 114
 100
 96
 102
 100
 96
 103
 77
 115
 89
 92
 95
 70
 103
 85
 83
 87
 91
 81
 76
 86
 79
 84
 72
 83
 75
 78
 85
 91
 68
 79
 61
 80
 67
 82
 78
 73
 63
 78
 74
 91
 72
 70
 59
 76
 85
 50
 73
 55
 87
 67
 76
 74
 87
 67
 69
 61
 62
 58
 79
 76
 62
 72
 53
 74
 81
 77
 68
 75
 62
 65
 69
 57
 57
 64
 78
 53
 61
 62
 65
 52
 59
 69
 58
 57
 65
 76
 63
 70
 57
 74
 68
 51
 50
 76
 69
 75
 71
 65
 87
 59
 67
 81
 43
 57
 50
 66
 60
 57
 55
 60
 72
 47
 56
 44
 56
 68
 45
 49
 53
 50
 51
 52
 48
 44
 46
 49
 45
 42
 48
 58
 60
 57
 52
 47
 49
 58
 56
 46
 50
 45
 56
 51
 44
 48
 54
 55
 46
 49
 70
 52
 62
 64
 59
 55
 38
 61
 51
 45
 69
 60
 58
 44
 41
 56
 53
 42
 52
 70
 56
 48
 47
 46
 36
 63
 41
 48
 43
 32
 45
 51
 47
 56
 43
 55
 44
 52
 27
 34
 37
 52
 41
 39
 32
 43
 46
 43
 43
 52
 44
 42
 63
 45
 42
 47
 46
 59
 37
 48
 45
 45
 49
 48
 42
 41
 53
 46
 37
 37
 40
 48
 39
 32
 37
 37
 39
 47
 39
 33
 44
 35
 40
 42
 34
 47
 38
 50
 42
 45
 46
 36
 48
 49
 41
 36
 40
 38
 37
 43
 35
 45
 51
 49
 47
 38
 43
 37
 47
 39
 37
 47
 50
 32
 38
 51
 39
 41
 45
 48
 37
 49
 44
 51
 29
 45
 54
 45
 42
 40
 39
 41
 51
 34
 41
 45
 45
 56
 46
 56
 41
 42
 53
 46
 39
 36
 49
 58
 53
 36
 49
 45
 35
 48
 32
 58
 42
 25
 46
 42
 49
 35
 40
 38
 44
 38
 49
 37
 45
 48
 48
 40
 40
 49
 42
 39
 34
 40
 55
 41
 55
 42
 40
 39
 26
 46
 42
 59
 41
 37
 49
 45
 38
 41
 39
 38
 44
 36
 48
 43
 34
 58
 50
 44
 59
 53
 30
 52
 51
 58
 58
 41
 50
 59
 40
 53
 56
 59
 47
 58
 47
 50
 51
 44
 40
 43
 47
 38
 44
 39
 43
 32
 35
 44
 42
 45
 36
 46
 55
 59
 52
 42
 49
 44
 59
 49
 42
 52
 43
 50
 41
 41
 34
 42
 40
 46
 44
 46
 52
 36
 41
 40
 47
 37
 44
 39
 37
 44
 37
 67
 42
 54
 51
 43
 43
 56
 43
 45
 44
 53
 51
 53
 37
 49
 41
 45
 42
 33
 43
 37
 50
 44
 51
 54
 46
 42
 44
 41
 54
 50
 40
 44
 60
 35
 42
 43
 50
 49
 54
 45
 36
 45
 43
 55
 61
 42
 46
 51
 57
 48
 37
 45
 48
 45
 34
 48
 55
 44
 49
 45
 56
 50
 45
 55
 53
 43
 55
 53
 46
 39
 52
 53
 60
 51
 39
 49
 45
 36
 42
 39
 46
 43
 49
 37
 60
 49
 46
 48
 52
 45
 61
 59
 47
 28
 48
 56
 56
 67
 45
 58
 53
 58
 48
 57
 56
 54
 63
 70
 55
 51
 62
 56
 58
 58
 62
 68
 63
 84
 60
 53
 66
 62
 66
 58
 61
 70
 65
 63
 61
 67
 78
 62
 67
 60
 74
 61
 73
 68
 87
 67
 67
 63
 72
 64
 80
 69
 77
 75
 91
 68
 82
 77
 75
 75
 68
 81
 80
 53
 87
 71
 87
 85
 92
 78
 82
 93
 105
 84
 90
 73
 91
 88
 89
 84
 74
 84
 87
 92
 72
 80
 74
 91
 76
 83
 87
 102
 84
 113
 93
 112
 92
 105
 107
 104
 87
 88
 114
 113
 84
 126
 101
 103
 107
 100
 106
 107
 122
 105
 107
 98
 120
 100
 117
 125
 124
 122
 119
 133
 132
 136
 134
 108
 116
 121
 133
 127
 138
 136
 132
 125
 146
 155
 166
 128
 139
 123
 144
 125
 141
 133
 158
 154
 154
 158
 146
 154
 150
 154
 168
 131
 156
 149
 164
 157
 154
 157
 150
 179
 163
 130
 174
 179
 159
 198
 165
 172
 167
 165
 180
 184
 193
 151
 172
 190
 178
 178
 181
 189
 191
 186
 179
 199
 183
 201
 178
 198
 219
 190
 205
 200
 211
 195
 232
 207
 219
 229
 203
 237
 225
 224
 210
 245
 187
 221
 214
 245
 211
 246
 245
 224
 235
 231
 237
 248
 244
 232
 257
 256
 297
 238
 252
 257
 247
 260
 266
 269
 249
 286
 300
 261
 294
 267
 268
 261
 299
 269
 271
 282
 237
 287
 301
 307
 336
 312
 259
 297
 286
 337
 295
 314
 326
 330
 307
 291
 333
 306
 336
 293
 334
 323
 326
 347
 326
 336
 306
 352
 352
 343
 358
 327
 322
 368
 345
 341
 362
 363
 360
 326
 372
 375
 394
 393
 351
 317
 364
 382
 339
 353
 399
 362
 365
 371
 348
 380
 356
 410
 403
 421
 393
 426
 397
 381
 405
 445
 415
 411
 462
 434
 437
 429
 418
 387
 389
 453
 441
 419
 464
 445
 412
 402
 435
 435
 466
 447
 443
 463
 496
 465
 484
 447
 467
 452
 470
 472
 444
 487
 468
 459
 488
 517
 478
 530
 497
 526
 493
 546
 532
 490
 476
 511
 474
 536
 514
 536
 569
 517
 568
 536
 563
 537
 521
 550
 552
 553
 576
 536
 557
 587
 588
 567
 583
 586
 579
 588
 605
 579
 542
 606
 548
 574
 569
 598
 607
 577
 606
 606
 630
 608
 667
 641
 591
 648
 580
 599
 604
 631
 583
 611
 697
 642
 642
 617
 632
 611
 658
 668
 649
 663
 597
 690
 683
 693
 652
 641
 697
 674
 654
 691
 689
 632
 686
 692
 735
 696
 689
 679
 717
 684
 687
 694
 729
 719
 738
 700
 732
 687
 714
 742
 707
 743
 733
 743
 734
 729
 771
 746
 762
 799
 772
 759
 721
 808
 733
 802
 791
 791
 798
 830
 732
 815
 788
 776
 831
 745
 759
 783
 779
 788
 811
 849
 795
 786
 806
 816
 842
 806
 830
 842
 845
 786
 881
 833
 833
 872
 864
 780
 871
 837
 842
 796
 833
 858
 850
 864
 865
 831
 864
 797
 877
 905
 854
 883
 858
 924
 897
 887
 875
 842
 897
 921
 889
 942
 885
 926
 876
 877
 889
 967
 943
 905
 856
 909
 898
 909
 873
 887
 935
 916
 922
 962
 878
 915
 942
 931
 968
 907
 905
 957
 956
 895
 903
 960
 914
 908
 964
 984
 977
 976
 955
 962
 1015
 992
 889
 954
 1052
 960
 986
 992
 914
 946
 1027
 1013
 968
 1004
 972
 1017
 958
 984
 941
 1017
 1008
 983
 1001
 966
 1039
 977
 1012
 1038
 1030
 992
 1031
 1022
 975
 1007
 1004
 1027
 1021
 1041
 1016
 999
 996
 1019
 985
 1024
 1066
 1061
 1016
 1065
 1069
 982
 1055
 1020
 1024
 1043
 1097
 1048
 983
 1067
 1031
 1033
 1035
 1084
 1071
 1052
 1046
 1064
 1095
 1094
 1081
 1074
 1064
 1040
 1086
 1023
 1091
 1078
 1048
 1049
 1057
 1080
 1120
 1095
 1109
 1174
 1096
 1069
 1102
 1120
 1073
 1084
 1034
 1081
 1070
 1049
 1065
 1109
 1106
 1110
 1141
 1101
 1088
 1036
 1125
 1088
 1144
 1113
 1230
 1157
 1102
 1130
 1170
 1185
 1097
 1117
 1096
 1107
 1111
 1115
 1105
 1120
 1137
 1126
 1071
 1121
 1124
 1079
 1111
 1145
 1070
 1136
 1106
 1176
 1141
 1132
 1131
 1125
 1088
 1177
 1141
 1136
 1144
 1137
 1124
 1128
 1185
 1139
 1148
 1141
 1160
 1152
 1149
 1118
 1143
 1227
 1186
 1134
 1193
 1180
 1155
 1158
 1154
 1151
 1160
 1182
 1126
 1209
 1169
 1135
 1133
 1149
 1150
 1152
 1150
 1101
 1203
 1189
 1143
 1128
 1235
 1154
 1071
 1171
 1237
 1184
 1220
 1181
 1171
 1190
 1122
 1163
 1152
 1212
 1190
 1204
 1156
 1108
 1113
 1142
 1247
 1211
 1141
 1207
 1215
 1252
 1135
 1160
 1201
 1215
 1211
 1196
 1211
 1164
 1131
 1236
 1127
 1256
 1207
 1128
 1217
 1229
 1227
 1214
 1215
 1256
 1217
 1200
 1188
 1192
 1235
 1158
 1216
 1231
 1208
 1177
 1255
 1227
 1207
 1199
 1195
 1189
 1196
 1197
 1223
 1183
 1216
 1232
 1212
 1202
 1205
 1198
 1152
 1177
 1191
 1292
 1204
 1192
 1181
 1206
 1185
 1168
 1161
 1238
 1307
 1191
 1173
 1239
 1236
 1200
 1255
 1197
 1225
 1213
 1199
 1255
 1214
 1220
 1220
 1197
 1246
 1202
 1242
 1310
 1245
 1229
 1225
 1246
 1222
 1241
 1198
 1237
 1212
 1203
 1263
 1173
 1199
 1290
 1212
 1234
 1199
 1284
 1232
 1191
 1217
 1213
 1236
 1255
 1231
 1231
 1194
 1186
 1185
 1217
 1236
 1212
 1199
 1300
 1258
 1263
 1206
 1211
 1242
 1287
 1168
 1154
 1238
 1199
 1181
 1222
 1214
 1188
 1198
 1228
 1205
 1203
 1193
 1258
 1238
 1211
 1197
 1202
 1249
 1236
 1260
 1182
 1190
 1192
 1267
 1249
 1248
 1231
 1187
 1170
 1185
 1240
 1267
 1277
 1137
 1245
 1197
 1229
 1186
 1224
 1240
 1263
 1231
 1248
 1191
 1287
 1138
 1198
 1280
 1129
 1181
 1220
 1168
 1281
 1184
 1242
 1207
 1190
 1220
 1267
 1156
 1191
 1243
 1181
 1198
 1123
 1132
 1181
 1226
 1215
 1124
 1168
 1244
 1191
 1204
 1124
 1208
 1170
 1224
 1159
 1223
 1206
 1257
 1213
 1183
 1207
 1223
 1268
 1187
 1225
 1187
 1223
 1156
 1218
 1081
 1138
 1212
 1168
 1220
 1175
 1155
 1136
 1201
 1146
 1165
 1191
 1146
 1153
 1137
 1143
 1143
 1148
 1213
 1100
 1195
 1161
 1196
 1124
 1184
 1139
 1224
 1093
 1161
 1131
 1156
 1174
 1193
 1157
 1151
 1106
 1140
 1171
 1113
 1190
 1199
 1140
 1071
 1174
 1220
 1128
 1161
 1118
 1115
 1173
 1146
 1142
 1226
 1104
 1219
 1154
 1140
 1104
 1218
 1127
 1145
 1127
 1153
 1165
 1155
 1151
 1063
 1149
 1150
 1106
 1125
 1174
 1160
 1039
 1128
 1129
 1116
 1126
 1100
 1109
 1196
 1043
 1111
 1105
 1102
 1138
 1156
 1131
 1118
 1085
 1145
 1128
 1194
 1158
 1147
 1124
 1111
 1060
 1136
 1164
 1119
 1088
 1126
 1099
 1129
 1145
 1108
 1077
 1108
 1111
 1053
 1104
 1131
 1089
 1045
 1109
 1113
 1118
 1051
 1099
 1123
 1142
 1056
 1102
 1081
 1110
 1186
 1076
 1095
 1060
 1089
 1103
 1153
 1094
 1055
 1086
 1050
 1062
 1069
 1061
 1058
 1142
 1111
 1099
 1126
 1097
 1094
 1046
 1147
 1058
 1057
 1032
 1076
 1032
 1105
 1068
 1061
 1042
 1035
 1097
 1085
 1070
 1081
 1100
 1057
 1074
 1080
 1078
 1033
 1049
 1115
 1049
 1119
 1059
 1070
 1021
 1128
 1025
 1047
 999
 1138
 1049
 1065
 1068
 1058
 1057
 1069
 1076
 1023
 1112
 1025
 1082
 1096
 1022
 999
 988
 1009
 1081
 1002
 1060
 1047
 1018
 1082
 1067
 1020
 1046
 1010
 1021
 1036
 1067
 979
 1066
 1031
 989
 1000
 1019
 986
 1003
 964
 1013
 980
 1001
 987
 1030
 984
 977
 927
 1079
 979
 992
 1034
 990
 1077
 1031
 973
 957
 979
 965
 1001
 1004
 958
 1046
 1028
 1001
 1101
 999
 1002
 1036
 936
 941
 991
 969
 999
 980
 950
 1002
 972
 967
 977
 921
 941
 954
 1037
 939
 970
 949
 970
 947
 941
 994
 944
 920
 976
 931
 989
 931
 917
 932
 926
 866
 950
 948
 929
 889
 922
 939
 877
 896
 841
 870
 884
 900
 870
 909
 870
 856
 883
 917
 898
 882
 898
 859
 837
 842
 853
 872
 894
 883
 804
 890
 912
 818
 832
 800
 864
 818
 761
 796
 819
 798
 741
 715
 732
 764
 731
 744
 739
 721
 723
 745
 790
 720
 718
 758
 731
 774
 745
 759
 706
 705
 697
 701
 803
 723
 721
 697
 752
 766
 715
 798
 730
 760
 734
 729
 703
 686
 752
 726
 763
 738
 767
 725
 682
 692
 719
 697
 700
 733
 752
 707
 717
 752
 711
 709
 680
 657
 740
 756
 685
 697
 688
 684
 655
 674
 734
 693
 667
 679
 642
 677
 679
 690
 645
 679
 671
 681
 633
 693
 663
 662
 730
 666
 671
 728
 640
 707
 650
 699
 718
 649
 710
 732
 696
 627
 676
 690
 671
 692
 708
 668
 673
 690
 647
 669
 719
 640
 669
 642
 669
 642
 632
 630
 682
 661
 630
 635
 663
 606
 638
 611
 674
 643
 618
 604
 613
 623
 642
 641
 646
 653
 652
 634
 634
 590
 663
 628
 625
 644
 647
 661
 613
 636
 597
 656
 634
 630
 594
 631
 597
 644
 621
 602
 601
 583
 611
 624
 620
 644
 599
 612
 598
 618
 571
 615
 606
 599
 626
 601
 618
 612
 594
 621
 598
 590
 610
 610
 576
 583
 596
 531
 576
 574
 575
 566
 575
 528
 572
 561
 543
 576
 565
 610
 573
 595
 572
 589
 599
 610
 573
 538
 583
 537
 545
 576
 545
 569
 567
 547
 563
 589
 538
 560
 564
 604
 594
 553
 550
 536
 593
 543
 551
 580
 586
 574
 524
 567
 558
 547
 562
 547
 528
 540
 556
 571
 559
 573
 516
 561
 542
 513
 562
 541
 526
 499
 554
 496
 562
 530
 541
 541
 563
 495
 541
 531
 512
 530
 520
 508
 513
 571
 516
 470
 514
 534
 487
 518
 523
 475
 537
 520
 521
 520
 529
 565
 518
 524
 538
 527
 526
 522
 499
 518
 522
 475
 482
 506
 529
 496
 492
 476
 479
 507
 470
 527
 518
 501
 494
 511
 551
 463
 479
 452
 478
 497
 463
 506
 525
 521
 471
 491
 502
 471
 457
 485
 463
 494
 449
 454
 484
 459
 450
 484
 437
 473
 460
 474
 456
 495
 448
 428
 487
 473
 484
 481
 463
 506
 422
 481
 469
 456
 517
 423
 476
 513
 444
 474
 446
 438
 481
 468
 419
 479
 443
 502
 448
 453
 388
 455
 435
 440
 410
 483
 443
 430
 417
 403
 420
 465
 442
 446
 413
 424
 426
 453
 413
 413
 430
 462
 441
 428
 432
 448
 421
 465
 415
 449
 405
 393
 419
 449
 429
 402
 424
 407
 452
 376
 411
 401
 418
 420
 396
 390
 416
 419
 420
 418
 420
 407
 395
 390
 413
 390
 383
 409
 386
 379
 368
 383
 386
 428
 390
 440
 384
 417
 389
 398
 442
 401
 404
 393
 371
 402
 394
 380
 406
 395
 445
 410
 400
 388
 399
 372
 376
 366
 409
 362
 324
 376
 403
 373
 359
 386
 391
 383
 384
 351
 372
 390
 385
 356
 352
 401
 357
 398
 365
 338
 369
 376
 373
 383
 348
 352
 366
 382
 384
 378
 397
 335
 379
 332
 344
 378
 368
 374
 383
 335
 330
 382
 349
 368
 323
 338
 370
 372
 344
 335
 353
 343
 370
 324
 371
 364
 361
 340
 347
 325
 345
 323
 340
 303
 307
 353
 349
 329
 327
 346
 303
 315
 341
 338
 363
 321
 322
 286
 308
 316
 358
 320
 290
 325
 322
 305
 312
 336
 334
 317
 348
 297
 292
 297
 340
 303
 341
 318
 335
 341
 314
 351
 320
 297
 320
 312
 297
 331
 330
 353
 293
 341
 311
 315
 302
 307
 324
 311
 348
 323
 308
 282
 297
 274
 306
 281
 285
 297
 318
 287
 267
 305
 287
 277
 297
 310
 294
 304
 304
 316
 278
 307
 283
 275
 275
 271
 249
 283
 290
 290
 252
 297
 269
 270
 292
 288
 284
 277
 286
 261
 275
 295
 255
 249
 264
 289
 273
 288
 291
 290
 277
 260
 287
 281
 257
 262
 259
 254
 266
 261
 287
 271
 236
 242
 268
 238
 274
 268
 271
 263
 236
 288
 273
 246
 277
 266
 268
 274
 268
 291
 258
 257
 242
 244
 258
 221
 235
 234
 250
 258
 249
 257
 263
 255
 235
 250
 244
 270
 259
 269
 233
 263
 255
 241
 250
 231
 266
 249
 276
 250
 259
 258
 263
 232
 231
 240
 264
 230
 228
 216
 238
 262
 249
 229
 239
 208
 229
 245
 247
 200
 255
 233
 219
 220
 249
 267
 224
 198
 216
 212
 235
 235
 237
 223
 221
 221
 259
 214
 214
 255
 243
 221
 224
 216
 225
 207
 210
 235
 204
 225
 215
 235
 225
 217
 221
 197
 217
 228
 209
 210
 240
 210
 226
 195
 212
 205
 212
 191
 217
 231
 230
 207
 222
 217
 234
 191
 212
 191
 197
 208
 204
 197
 235
 203
 204
 195
 205
 191
 186
 207
 185
 202
 204
 227
 192
 201
 207
 198
 191
 195
 211
 202
 202
 193
 204
 211
 203
 211
 201
 203
 203
 191
 189
 189
 193
 191
 182
 182
 176
 203
 196
 166
 179
 195
 193
 189
 187
 180
 208
 195
 165
 189
 212
 184
 205
 185
 209
 175
 218
 160
 165
 185
 194
 203
 183
 205
 184
 170
 186
 160
 169
 167
 186
 185
 162
 186
 166
 190
 188
 179
 172
 189
 157
 176
 175
 199
 159
 161
 143
 177
 178
 161
 185
 180
 160
 170
 150
 166
 182
 187
 133
 158
 169
 156
 158
 160
 173
 190
 159
 161
 166
 152
 131
 162
 179
 172
 178
 157
 174
 175
 178
 150
 161
 179
 169
 163
 159
 169
 168
 153
 142
 168
 142
 126
 167
 138
 164
 176
 157
 165
 163
 171
 162
 173
 163
 155
 166
 162
 152
 164
 179
 145
 152
 162
 161
 151
 145
 154
 154
 135
 139
 146
 160
 168
 131
 143
 156
 161
 148
 139
 128
 149
 160
 172
 157
 180
 152
 158
 142
 158
 147
 141
 172
 163
 140
 152
 135
 131
 129
 127
 131
 133
 147
 117
 152
 135
 131
 164
 151
 144
 124
 143
 130
 129
 150
 154
 122
 128
 136
 135
 163
 144
 146
 120
 142
 167
 139
 132
 127
 134
 133
 136
 133
 145
 109
 121
 138
 131
 125
 124
 129
 123
 140
 136
 135
 133
 131
 139
 123
 142
 120
 133
 110
 122
 118
 134
 130
 109
 144
 131
 128
 122
 122
 144
 136
 132
 137
 140
 124
 119
 108
 124
 133
 136
 122
 109
 120
 126
 136
 127
 122
 126
 106
 125
 115
 125
 126
 124
 117
 121
 112
 132
 112
 131
 125
 115
 121
 110
 115
 107
 138
 122
 123
 112
 116
 118
 124
 97
 126
 126
 110
 112
 113
 125
 126
 101
 111
 105
 122
 94
 129
 117
 115
 113
 113
 132
 112
 110
 126
 104
 101
 108
 114
 112
 104
 99
 137
 91
 107
 101
 94
 126
 122
 104
 104
 127
 123
 97
 103
 103
 94
 103
 87
 112
 105
 116
 108
 100
 96
 102
 93
 104
 106
 102
 94
 84
 119
 91
 96
 88
 101
 103
 119
 119
 97
 105
 96
 78
 111
 90
 73
 90
 86
 88
 104
 97
 110
 104
 92
 107
 98
 116
 114
 100
 97
 111
 101
 92
 115
 97
 106
 98
 106
 103
 94
 98
 111
 112
 87
 91
 104
 114
 97
 83
 102
 76
 108
 88
 95
 104
 109
 85
 84
 88
 90
 88
 90
 68
 92
 84
 105
 101
 86
 99
 87
 72
 72
 104
 85
 90
 88
 100
 91
 91
 88
 93
 90
 60
 92
 91
 103
 79
 79
 89
 78
 83
 87
 95
 97
 87
 92
 76
 70
 80
 68
 98
 79
 83
 80
 84
 91
 88
 84
 87
 85
 78
 92
 69
 102
 95
 77
 80
 68
 95
 96
 101
 57
 82
 67
 82
 83
 87
 75
 76
 76
 75
 93
 75
 88
 56
 86
 107
 62
 74
 70
 70
 98
 89
 79
 73
 82
 80
 80
 82
 91
 91
 65
 79
 76
 69
 59
 73
 90
 91
 81
 85
 81
 81
 80
 59
 74
 78
 74
 73
 61
 67
 79
 74
 67
 61
 68
 67
 75
 72
 63
 68
 63
 79
 85
 82
 67
 65
 66
 80
 65
 65
 80
 61
 60
 73
 80
 65
 54
 71
 62
 68
 72
 79
 55
 62
 61
 79
 62
 73
 64
 60
 68
 69
 68
 72
 64
 69
 67
 69
 75
 61
 67
 61
 71
 71
 66
 63
 57
 60
 56
 62
 74
 69
 60
 69
 54
 60
 63
 63
 72
 51
 63
 56
 65
 64
 60
 54
 52
 58
 59
 68
 79
 60
 47
 71
 65
 66
 67
 52
 49
 81
 71
 64
 55
 48
 63
 51
 58
 54
 77
 68
 65
 56
 56
 52
 52
 51
 53
 55
 54
 59
 59
 59
 57
 48
 60
 47
 65
 65
 57
 49
 60
 54
 59
 62
 52
 64
 62
 59
 52
 56
 53
 51
 56
 55
 62
 76
 60
 50
 62
 43
 47
 68
 68
 44
 57
 50
 52
 42
 49
 49
 56
 58
 57
 62
 57
 47
 44
 56
 49
 45
 50
 44
 62
 51
 59
 54
 60
 49
 66
 61
 45
 60
 54
 50
 62
 49
 44
 51
 50
 52
 45
 48
 50
 38
 45
 60
 53
 41
 54
 47
 46
 51
 63
 50
 45
 52
 49
 52
 36
 43
 43
 32
 45
 42
 49
 42
 52
 52
 46
 43
 45
 50
 54
 43
 51
 43
 44
 51
 47
 46
 47
 61
 51
 49
 55
 40
 42
 35
 53
 36
 52
 46
 43
 46
 50
 52
 44
 51
 46
 43
 32
 38
 45
 44
 34
 36
 44
 35
 37
 43
 56
 58
 48
 36
 34
 41
 46
 29
 53
 40
 46
 39
 37
 37
 43
 35
 38
 39
 32
 41
 42
 40
 47
 42
 58
 55
 48
 46
 42
 30
 34
 41
 50
 38
 46
 43
 27
 38
 46
 38
 42
 35
 34
 40
 37
 35
 46
 36
 33
 30
 38
 44
 38
 46
 32
 40
 32
 40
 39
 34
 31
 38
 41
 38
 39
 39
 48
 34
 39
 38
 45
 45
 32
 49
 45
 44
 42
 35
 37
 43
 36
 37
 44
 33
 41
 39
 36
 39
 42
 29
 38
 35
 27
 42
 30
 37
 28
 31
 37
 40
 34
 36
 33
 40
 34
 36
 24
 42
 47
 30
 33
 36
 42
 36
 37
 40
 29
 37
 41
 35
 40
 42
 36
 39
 39
 21
 34
 35
 24
 36
 32
 39
 45
 33
 53
 29
 32
 42
 31
 35
 31
 42
 30
 33
 29
 39
 31
 26
 30
 23
 30
 31
 32
 37
 31
 31
 35
 36
 29
 31
 31
 34
 37
 33
 36
 28
 33
 24
 30
 34
 39
 31
 35
 35
 33
 38
 31
 25
 39
 37
 22
 22
 32
 30
 26
 36
 22
 24
 37
 30
 26
 37
 26
 25
 40
 23
 23
 28
 35
 32
 34
 29
 30
 37
 32
 37
 36
 25
 26
 28
 24
 32
 36
 28
 24
 22
 34
 30
 33
 45
 30
 28
 36
 29
 21
 32
 33
 15
 28
 31
 31
 37
 28
 33
 17
 25
 32
 31
 29
 26
 30
 31
 20
 26
 30
 29
 29
 27
 26
 23
 35
 22
 35
 16
 24
 28
 25
 35
 21
 23
 22
 34
 22
 23
 22
 24
