VERSION:    3.1
ELEMENTS:              1
DATE:       JUN 11, 2017 15:46:18.**
CHANNELS:           4000
ROIS:        0
REAL_TIME:   571.5499878
LIVE_TIME:   500.2900085
CAL_OFFSET:  6.7178987e-002
CAL_SLOPE:   3.1603590e-002
CAL_QUAD:    0.0000000e+000
TWO_THETA:   3.0033941
DATA: 
 0
 0
 0
 0
 0
 0
 0
 0
 0
 0
 0
 0
 0
 0
 0
 0
 0
 0
 0
 0
 0
 0
 0
 0
 0
 0
 0
 0
 0
 0
 0
 0
 0
 0
 0
 0
 0
 0
 0
 0
 0
 0
 0
 0
 0
 0
 0
 0
 0
 0
 0
 0
 0
 0
 0
 0
 0
 0
 0
 0
 0
 0
 0
 0
 0
 0
 0
 0
 0
 0
 14
 207
 216
 193
 213
 203
 206
 205
 217
 216
 213
 201
 213
 211
 222
 207
 215
 249
 211
 200
 230
 194
 216
 215
 203
 198
 225
 221
 217
 204
 229
 226
 225
 199
 230
 225
 221
 251
 212
 223
 212
 236
 210
 233
 233
 211
 237
 212
 221
 235
 219
 202
 208
 208
 209
 204
 224
 214
 219
 201
 214
 251
 225
 241
 230
 234
 240
 225
 240
 228
 228
 244
 242
 249
 258
 247
 238
 244
 250
 276
 218
 221
 232
 256
 234
 241
 234
 229
 226
 227
 268
 230
 275
 234
 268
 246
 305
 240
 290
 287
 306
 284
 314
 302
 288
 323
 331
 301
 299
 336
 321
 310
 341
 304
 299
 313
 336
 311
 301
 334
 363
 366
 357
 349
 364
 342
 316
 338
 355
 346
 341
 348
 378
 376
 350
 375
 372
 354
 375
 380
 380
 391
 385
 364
 360
 379
 360
 379
 407
 380
 409
 383
 383
 368
 389
 402
 402
 364
 412
 415
 405
 418
 390
 384
 418
 407
 408
 365
 378
 384
 394
 405
 396
 383
 426
 377
 445
 454
 442
 440
 399
 457
 406
 412
 437
 404
 475
 423
 405
 475
 483
 435
 451
 459
 461
 436
 415
 436
 442
 473
 465
 440
 451
 461
 485
 453
 437
 444
 464
 536
 470
 470
 491
 461
 474
 493
 470
 462
 506
 489
 487
 471
 539
 466
 476
 502
 471
 481
 449
 495
 440
 492
 485
 499
 446
 482
 467
 487
 491
 492
 491
 502
 515
 479
 480
 544
 471
 537
 517
 445
 473
 480
 485
 475
 483
 487
 488
 483
 480
 552
 459
 518
 512
 461
 514
 510
 494
 504
 520
 507
 489
 515
 513
 485
 465
 464
 510
 434
 471
 516
 478
 455
 475
 521
 510
 509
 477
 497
 543
 503
 506
 511
 522
 484
 504
 527
 455
 461
 466
 465
 471
 472
 502
 469
 481
 498
 506
 454
 483
 452
 465
 457
 481
 460
 480
 478
 462
 487
 458
 449
 489
 454
 493
 482
 467
 438
 455
 496
 454
 450
 466
 488
 450
 476
 420
 417
 431
 471
 436
 450
 398
 428
 414
 409
 428
 425
 437
 437
 369
 400
 417
 426
 403
 405
 368
 424
 395
 446
 379
 412
 431
 399
 390
 409
 427
 427
 429
 409
 384
 416
 418
 398
 397
 430
 389
 395
 387
 401
 403
 384
 380
 404
 380
 428
 381
 388
 397
 362
 420
 443
 371
 375
 363
 389
 362
 372
 398
 358
 400
 344
 363
 388
 418
 397
 353
 316
 340
 364
 370
 370
 382
 343
 374
 340
 349
 355
 347
 345
 336
 328
 370
 350
 342
 357
 358
 354
 334
 370
 297
 363
 342
 347
 370
 352
 337
 347
 376
 330
 363
 362
 316
 314
 329
 363
 318
 307
 335
 311
 340
 373
 350
 324
 324
 338
 342
 311
 340
 316
 319
 350
 302
 316
 321
 325
 313
 318
 340
 319
 326
 293
 320
 295
 305
 299
 290
 307
 355
 284
 305
 306
 313
 287
 293
 313
 296
 323
 310
 316
 301
 305
 314
 285
 286
 301
 347
 295
 325
 352
 306
 285
 302
 313
 269
 320
 308
 290
 304
 291
 290
 285
 289
 292
 274
 292
 289
 286
 265
 293
 290
 257
 254
 267
 273
 286
 260
 287
 292
 281
 261
 277
 305
 291
 275
 286
 281
 286
 289
 285
 300
 277
 263
 278
 243
 269
 273
 281
 270
 241
 255
 246
 255
 299
 254
 257
 288
 261
 271
 262
 286
 286
 255
 266
 246
 256
 266
 234
 264
 249
 278
 257
 222
 230
 248
 236
 246
 250
 247
 250
 243
 286
 259
 261
 245
 262
 258
 229
 240
 258
 233
 239
 253
 226
 240
 229
 249
 241
 222
 254
 230
 230
 236
 232
 230
 242
 236
 215
 237
 256
 247
 212
 244
 238
 246
 228
 239
 231
 257
 231
 254
 244
 257
 235
 216
 255
 246
 224
 213
 239
 237
 222
 230
 218
 220
 237
 250
 225
 205
 231
 225
 236
 231
 227
 218
 245
 237
 211
 239
 208
 205
 209
 235
 212
 231
 231
 230
 218
 232
 224
 251
 259
 205
 233
 215
 208
 226
 204
 232
 198
 201
 208
 214
 249
 200
 201
 211
 214
 208
 174
 170
 200
 224
 220
 205
 227
 254
 212
 220
 221
 221
 208
 199
 221
 202
 203
 196
 232
 200
 190
 206
 203
 223
 201
 213
 180
 163
 196
 195
 210
 206
 198
 188
 233
 170
 166
 184
 191
 188
 190
 192
 172
 189
 209
 180
 168
 198
 178
 189
 201
 199
 225
 180
 173
 178
 166
 186
 197
 182
 180
 175
 186
 206
 191
 187
 195
 196
 185
 182
 194
 171
 188
 181
 180
 183
 197
 177
 174
 176
 154
 180
 167
 169
 167
 198
 163
 173
 180
 152
 169
 176
 171
 183
 199
 200
 185
 165
 192
 183
 157
 177
 184
 187
 184
 159
 189
 168
 175
 166
 175
 183
 173
 178
 188
 194
 192
 180
 180
 176
 174
 168
 168
 181
 155
 166
 201
 160
 181
 179
 165
 201
 192
 162
 154
 147
 151
 165
 189
 165
 169
 154
 161
 159
 177
 143
 171
 164
 183
 185
 188
 146
 155
 146
 158
 169
 185
 180
 166
 174
 151
 171
 190
 166
 176
 183
 178
 161
 158
 158
 170
 189
 171
 162
 165
 148
 168
 157
 159
 155
 172
 160
 166
 151
 167
 172
 181
 150
 151
 147
 171
 180
 170
 134
 174
 158
 141
 159
 164
 163
 157
 177
 170
 172
 172
 169
 163
 161
 148
 151
 157
 156
 149
 165
 158
 167
 146
 159
 153
 148
 153
 164
 170
 162
 151
 172
 156
 143
 171
 172
 171
 185
 183
 161
 172
 158
 166
 142
 150
 162
 160
 156
 152
 159
 154
 166
 143
 162
 170
 163
 165
 162
 181
 171
 141
 151
 155
 174
 184
 161
 126
 149
 164
 150
 144
 150
 136
 161
 160
 161
 162
 163
 187
 156
 139
 159
 175
 183
 169
 155
 137
 157
 174
 160
 158
 162
 154
 161
 151
 158
 158
 141
 177
 163
 153
 154
 136
 168
 167
 171
 173
 157
 153
 179
 175
 144
 190
 143
 157
 155
 165
 150
 171
 168
 162
 157
 160
 182
 164
 162
 166
 185
 154
 169
 167
 177
 150
 156
 145
 163
 156
 145
 151
 153
 165
 157
 166
 167
 162
 163
 152
 189
 162
 158
 174
 167
 176
 169
 162
 178
 162
 160
 159
 151
 179
 142
 183
 180
 163
 171
 162
 157
 173
 175
 198
 171
 170
 143
 171
 152
 169
 173
 169
 213
 178
 191
 184
 185
 182
 186
 180
 183
 165
 175
 186
 181
 169
 182
 165
 191
 186
 207
 190
 189
 170
 175
 194
 204
 189
 198
 194
 162
 186
 184
 204
 202
 217
 192
 204
 190
 225
 184
 180
 189
 201
 166
 176
 196
 188
 208
 210
 177
 215
 211
 194
 197
 196
 195
 208
 191
 211
 227
 209
 227
 189
 191
 230
 206
 195
 207
 210
 236
 220
 187
 227
 207
 218
 214
 191
 214
 213
 219
 226
 233
 235
 240
 225
 229
 215
 231
 206
 235
 239
 224
 230
 232
 241
 237
 249
 245
 215
 234
 253
 243
 230
 225
 240
 198
 250
 271
 227
 240
 239
 245
 218
 224
 275
 236
 238
 255
 224
 235
 273
 280
 255
 270
 254
 236
 212
 271
 287
 282
 261
 266
 256
 243
 274
 228
 270
 286
 248
 297
 267
 266
 265
 314
 277
 269
 291
 288
 281
 240
 292
 288
 279
 265
 280
 270
 300
 267
 293
 277
 279
 296
 294
 311
 302
 324
 283
 309
 287
 338
 301
 300
 300
 287
 306
 295
 319
 286
 304
 320
 335
 311
 332
 326
 330
 333
 322
 336
 318
 315
 316
 314
 320
 335
 319
 353
 322
 335
 351
 338
 329
 341
 342
 356
 347
 339
 366
 340
 349
 326
 333
 339
 338
 353
 314
 376
 368
 348
 374
 331
 374
 370
 348
 353
 357
 345
 357
 360
 365
 431
 389
 368
 372
 357
 375
 340
 367
 399
 368
 375
 360
 384
 390
 384
 423
 362
 394
 386
 366
 425
 391
 387
 386
 402
 400
 396
 386
 400
 397
 386
 418
 408
 398
 384
 408
 414
 408
 424
 412
 388
 404
 413
 396
 405
 434
 436
 449
 378
 413
 447
 448
 448
 409
 401
 413
 423
 446
 429
 455
 410
 406
 400
 429
 395
 453
 459
 442
 416
 445
 461
 458
 443
 458
 471
 429
 428
 451
 421
 448
 465
 441
 459
 496
 474
 473
 461
 441
 481
 478
 499
 465
 457
 454
 466
 460
 461
 455
 485
 484
 475
 500
 517
 494
 511
 513
 472
 493
 491
 554
 481
 493
 490
 498
 491
 465
 488
 522
 511
 512
 494
 506
 534
 512
 486
 505
 523
 519
 517
 499
 542
 576
 523
 499
 522
 506
 492
 538
 533
 540
 503
 556
 498
 555
 523
 538
 551
 532
 538
 533
 562
 509
 522
 587
 502
 503
 582
 549
 528
 568
 538
 568
 568
 550
 573
 563
 601
 520
 589
 562
 590
 602
 612
 606
 589
 583
 552
 596
 550
 571
 618
 609
 578
 570
 597
 524
 576
 570
 571
 604
 560
 578
 573
 608
 584
 608
 588
 589
 586
 618
 569
 610
 595
 603
 592
 602
 577
 577
 596
 643
 590
 647
 581
 619
 590
 577
 624
 605
 622
 608
 606
 576
 636
 626
 672
 631
 604
 651
 635
 618
 641
 628
 623
 646
 619
 628
 640
 672
 629
 652
 614
 644
 641
 662
 684
 634
 658
 642
 641
 652
 713
 601
 681
 627
 663
 660
 654
 684
 674
 638
 667
 703
 621
 659
 677
 675
 709
 660
 652
 682
 656
 670
 677
 689
 671
 744
 682
 655
 674
 674
 695
 669
 650
 689
 719
 669
 667
 718
 667
 696
 728
 696
 708
 712
 755
 702
 702
 713
 696
 707
 681
 748
 717
 683
 739
 730
 709
 714
 683
 746
 711
 709
 651
 706
 688
 724
 746
 717
 711
 693
 710
 748
 783
 758
 730
 778
 744
 733
 722
 730
 764
 734
 737
 772
 773
 746
 700
 728
 720
 784
 760
 709
 758
 721
 768
 793
 780
 767
 805
 731
 733
 813
 779
 786
 777
 731
 782
 770
 799
 771
 769
 723
 787
 797
 795
 764
 802
 750
 767
 789
 800
 760
 799
 800
 870
 834
 807
 794
 860
 833
 750
 737
 795
 794
 755
 841
 788
 811
 794
 820
 799
 801
 781
 836
 842
 795
 768
 851
 837
 781
 803
 811
 760
 800
 836
 798
 801
 833
 798
 835
 815
 820
 855
 815
 847
 863
 789
 844
 879
 817
 833
 914
 897
 841
 848
 814
 835
 787
 814
 814
 911
 817
 927
 855
 879
 931
 830
 874
 844
 885
 857
 844
 838
 849
 878
 949
 857
 897
 912
 907
 941
 849
 853
 970
 930
 944
 941
 897
 918
 899
 907
 922
 961
 915
 955
 890
 933
 868
 893
 894
 899
 853
 943
 903
 874
 958
 918
 839
 954
 973
 914
 880
 962
 940
 932
 914
 923
 916
 922
 893
 922
 905
 898
 860
 945
 942
 893
 905
 913
 918
 858
 881
 911
 850
 938
 884
 900
 929
 878
 954
 868
 874
 920
 878
 934
 894
 859
 977
 963
 926
 949
 940
 982
 896
 980
 1039
 987
 987
 979
 971
 991
 964
 977
 997
 927
 891
 976
 919
 989
 898
 958
 940
 966
 918
 928
 917
 974
 997
 947
 932
 955
 923
 929
 917
 984
 985
 957
 978
 948
 915
 957
 987
 937
 937
 916
 932
 974
 958
 972
 945
 988
 993
 939
 988
 984
 995
 959
 995
 1016
 979
 1015
 931
 981
 960
 1000
 961
 988
 1015
 954
 996
 979
 971
 932
 1019
 1018
 984
 929
 951
 926
 935
 978
 997
 980
 1033
 978
 1009
 943
 1009
 1031
 1002
 1041
 1014
 1017
 1038
 1005
 947
 1031
 962
 1005
 1071
 1025
 980
 1035
 1023
 1000
 1058
 1002
 1073
 1027
 1026
 1024
 1037
 1051
 1088
 1092
 1024
 1038
 1026
 1049
 1088
 992
 1058
 1004
 1046
 1076
 1095
 982
 1079
 1035
 1052
 1079
 1035
 1142
 1036
 1092
 1093
 1082
 1091
 996
 1105
 1130
 1146
 1063
 1095
 1074
 1079
 1057
 1181
 1163
 1076
 1114
 1097
 1123
 1110
 1116
 1146
 1153
 1053
 1108
 1123
 1084
 1148
 1114
 1186
 1174
 1126
 1167
 1132
 1185
 1195
 1142
 1238
 1186
 1110
 1166
 1205
 1137
 1153
 1119
 1264
 1192
 1209
 1202
 1214
 1211
 1208
 1207
 1315
 1279
 1251
 1278
 1253
 1266
 1310
 1255
 1263
 1279
 1301
 1322
 1318
 1331
 1377
 1413
 1400
 1444
 1397
 1445
 1447
 1454
 1421
 1538
 1549
 1584
 1605
 1655
 1710
 1735
 1804
 1847
 1892
 2076
 2232
 2355
 2563
 2773
 3089
 3278
 3655
 4071
 4488
 4942
 5559
 6267
 7098
 7943
 8827
 9545
 10430
 11441
 12250
 13120
 13853
 14660
 15266
 15732
 16149
 16467
 16816
 16564
 16526
 16392
 15799
 15367
 15007
 14181
 13462
 12925
 12088
 11619
 10705
 9996
 9272
 8652
 7931
 7381
 6791
 6153
 5692
 5286
 4822
 4523
 4084
 3716
 3598
 3272
 3041
 2808
 2716
 2451
 2313
 2211
 2072
 1990
 1965
 1875
 1824
 1758
 1679
 1561
 1538
 1522
 1463
 1398
 1488
 1411
 1373
 1381
 1412
 1400
 1315
 1290
 1360
 1309
 1276
 1259
 1249
 1278
 1190
 1239
 1238
 1259
 1161
 1249
 1235
 1215
 1248
 1175
 1151
 1189
 1161
 1174
 1129
 1191
 1131
 1100
 1119
 1109
 1081
 1084
 1010
 979
 1021
 1029
 966
 983
 916
 945
 921
 904
 973
 960
 995
 966
 918
 938
 928
 951
 921
 916
 840
 968
 929
 952
 856
 874
 888
 897
 900
 951
 905
 939
 920
 891
 921
 842
 873
 871
 886
 909
 827
 862
 917
 919
 928
 920
 906
 891
 892
 894
 886
 864
 933
 864
 927
 930
 857
 861
 853
 917
 892
 895
 879
 868
 931
 920
 844
 884
 861
 848
 858
 934
 874
 869
 911
 873
 856
 845
 899
 812
 921
 840
 861
 848
 889
 843
 836
 880
 842
 856
 811
 813
 831
 836
 851
 886
 865
 889
 882
 857
 835
 848
 862
 822
 941
 850
 919
 850
 866
 873
 858
 866
 848
 918
 855
 856
 851
 833
 869
 847
 836
 826
 816
 862
 905
 829
 863
 827
 868
 813
 852
 874
 861
 768
 831
 846
 862
 820
 896
 869
 891
 822
 851
 888
 835
 874
 862
 918
 883
 882
 836
 886
 820
 816
 864
 825
 858
 885
 856
 890
 833
 876
 811
 851
 819
 844
 828
 827
 851
 877
 822
 904
 855
 888
 850
 866
 828
 878
 818
 866
 820
 812
 837
 831
 827
 881
 831
 833
 830
 874
 813
 867
 882
 793
 865
 880
 806
 877
 923
 850
 861
 875
 821
 847
 851
 833
 759
 850
 866
 888
 863
 837
 858
 797
 863
 805
 821
 824
 830
 843
 858
 863
 874
 873
 836
 801
 844
 877
 833
 822
 837
 852
 828
 793
 804
 848
 855
 898
 818
 851
 775
 805
 825
 822
 845
 751
 790
 816
 808
 887
 850
 784
 823
 887
 770
 802
 847
 799
 835
 861
 829
 818
 857
 876
 859
 809
 823
 874
 829
 814
 832
 836
 837
 829
 798
 783
 853
 842
 787
 863
 881
 794
 828
 850
 873
 847
 859
 844
 835
 766
 829
 828
 884
 861
 832
 838
 808
 885
 890
 860
 823
 856
 880
 854
 852
 817
 859
 787
 785
 864
 810
 833
 813
 854
 841
 815
 836
 838
 829
 802
 861
 789
 836
 858
 860
 882
 783
 837
 840
 838
 836
 826
 799
 853
 828
 802
 849
 810
 795
 824
 820
 851
 834
 837
 850
 836
 857
 773
 840
 827
 779
 845
 832
 835
 870
 844
 839
 790
 788
 901
 802
 820
 856
 837
 834
 780
 841
 880
 885
 874
 822
 844
 835
 888
 870
 809
 849
 872
 807
 843
 830
 826
 839
 814
 860
 866
 883
 849
 840
 812
 784
 857
 844
 858
 842
 882
 833
 854
 853
 843
 830
 831
 805
 810
 852
 803
 844
 780
 859
 832
 844
 854
 838
 873
 835
 844
 853
 824
 901
 824
 846
 826
 840
 850
 864
 824
 844
 868
 859
 844
 856
 824
 812
 849
 961
 886
 839
 834
 852
 861
 845
 860
 855
 862
 896
 830
 854
 837
 871
 860
 891
 875
 866
 828
 827
 880
 811
 865
 861
 877
 845
 875
 845
 881
 864
 862
 851
 839
 910
 891
 849
 866
 905
 872
 880
 891
 875
 830
 942
 811
 913
 873
 867
 870
 813
 799
 855
 832
 900
 885
 870
 845
 905
 908
 852
 824
 839
 846
 872
 847
 870
 868
 873
 859
 853
 845
 908
 897
 875
 856
 905
 855
 867
 879
 872
 918
 883
 913
 901
 970
 847
 915
 882
 885
 865
 833
 893
 920
 904
 865
 878
 872
 934
 908
 865
 827
 923
 886
 847
 860
 840
 899
 895
 911
 901
 897
 837
 885
 903
 887
 891
 854
 918
 879
 872
 907
 916
 907
 893
 894
 905
 922
 917
 934
 892
 938
 900
 908
 911
 912
 906
 850
 940
 901
 889
 930
 907
 942
 883
 917
 905
 919
 843
 908
 956
 879
 924
 903
 913
 965
 939
 943
 856
 910
 957
 934
 980
 986
 1000
 936
 958
 941
 956
 924
 937
 893
 951
 934
 924
 894
 926
 893
 931
 909
 929
 951
 961
 930
 885
 970
 877
 915
 943
 937
 929
 996
 935
 996
 927
 928
 904
 1009
 933
 950
 935
 951
 985
 926
 960
 993
 972
 938
 942
 948
 978
 981
 950
 1001
 940
 956
 937
 1005
 953
 924
 937
 934
 949
 1001
 996
 949
 965
 987
 964
 1004
 984
 926
 994
 1019
 1012
 958
 989
 934
 976
 940
 976
 945
 971
 964
 1005
 950
 973
 1017
 1014
 983
 1019
 1005
 1000
 1038
 930
 998
 953
 1016
 995
 1005
 970
 1036
 1085
 1008
 930
 976
 985
 983
 1005
 991
 1012
 1042
 987
 1029
 1026
 980
 1003
 1056
 1036
 987
 1020
 997
 1004
 1039
 983
 1002
 1035
 1065
 1021
 1065
 1059
 1076
 1032
 1074
 994
 1056
 1083
 1061
 1061
 1027
 1038
 1045
 1053
 993
 1005
 1021
 1046
 1060
 1024
 1066
 1055
 1034
 1054
 1117
 1087
 1077
 986
 1026
 1060
 1139
 1077
 1134
 1080
 1096
 1089
 1061
 1042
 1070
 1074
 1109
 1067
 992
 1041
 1041
 1102
 1044
 1067
 1125
 993
 1089
 1115
 1107
 1004
 1040
 1138
 1036
 1092
 1138
 1092
 1096
 1076
 1117
 1086
 1123
 1054
 1091
 1129
 1078
 1080
 1112
 1176
 1154
 1076
 1104
 1060
 1086
 1142
 1147
 1143
 1144
 1150
 1194
 1112
 1120
 1101
 1122
 1124
 1152
 1146
 1145
 1123
 1149
 1131
 1125
 1163
 1195
 1176
 1208
 1119
 1199
 1254
 1142
 1119
 1117
 1180
 1107
 1241
 1101
 1131
 1090
 1118
 1176
 1198
 1184
 1155
 1141
 1170
 1206
 1158
 1147
 1222
 1216
 1166
 1175
 1220
 1188
 1149
 1196
 1153
 1210
 1163
 1201
 1283
 1170
 1212
 1165
 1196
 1259
 1226
 1181
 1221
 1198
 1199
 1216
 1208
 1229
 1236
 1221
 1194
 1253
 1251
 1247
 1237
 1238
 1183
 1187
 1209
 1256
 1191
 1202
 1241
 1255
 1229
 1223
 1277
 1322
 1290
 1213
 1295
 1240
 1274
 1235
 1246
 1248
 1274
 1318
 1280
 1255
 1282
 1273
 1278
 1323
 1319
 1279
 1233
 1285
 1290
 1357
 1278
 1322
 1360
 1312
 1335
 1317
 1274
 1340
 1316
 1369
 1299
 1305
 1280
 1398
 1336
 1306
 1366
 1344
 1343
 1332
 1323
 1357
 1380
 1334
 1439
 1337
 1361
 1386
 1351
 1309
 1365
 1337
 1406
 1420
 1406
 1401
 1393
 1393
 1363
 1381
 1404
 1354
 1376
 1401
 1381
 1371
 1327
 1377
 1342
 1443
 1398
 1387
 1416
 1419
 1314
 1432
 1479
 1452
 1419
 1383
 1457
 1511
 1449
 1517
 1444
 1463
 1491
 1440
 1514
 1474
 1431
 1470
 1478
 1486
 1449
 1501
 1438
 1446
 1506
 1490
 1493
 1448
 1527
 1503
 1500
 1472
 1517
 1494
 1494
 1554
 1427
 1493
 1568
 1472
 1558
 1526
 1504
 1605
 1538
 1576
 1499
 1514
 1516
 1542
 1566
 1495
 1548
 1537
 1560
 1549
 1585
 1553
 1638
 1502
 1535
 1599
 1543
 1545
 1592
 1550
 1595
 1586
 1600
 1549
 1619
 1602
 1578
 1530
 1574
 1617
 1614
 1619
 1613
 1677
 1655
 1599
 1605
 1646
 1584
 1624
 1648
 1695
 1675
 1581
 1588
 1628
 1696
 1627
 1602
 1688
 1615
 1638
 1629
 1715
 1692
 1661
 1763
 1614
 1624
 1771
 1723
 1663
 1577
 1695
 1633
 1679
 1661
 1630
 1700
 1657
 1679
 1711
 1629
 1667
 1732
 1775
 1738
 1718
 1716
 1718
 1697
 1729
 1706
 1701
 1759
 1754
 1803
 1829
 1732
 1767
 1770
 1713
 1706
 1689
 1769
 1740
 1759
 1769
 1783
 1801
 1786
 1782
 1788
 1776
 1679
 1699
 1710
 1802
 1826
 1760
 1808
 1764
 1798
 1774
 1778
 1877
 1777
 1833
 1820
 1812
 1814
 1889
 1853
 1783
 1794
 1830
 1932
 1826
 1765
 1873
 1732
 1859
 1852
 1779
 1832
 1813
 1831
 1874
 1892
 1820
 1897
 1923
 1817
 1849
 1879
 1894
 1928
 1829
 1922
 1838
 1919
 1839
 1848
 1903
 1909
 1882
 1899
 1885
 1839
 1936
 1844
 1926
 1883
 1858
 1972
 1933
 1895
 1964
 1937
 1933
 1898
 1930
 1877
 1974
 1919
 1890
 1898
 1931
 1923
 1934
 1888
 1902
 1905
 1876
 1946
 1907
 1910
 1887
 2030
 1958
 1980
 1954
 1956
 1926
 1839
 1936
 1981
 1952
 1906
 1883
 1878
 1943
 1860
 1894
 1921
 1932
 1844
 1953
 1947
 1954
 1879
 1851
 1889
 1890
 1966
 1925
 1975
 1918
 1981
 2024
 1918
 1969
 1956
 2033
 1961
 1959
 1937
 1905
 1926
 1982
 1958
 2087
 1986
 2022
 2033
 2108
 2106
 2060
 2148
 2257
 2185
 2210
 2293
 2300
 2344
 2246
 2312
 2293
 2327
 2243
 2383
 2200
 2277
 2321
 2296
 2357
 2203
 2183
 2202
 2080
 2117
 2060
 2006
 2020
 2116
 1955
 2024
 2069
 2038
 1988
 1874
 1979
 1894
 1911
 1861
 1906
 1938
 1939
 1954
 1883
 1858
 1896
 1898
 1937
 1904
 1898
 1923
 1861
 1833
 1887
 1856
 1855
 1865
 1813
 1828
 1896
 1849
 1828
 1819
 1852
 1738
 1882
 1804
 1842
 1856
 1842
 1809
 1750
 1823
 1807
 1764
 1776
 1784
 1786
 1690
 1753
 1763
 1754
 1728
 1822
 1832
 1762
 1727
 1718
 1803
 1782
 1748
 1809
 1751
 1726
 1717
 1684
 1734
 1719
 1674
 1765
 1616
 1712
 1702
 1647
 1826
 1699
 1722
 1713
 1693
 1677
 1615
 1618
 1685
 1631
 1680
 1653
 1657
 1554
 1581
 1634
 1625
 1707
 1569
 1565
 1573
 1612
 1624
 1603
 1567
 1649
 1601
 1520
 1594
 1533
 1690
 1581
 1502
 1599
 1562
 1566
 1476
 1532
 1485
 1543
 1519
 1547
 1474
 1540
 1514
 1561
 1518
 1491
 1452
 1492
 1498
 1502
 1485
 1487
 1486
 1522
 1487
 1533
 1457
 1508
 1578
 1595
 1457
 1436
 1468
 1532
 1427
 1482
 1481
 1501
 1487
 1465
 1368
 1477
 1432
 1467
 1483
 1377
 1308
 1400
 1419
 1340
 1361
 1350
 1333
 1353
 1322
 1266
 1305
 1292
 1304
 1318
 1308
 1234
 1256
 1333
 1294
 1323
 1217
 1294
 1291
 1232
 1234
 1209
 1247
 1190
 1206
 1134
 1181
 1259
 1208
 1233
 1223
 1252
 1215
 1221
 1178
 1127
 1121
 1187
 1160
 1190
 1151
 1122
 1169
 1121
 1142
 1177
 1155
 1111
 1065
 1053
 1153
 1152
 1064
 1023
 1046
 999
 1061
 1054
 1089
 1061
 1079
 1092
 1035
 1039
 1065
 1075
 1027
 1029
 1031
 1035
 1087
 1037
 973
 999
 973
 1014
 1018
 952
 952
 954
 1004
 1013
 1027
 976
 968
 937
 974
 1014
 958
 986
 979
 904
 941
 955
 973
 855
 952
 965
 913
 953
 886
 915
 897
 926
 896
 885
 920
 846
 858
 950
 894
 880
 840
 857
 851
 871
 815
 842
 847
 812
 821
 869
 793
 817
 864
 773
 847
 767
 777
 797
 798
 787
 774
 783
 772
 761
 739
 784
 763
 743
 769
 752
 804
 724
 805
 755
 765
 759
 676
 750
 771
 766
 719
 731
 668
 724
 703
 730
 735
 718
 692
 645
 664
 657
 694
 673
 662
 668
 672
 719
 698
 687
 648
 670
 660
 702
 679
 628
 673
 616
 642
 622
 583
 611
 604
 659
 611
 599
 596
 618
 620
 603
 569
 669
 571
 650
 633
 584
 612
 614
 553
 623
 546
 569
 573
 586
 570
 587
 529
 600
 602
 579
 549
 569
 550
 577
 573
 557
 512
 555
 540
 568
 548
 535
 545
 577
 510
 523
 536
 511
 536
 575
 535
 491
 488
 511
 496
 503
 471
 495
 503
 470
 475
 498
 448
 490
 514
 455
 486
 443
 491
 447
 454
 449
 497
 484
 460
 492
 445
 431
 462
 475
 448
 449
 486
 418
 434
 450
 431
 463
 445
 448
 413
 398
 445
 397
 402
 449
 446
 425
 445
 423
 442
 416
 434
 412
 393
 406
 408
 412
 416
 420
 383
 425
 426
 413
 406
 385
 407
 391
 373
 360
 381
 379
 381
 404
 369
 400
 389
 346
 343
 375
 408
 346
 387
 367
 376
 358
 412
 374
 344
 368
 354
 338
 332
 352
 350
 362
 370
 341
 338
 359
 318
 356
 331
 363
 311
 326
 338
 357
 313
 337
 335
 326
 339
 312
 337
 300
 327
 313
 323
 343
 302
 326
 330
 308
 293
 317
 332
 319
 309
 313
 264
 336
 309
 321
 293
 294
 270
