VERSION:    3.1
ELEMENTS:              1
DATE:       JUN 11, 2017 16:23:22.**
CHANNELS:           4000
ROIS:        0
REAL_TIME:   545.2700195
LIVE_TIME:   520.2299805
CAL_OFFSET:  6.7178987e-002
CAL_SLOPE:   3.1603590e-002
CAL_QUAD:    0.0000000e+000
TWO_THETA:   15.0033941
DATA: 
 0
 0
 0
 0
 0
 0
 0
 0
 0
 0
 0
 0
 0
 0
 0
 0
 0
 0
 0
 0
 0
 0
 0
 0
 0
 0
 0
 0
 0
 0
 0
 0
 0
 0
 0
 0
 0
 0
 0
 0
 0
 0
 0
 0
 0
 0
 0
 0
 0
 0
 0
 0
 0
 0
 0
 0
 0
 0
 0
 0
 0
 0
 0
 0
 0
 0
 0
 0
 0
 0
 1
 22
 32
 32
 26
 23
 19
 23
 30
 26
 23
 20
 24
 24
 32
 29
 24
 25
 35
 26
 36
 28
 31
 32
 33
 43
 32
 22
 28
 30
 32
 23
 25
 27
 37
 40
 27
 34
 31
 28
 42
 31
 34
 33
 38
 41
 43
 38
 38
 56
 40
 48
 49
 47
 55
 55
 58
 61
 54
 54
 75
 75
 56
 74
 63
 69
 64
 69
 73
 76
 72
 97
 82
 85
 88
 87
 103
 92
 87
 85
 74
 94
 87
 90
 86
 101
 105
 100
 112
 124
 87
 105
 114
 128
 114
 115
 120
 143
 109
 109
 129
 130
 106
 131
 136
 117
 131
 149
 146
 123
 133
 129
 124
 152
 143
 136
 152
 143
 140
 163
 174
 126
 165
 164
 140
 166
 152
 150
 152
 140
 172
 147
 157
 167
 142
 164
 162
 150
 139
 163
 166
 165
 134
 143
 165
 147
 139
 144
 171
 176
 144
 156
 146
 146
 160
 160
 152
 146
 178
 151
 133
 144
 160
 147
 168
 160
 157
 153
 131
 153
 159
 169
 160
 130
 157
 141
 139
 153
 158
 148
 148
 146
 148
 161
 143
 161
 139
 143
 152
 162
 143
 147
 161
 139
 127
 169
 118
 137
 149
 141
 158
 147
 137
 126
 147
 146
 122
 136
 103
 118
 142
 148
 131
 143
 137
 150
 116
 113
 137
 113
 143
 145
 126
 128
 117
 121
 124
 116
 113
 131
 124
 125
 124
 125
 120
 109
 110
 115
 138
 140
 127
 119
 122
 112
 118
 113
 120
 93
 109
 131
 109
 115
 107
 129
 118
 114
 107
 90
 123
 114
 104
 101
 113
 115
 84
 105
 109
 108
 97
 98
 100
 101
 120
 87
 102
 79
 98
 84
 97
 91
 87
 107
 102
 87
 93
 92
 105
 99
 101
 83
 110
 97
 92
 97
 96
 96
 83
 105
 99
 93
 75
 78
 107
 86
 95
 92
 93
 77
 87
 96
 80
 71
 91
 100
 95
 94
 72
 84
 83
 60
 61
 76
 90
 62
 81
 69
 104
 81
 69
 89
 71
 82
 84
 93
 81
 80
 73
 74
 67
 85
 78
 67
 60
 71
 77
 67
 79
 65
 62
 68
 81
 58
 58
 64
 83
 82
 55
 61
 56
 81
 58
 60
 61
 63
 62
 80
 54
 69
 72
 68
 65
 59
 60
 66
 58
 62
 67
 71
 64
 78
 61
 58
 61
 59
 59
 52
 65
 59
 62
 51
 56
 73
 44
 57
 55
 63
 49
 71
 56
 41
 64
 54
 50
 67
 63
 42
 50
 50
 49
 57
 55
 57
 59
 55
 56
 66
 54
 56
 50
 59
 55
 44
 40
 54
 53
 48
 65
 44
 40
 55
 49
 45
 42
 44
 52
 43
 38
 46
 45
 43
 38
 39
 56
 54
 34
 48
 54
 52
 55
 47
 49
 47
 56
 30
 49
 46
 47
 32
 41
 40
 47
 43
 39
 47
 39
 47
 43
 44
 51
 49
 35
 36
 30
 47
 32
 41
 42
 32
 32
 59
 43
 37
 43
 44
 41
 42
 33
 30
 44
 39
 22
 39
 36
 38
 45
 37
 26
 33
 34
 40
 34
 31
 47
 32
 36
 34
 31
 34
 33
 40
 30
 34
 46
 41
 42
 36
 36
 34
 38
 36
 28
 46
 35
 33
 35
 38
 34
 41
 32
 33
 30
 25
 28
 22
 36
 38
 23
 43
 38
 30
 37
 28
 29
 27
 17
 32
 34
 25
 32
 35
 26
 24
 38
 36
 46
 37
 34
 37
 33
 31
 20
 27
 35
 35
 36
 29
 23
 29
 27
 24
 24
 23
 23
 35
 31
 27
 31
 41
 25
 30
 23
 25
 31
 29
 30
 31
 28
 25
 28
 28
 31
 32
 28
 26
 39
 40
 32
 34
 33
 29
 28
 30
 28
 32
 21
 18
 28
 24
 23
 28
 32
 30
 29
 27
 32
 20
 25
 27
 27
 22
 23
 26
 31
 26
 25
 26
 31
 27
 36
 26
 27
 33
 19
 26
 31
 31
 40
 32
 29
 37
 18
 26
 32
 27
 28
 28
 29
 30
 22
 28
 16
 27
 30
 26
 28
 22
 32
 25
 36
 28
 28
 22
 22
 34
 26
 26
 22
 37
 37
 28
 29
 16
 29
 34
 33
 33
 30
 32
 27
 37
 24
 32
 31
 28
 31
 38
 30
 29
 40
 28
 30
 37
 32
 41
 40
 33
 33
 35
 32
 33
 25
 25
 39
 21
 26
 32
 22
 24
 32
 32
 32
 33
 30
 27
 25
 28
 28
 35
 34
 34
 15
 32
 21
 35
 35
 25
 25
 38
 21
 30
 24
 27
 37
 22
 31
 40
 29
 24
 29
 22
 45
 38
 31
 22
 23
 26
 32
 28
 21
 37
 21
 26
 23
 29
 31
 29
 36
 26
 26
 21
 37
 24
 32
 39
 32
 35
 26
 31
 42
 35
 30
 39
 34
 39
 28
 43
 29
 39
 28
 36
 30
 41
 31
 27
 26
 35
 31
 32
 33
 34
 39
 43
 34
 38
 30
 40
 37
 30
 32
 25
 25
 28
 39
 27
 35
 36
 32
 33
 26
 25
 28
 47
 40
 38
 37
 32
 44
 39
 39
 37
 36
 35
 44
 26
 34
 35
 28
 33
 29
 31
 39
 41
 39
 44
 39
 38
 46
 32
 37
 55
 45
 36
 35
 40
 40
 38
 39
 38
 44
 44
 39
 42
 47
 34
 43
 35
 43
 45
 39
 47
 46
 45
 46
 51
 50
 50
 50
 40
 42
 44
 54
 62
 55
 49
 53
 46
 50
 59
 43
 54
 52
 53
 52
 57
 59
 49
 61
 55
 61
 59
 54
 60
 64
 66
 60
 68
 62
 63
 73
 69
 65
 46
 56
 60
 65
 66
 58
 70
 83
 71
 83
 77
 74
 77
 71
 68
 83
 79
 88
 86
 86
 75
 68
 71
 77
 102
 84
 77
 86
 104
 92
 91
 90
 90
 93
 90
 91
 87
 109
 103
 106
 104
 91
 107
 116
 118
 96
 111
 115
 93
 116
 124
 126
 122
 116
 114
 123
 111
 116
 113
 117
 152
 149
 126
 129
 144
 117
 145
 138
 142
 139
 116
 141
 157
 155
 173
 126
 132
 163
 169
 149
 155
 167
 171
 161
 172
 156
 188
 175
 162
 172
 158
 183
 159
 167
 204
 181
 184
 201
 162
 216
 176
 172
 211
 177
 199
 207
 191
 226
 212
 210
 204
 217
 195
 215
 212
 197
 222
 200
 215
 224
 194
 235
 231
 248
 210
 233
 239
 243
 221
 243
 243
 233
 252
 230
 246
 280
 233
 291
 247
 268
 299
 256
 260
 256
 294
 249
 246
 279
 273
 255
 290
 294
 269
 284
 278
 307
 322
 315
 279
 292
 302
 293
 340
 308
 330
 320
 307
 299
 311
 337
 322
 340
 340
 321
 316
 334
 325
 323
 325
 342
 351
 352
 334
 341
 352
 351
 361
 346
 337
 319
 345
 371
 379
 326
 323
 386
 337
 363
 377
 375
 365
 367
 436
 379
 364
 361
 416
 383
 403
 412
 380
 430
 389
 399
 416
 389
 408
 370
 410
 429
 436
 416
 415
 418
 415
 394
 435
 418
 433
 437
 450
 447
 424
 443
 447
 400
 424
 407
 460
 462
 442
 496
 444
 462
 454
 451
 465
 482
 472
 472
 452
 449
 447
 476
 475
 472
 485
 477
 461
 501
 455
 520
 489
 497
 488
 453
 495
 486
 504
 518
 527
 482
 501
 528
 476
 479
 508
 489
 474
 536
 532
 458
 490
 482
 498
 536
 523
 504
 534
 499
 561
 538
 515
 562
 562
 546
 515
 553
 571
 566
 532
 558
 581
 523
 508
 576
 550
 513
 543
 594
 595
 582
 576
 519
 604
 591
 562
 547
 608
 553
 606
 631
 591
 570
 612
 553
 576
 581
 601
 587
 607
 573
 591
 583
 613
 581
 614
 588
 611
 587
 621
 594
 596
 623
 568
 620
 627
 612
 613
 619
 657
 600
 613
 626
 681
 598
 636
 664
 619
 626
 614
 620
 641
 611
 642
 655
 680
 626
 615
 670
 719
 680
 679
 626
 699
 641
 648
 652
 698
 642
 719
 683
 702
 672
 740
 676
 684
 718
 673
 734
 709
 699
 738
 707
 748
 703
 753
 710
 702
 769
 758
 699
 708
 780
 727
 715
 667
 738
 715
 723
 749
 708
 694
 754
 781
 723
 701
 744
 721
 762
 719
 753
 770
 773
 758
 783
 817
 777
 791
 812
 784
 771
 793
 808
 756
 772
 774
 801
 858
 773
 735
 796
 829
 869
 831
 820
 865
 851
 856
 830
 843
 808
 844
 835
 801
 827
 832
 844
 835
 843
 827
 890
 831
 857
 864
 813
 815
 860
 858
 844
 785
 849
 884
 848
 886
 858
 918
 854
 865
 868
 877
 870
 898
 873
 940
 919
 928
 886
 866
 840
 860
 854
 916
 870
 905
 926
 963
 948
 946
 918
 938
 942
 978
 1007
 936
 957
 940
 989
 876
 943
 967
 985
 995
 978
 907
 1010
 937
 941
 964
 969
 976
 961
 981
 943
 908
 907
 1043
 988
 966
 977
 1019
 993
 985
 1005
 991
 1023
 1043
 986
 1008
 1004
 998
 975
 992
 1018
 970
 993
 1049
 996
 1071
 1015
 1057
 1056
 1017
 1035
 991
 1084
 1010
 1006
 1100
 1047
 1049
 1060
 991
 1029
 1024
 1156
 1062
 941
 1043
 1090
 1102
 1068
 1066
 1015
 1047
 1069
 1052
 1049
 1078
 1053
 1041
 1080
 1086
 1094
 1058
 1135
 1071
 1045
 1108
 1090
 1103
 1087
 1126
 1120
 1089
 1137
 1119
 1104
 1071
 1101
 1189
 1156
 1099
 1140
 1039
 1130
 1073
 1145
 1025
 1129
 1092
 1189
 1144
 1111
 1155
 1052
 1076
 1087
 1060
 1152
 1060
 1120
 1138
 1130
 1142
 1119
 1159
 1114
 1111
 1067
 1116
 1145
 1114
 1178
 1114
 1122
 1134
 1185
 1115
 1094
 1179
 1201
 1116
 1098
 1119
 1119
 1161
 1166
 1178
 1118
 1089
 1103
 1108
 1100
 1121
 1103
 1144
 1078
 1161
 1143
 1137
 1163
 1105
 1105
 1163
 1125
 1147
 1184
 1116
 1124
 1105
 1176
 1138
 1083
 1083
 1171
 1144
 1132
 1079
 1080
 1154
 1131
 1122
 1166
 1142
 1110
 1147
 1099
 1128
 1099
 1093
 1143
 1179
 1156
 1134
 1105
 1114
 1098
 1133
 1178
 1107
 1127
 1075
 1157
 1117
 1057
 1090
 1098
 1103
 1142
 1131
 1123
 1110
 1113
 1114
 1131
 1109
 1115
 1111
 1089
 1124
 1098
 1130
 1112
 1055
 1139
 1091
 1110
 1081
 1122
 1085
 1081
 1129
 1164
 1120
 1100
 1083
 1105
 1135
 1091
 1103
 1119
 1093
 1063
 1072
 1069
 1132
 1164
 1073
 1073
 1124
 1047
 1114
 1094
 1076
 1128
 1082
 1124
 1093
 1110
 1126
 1086
 1063
 1000
 1113
 1070
 1014
 1048
 1063
 1091
 1135
 1065
 1063
 1106
 1060
 1109
 1090
 1100
 1095
 1062
 1074
 1071
 1047
 1097
 1105
 1004
 1030
 1120
 1083
 1062
 1071
 1063
 1025
 1083
 1021
 1015
 1040
 1041
 1035
 1039
 1015
 1100
 1058
 1078
 1076
 1092
 974
 1048
 1066
 1040
 1110
 1025
 1038
 1069
 1001
 1019
 1063
 1053
 1004
 1013
 1039
 1056
 1034
 1107
 996
 1013
 1001
 1022
 1013
 1062
 992
 1079
 1079
 1047
 1042
 1021
 1104
 1050
 1048
 1040
 998
 1014
 1041
 1039
 1054
 987
 1040
 1033
 1021
 1048
 1006
 1028
 998
 1052
 1037
 1030
 1033
 1052
 1073
 1010
 1082
 1079
 1057
 988
 1011
 1039
 1027
 973
 1048
 1023
 1003
 1013
 1004
 996
 962
 1031
 1042
 1019
 1027
 1002
 1053
 1063
 1046
 1045
 1002
 1004
 1046
 960
 970
 1056
 1004
 1079
 1018
 1041
 1066
 956
 1021
 991
 978
 949
 1051
 1034
 1035
 973
 1121
 1026
 1042
 1030
 1051
 1004
 1042
 1018
 1015
 996
 1003
 989
 986
 990
 991
 935
 955
 918
 966
 1016
 1007
 966
 975
 1012
 1003
 964
 986
 960
 982
 1018
 973
 1026
 975
 937
 963
 958
 945
 974
 956
 1008
 961
 920
 896
 1001
 958
 954
 984
 985
 974
 936
 1019
 967
 955
 1002
 990
 982
 975
 941
 964
 965
 961
 947
 967
 963
 953
 989
 956
 1029
 942
 932
 935
 961
 958
 967
 943
 1004
 976
 958
 956
 950
 956
 942
 927
 1007
 924
 996
 953
 981
 942
 935
 946
 945
 924
 932
 913
 895
 949
 907
 965
 922
 965
 912
 966
 979
 922
 936
 907
 920
 936
 918
 925
 908
 958
 999
 928
 935
 919
 967
 928
 941
 968
 886
 922
 895
 936
 892
 910
 920
 875
 927
 900
 916
 906
 890
 913
 897
 890
 890
 971
 926
 937
 895
 945
 955
 905
 881
 908
 873
 913
 891
 919
 880
 871
 950
 933
 912
 882
 942
 907
 965
 966
 863
 865
 872
 895
 901
 877
 905
 913
 896
 907
 885
 910
 860
 894
 853
 907
 936
 943
 935
 914
 895
 910
 865
 799
 888
 849
 928
 903
 879
 899
 852
 865
 926
 899
 842
 854
 898
 875
 872
 898
 947
 896
 919
 864
 839
 847
 882
 822
 876
 869
 912
 873
 851
 829
 835
 862
 847
 871
 868
 827
 829
 819
 846
 811
 842
 838
 809
 877
 832
 856
 821
 794
 881
 822
 892
 847
 838
 823
 856
 863
 850
 864
 843
 844
 868
 836
 804
 851
 877
 863
 871
 825
 861
 830
 832
 820
 832
 896
 869
 857
 853
 865
 822
 796
 827
 885
 757
 827
 825
 846
 837
 826
 815
 816
 844
 814
 815
 826
 762
 838
 816
 795
 832
 794
 781
 775
 830
 807
 773
 781
 799
 771
 781
 762
 814
 798
 800
 786
 856
 740
 771
 778
 754
 805
 755
 765
 784
 791
 789
 764
 785
 774
 757
 753
 786
 714
 731
 703
 731
 684
 683
 646
 671
 648
 707
 632
 654
 644
 625
 603
 664
 600
 639
 641
 628
 621
 601
 611
 596
 590
 618
 645
 558
 594
 619
 641
 585
 581
 640
 617
 574
 638
 650
 572
 615
 615
 566
 602
 625
 612
 603
 592
 612
 612
 592
 546
 606
 608
 624
 610
 623
 568
 586
 564
 571
 621
 559
 589
 576
 587
 603
 562
 592
 600
 559
 574
 575
 586
 559
 597
 610
 581
 557
 549
 597
 567
 608
 572
 599
 602
 538
 566
 618
 560
 575
 563
 581
 596
 591
 549
 548
 562
 548
 573
 567
 506
 585
 526
 553
 577
 537
 580
 566
 569
 548
 554
 586
 599
 545
 547
 539
 569
 552
 546
 544
 553
 550
 526
 497
 502
 569
 539
 561
 563
 591
 521
 549
 558
 514
 533
 561
 531
 524
 508
 554
 544
 546
 496
 491
 493
 509
 505
 511
 495
 536
 495
 537
 521
 532
 508
 518
 495
 495
 546
 529
 486
 491
 489
 541
 560
 512
 499
 523
 530
 498
 499
 524
 537
 522
 487
 488
 521
 473
 489
 510
 526
 471
 507
 488
 515
 486
 487
 523
 452
 480
 564
 462
 488
 484
 493
 445
 457
 503
 473
 495
 490
 462
 482
 490
 493
 472
 464
 463
 446
 454
 487
 489
 451
 451
 488
 485
 437
 522
 472
 437
 493
 459
 482
 446
 462
 461
 422
 469
 477
 449
 484
 467
 486
 442
 449
 464
 457
 472
 455
 484
 458
 430
 440
 493
 482
 415
 422
 453
 452
 443
 451
 443
 437
 458
 479
 457
 435
 428
 400
 462
 429
 459
 494
 442
 484
 449
 438
 459
 417
 477
 403
 440
 386
 458
 393
 455
 427
 422
 450
 427
 412
 460
 421
 456
 421
 462
 418
 420
 397
 419
 407
 427
 411
 392
 424
 419
 438
 404
 436
 434
 423
 451
 448
 444
 424
 417
 382
 405
 414
 404
 413
 385
 429
 435
 420
 426
 370
 422
 372
 411
 381
 407
 401
 430
 396
 407
 383
 389
 440
 449
 392
 398
 368
 422
 423
 412
 390
 432
 391
 417
 388
 394
 394
 364
 401
 408
 398
 407
 380
 385
 371
 359
 420
 407
 417
 402
 368
 374
 389
 340
 368
 408
 412
 400
 337
 405
 365
 384
 380
 388
 356
 359
 366
 376
 365
 374
 360
 346
 355
 354
 340
 383
 397
 356
 366
 339
 384
 391
 334
 351
 336
 389
 397
 393
 346
 365
 342
 382
 361
 363
 355
 376
 323
 405
 315
 348
 372
 386
 366
 378
 348
 364
 339
 344
 369
 393
 349
 326
 356
 350
 336
 334
 311
 376
 290
 334
 366
 352
 350
 317
 368
 297
 368
 360
 353
 334
 358
 316
 355
 347
 335
 344
 342
 373
 346
 330
 327
 316
 314
 308
 312
 335
 321
 334
 328
 326
 316
 323
 289
 347
 310
 343
 324
 346
 336
 300
 326
 307
 307
 341
 339
 310
 344
 330
 284
 327
 325
 296
 328
 281
 327
 347
 337
 311
 364
 310
 310
 299
 301
 300
 273
 290
 306
 312
 303
 322
 277
 290
 287
 301
 303
 296
 296
 347
 303
 270
 302
 309
 310
 313
 292
 275
 286
 267
 291
 320
 259
 315
 302
 292
 323
 304
 300
 274
 284
 309
 293
 311
 295
 304
 264
 281
 256
 281
 266
 300
 263
 255
 274
 281
 265
 256
 300
 294
 278
 282
 255
 267
 282
 276
 297
 247
 280
 292
 267
 309
 267
 273
 278
 256
 281
 276
 276
 246
 275
 255
 297
 240
 278
 278
 249
 288
 265
 271
 290
 270
 245
 239
 262
 263
 262
 262
 252
 241
 256
 261
 238
 240
 264
 268
 283
 242
 240
 262
 258
 252
 258
 227
 269
 242
 234
 257
 271
 258
 248
 247
 268
 267
 250
 277
 238
 230
 221
 242
 239
 263
 263
 223
 222
 246
 209
 231
 240
 244
 230
 216
 240
 224
 237
 230
 231
 266
 219
 245
 247
 221
 229
 269
 249
 235
 243
 242
 251
 237
 211
 209
 212
 221
 232
 228
 213
 229
 230
 238
 242
 224
 226
 214
 224
 204
 238
 219
 185
 204
 240
 239
 204
 247
 229
 230
 224
 217
 225
 213
 219
 216
 198
 234
 218
 211
 229
 218
 211
 207
 202
 240
 193
 201
 185
 213
 213
 221
 181
 185
 223
 200
 208
 200
 219
 203
 205
 233
 212
 204
 195
 188
 213
 197
 199
 217
 202
 243
 188
 197
 188
 206
 190
 222
 194
 209
 190
 199
 187
 180
 207
 200
 224
 192
 186
 200
 198
 192
 216
 197
 183
 195
 192
 187
 189
 194
 183
 203
 194
 178
 172
 187
 189
 200
 203
 192
 188
 211
 203
 175
 190
 202
 166
 193
 184
 179
 186
 172
 164
 186
 174
 184
 186
 177
 175
 179
 195
 171
 188
 191
 190
 172
 170
 192
 160
 181
 196
 204
 194
 188
 185
 174
 202
 164
 148
 166
 182
 168
 176
 171
 176
 191
 208
 158
 199
 129
 168
 165
 201
 152
 152
 164
 169
 177
 163
 161
 175
 157
 177
 162
 166
 157
 166
 181
 167
 178
 154
 165
 174
 182
 175
 148
 144
 145
 179
 173
 158
 178
 162
 169
 166
 178
 150
 153
 142
 147
 156
 161
 163
 144
 151
 134
 148
 156
 153
 154
 172
 154
 162
 155
 139
 162
 161
 148
 164
 153
 151
 171
 176
 174
 159
 155
 158
 162
 167
 173
 169
 157
 152
 148
 143
 132
 151
 147
 139
 155
 164
 151
 147
 140
 137
 162
 156
 162
 145
 150
 159
 149
 169
 161
 154
 156
 156
 144
 121
 156
 115
 150
 141
 143
 145
 136
 130
 145
 149
 138
 144
 122
 144
 130
 146
 143
 133
 138
 132
 148
 154
 149
 127
 146
 151
 137
 135
 154
 122
 118
 129
 148
 145
 145
 122
 123
 143
 140
 157
 135
 150
 127
 137
 137
 129
 160
 132
 142
 140
 127
 132
 127
 139
 131
 122
 144
 120
 137
 132
 138
 128
 124
 137
 125
 124
 123
 131
 124
 118
 122
 138
 119
 136
 126
 137
 113
 149
 139
 135
 117
 123
 131
 130
 135
 121
 115
 130
 137
 118
 110
 123
 132
 90
 111
 123
 130
 108
 114
 115
 116
 111
 107
 114
 123
 107
 134
 129
 122
 107
 101
 106
 116
 115
 120
 126
 106
 107
 94
 124
 109
 109
 85
 107
 114
 113
 107
 107
 108
 107
 117
 102
 126
 116
 103
 120
 117
 125
 107
 121
 109
 99
 116
 117
 131
 106
 112
 116
 128
 111
 101
 118
 102
 108
 99
 88
 108
 100
 84
 84
 90
 96
 92
 103
 109
 96
 113
 104
 99
 101
 81
 99
 96
 105
 96
 106
 91
 105
 84
 114
 110
 111
 94
 107
 106
 106
 96
 105
 127
 85
 101
 123
 87
 88
 90
 88
 101
 99
 102
 101
 96
 108
 113
 92
 93
 105
 97
 94
 103
 87
 91
 81
 104
 87
 91
 85
 115
 91
 90
 85
 119
 96
 90
 101
 74
 92
 102
 86
 94
 92
 103
 91
 80
 107
 94
 102
 88
 83
 86
 92
 93
 98
 103
 78
 94
 86
 87
 90
 106
 103
 116
 103
 86
 93
 91
 89
 82
 96
 111
 91
 80
 90
 85
 105
 80
 84
 95
 86
 82
 75
 87
 92
 87
 68
 78
 97
 78
 91
 77
 80
 97
 97
 81
 84
 78
 70
 74
 79
 74
 77
 61
 82
 99
 84
 86
 89
 74
 74
 76
 87
 86
 82
 80
 81
 86
 55
 95
 80
 71
 87
 73
 74
 63
 82
 79
 85
 73
 81
 86
 74
 104
 85
 88
 79
 81
 71
 71
 73
 61
 78
 78
 83
 80
 65
 80
 80
 79
 66
 74
 71
 72
 69
 69
 77
 74
 72
 77
 68
 90
 67
 64
 66
 63
 71
 70
 58
 66
 65
 68
 54
 58
 77
 79
 74
 86
 64
 69
 64
 69
 54
 77
 71
 82
 74
 81
 61
 63
 56
 81
 66
 68
 64
 62
 56
 63
 55
 63
 76
 63
 60
 71
 68
 74
 67
 64
 69
 64
 58
 56
 71
 54
 59
 44
 70
 66
 66
 80
 45
 65
 67
 49
 65
 69
 54
 82
 76
 55
 57
 75
 50
 68
 58
 57
 73
 45
 60
 69
 60
 52
 67
 58
 62
 63
 65
 61
 49
 61
 71
 67
 48
 56
 52
 78
 66
 57
 51
 72
 70
 67
 52
 45
 68
 63
 51
 57
 53
 55
 60
 61
 58
 51
 57
 56
 52
 49
 52
 56
 61
 51
 44
 54
 62
 60
 56
 45
 60
 64
 54
 58
 58
 57
 50
 50
 52
 55
 51
 57
 58
 50
 59
 61
 47
 63
 68
 52
 65
 41
 46
 45
 51
 59
 58
 56
 47
 50
 38
 47
 62
 64
 49
 58
 47
 50
 43
 52
 44
 48
 60
 46
 55
 54
 43
 53
 44
 64
 65
 48
 53
 53
 59
 49
 49
 53
 42
 51
 53
 40
 55
 48
 45
 56
 51
 51
 40
 51
 47
 46
 50
 41
 53
 53
 47
 49
 47
 51
 44
 63
 58
 55
 50
 48
 46
 53
 57
 40
 51
 47
 41
 56
 37
 47
 47
 44
 33
 49
 44
 58
 41
 35
 48
 49
 52
 30
 37
 46
 47
 47
 53
 54
 36
 48
 34
 43
 48
 39
 29
 37
 43
 40
 43
 38
 49
 49
 36
 36
 45
 36
 46
 41
 35
 45
 47
 46
 36
 41
 48
 50
 44
 38
 54
 38
 40
 49
 50
 42
 39
 53
 41
 33
 51
 33
 34
 52
 43
 51
 52
 54
 42
 42
 37
 42
 39
 38
 40
 48
 42
 37
 34
 36
 49
 35
 32
 20
 42
 34
 28
 39
 37
 33
 45
 38
 31
 48
 33
 49
 40
 44
 32
 29
 35
 42
 39
 53
 39
 41
 38
 41
 29
 39
 35
 40
 47
 39
 43
 44
 38
 40
 36
 37
 35
 45
 43
 47
 32
 33
 33
 32
 38
 30
 43
 33
 36
 33
 32
 39
 45
 37
 41
 41
 43
 34
 38
 24
 30
 43
 36
 33
 29
 31
 34
 27
 30
 42
 32
 31
 31
 33
 37
 35
 28
 27
 31
 32
 30
 26
 28
 29
 25
 41
 33
 32
 29
 28
 45
 38
 34
 46
 30
 30
 35
 31
 26
 27
 27
 22
 35
 38
 29
 30
 21
 35
 31
 32
 29
 26
 30
 30
 33
 31
 29
 29
 24
 35
 35
 37
 37
 26
 32
 28
 27
 32
 26
 25
 36
 28
 25
 29
 37
 27
 31
 27
 32
 23
 30
 29
 18
 30
 30
 25
 29
 28
 27
 24
 39
 32
 26
 30
 19
 35
 34
 26
 19
 33
 14
 25
 31
 35
 30
 26
 31
 29
 26
 48
 35
 26
 22
 28
 38
 22
 31
 31
 27
 21
 26
 34
 18
 23
 31
 29
 20
 37
 20
 23
 23
 26
 27
 25
 27
 21
 23
 27
 21
 27
 32
 28
 25
 27
 27
 18
 25
 28
 19
 22
 29
 24
 31
 30
 20
 30
 25
 21
 40
 26
 26
 34
 26
 23
 19
 30
 24
 31
 21
 28
 23
 16
 36
 24
 33
 24
 29
 26
 19
 28
 20
 22
 24
 29
 20
 21
 26
 21
 19
 18
 18
 18
 20
 34
 22
 20
 30
