VERSION:    3.1
ELEMENTS:              1
DATE:       JUN 11, 2017 16:09:34.**
CHANNELS:           4000
ROIS:        0
REAL_TIME:   223.7799988
LIVE_TIME:   200.2799988
CAL_OFFSET:  6.7178987e-002
CAL_SLOPE:   3.1603590e-002
CAL_QUAD:    0.0000000e+000
TWO_THETA:   15.0033941
DATA: 
 0
 0
 0
 0
 0
 0
 0
 0
 0
 0
 0
 0
 0
 0
 0
 0
 0
 0
 0
 0
 0
 0
 0
 0
 0
 0
 0
 0
 0
 0
 0
 0
 0
 0
 0
 0
 0
 0
 0
 0
 0
 0
 0
 0
 0
 0
 0
 0
 0
 0
 0
 0
 0
 0
 0
 0
 0
 0
 0
 0
 0
 0
 0
 0
 0
 0
 0
 0
 0
 0
 1
 17
 20
 25
 29
 17
 21
 20
 11
 16
 19
 24
 30
 27
 17
 20
 28
 24
 17
 25
 30
 26
 34
 20
 19
 27
 29
 22
 25
 27
 30
 22
 29
 25
 36
 20
 34
 36
 30
 31
 22
 28
 35
 41
 36
 30
 43
 36
 30
 39
 37
 34
 42
 50
 51
 53
 32
 58
 48
 53
 53
 41
 49
 49
 58
 76
 71
 82
 71
 77
 75
 83
 81
 85
 79
 71
 83
 80
 79
 82
 95
 92
 105
 112
 98
 118
 89
 110
 114
 105
 119
 116
 126
 113
 117
 118
 114
 137
 96
 112
 117
 115
 137
 116
 136
 144
 158
 150
 135
 115
 138
 134
 124
 145
 138
 145
 146
 153
 143
 155
 138
 127
 143
 139
 151
 149
 131
 147
 158
 151
 152
 135
 155
 141
 141
 169
 142
 151
 149
 166
 135
 141
 158
 167
 148
 152
 149
 168
 145
 167
 149
 136
 182
 144
 156
 151
 148
 142
 147
 178
 168
 154
 142
 170
 143
 166
 156
 154
 172
 162
 169
 172
 140
 143
 166
 143
 161
 142
 135
 154
 163
 142
 180
 152
 153
 146
 152
 162
 157
 134
 132
 130
 142
 149
 143
 170
 146
 174
 141
 168
 145
 146
 125
 139
 151
 148
 163
 135
 131
 134
 159
 130
 138
 147
 121
 128
 142
 154
 152
 130
 124
 117
 127
 130
 132
 139
 115
 131
 148
 136
 151
 107
 126
 123
 134
 114
 108
 101
 103
 118
 105
 132
 132
 117
 113
 107
 122
 105
 111
 101
 113
 102
 98
 120
 115
 108
 114
 117
 120
 103
 109
 107
 107
 107
 107
 115
 86
 88
 99
 105
 103
 96
 78
 98
 105
 80
 97
 95
 118
 85
 83
 102
 86
 91
 98
 76
 81
 88
 103
 97
 81
 98
 86
 80
 97
 85
 82
 86
 89
 87
 96
 88
 65
 74
 75
 76
 92
 74
 78
 66
 76
 70
 81
 80
 75
 81
 77
 74
 75
 85
 66
 63
 74
 72
 67
 77
 77
 64
 53
 58
 67
 73
 59
 59
 53
 74
 55
 62
 79
 67
 63
 76
 64
 57
 50
 47
 68
 69
 62
 67
 57
 54
 65
 61
 74
 57
 36
 46
 51
 61
 49
 56
 42
 59
 52
 58
 62
 73
 59
 58
 70
 51
 49
 53
 48
 50
 48
 50
 55
 41
 38
 51
 56
 60
 44
 47
 52
 47
 60
 42
 51
 53
 47
 40
 62
 54
 45
 35
 52
 51
 50
 49
 55
 45
 45
 50
 44
 34
 46
 51
 45
 35
 44
 43
 34
 43
 43
 53
 41
 54
 42
 44
 60
 50
 46
 40
 46
 35
 44
 36
 45
 46
 28
 46
 30
 36
 43
 50
 43
 42
 34
 44
 31
 40
 41
 31
 42
 42
 37
 32
 34
 34
 35
 35
 30
 38
 34
 30
 25
 42
 41
 44
 37
 26
 37
 35
 27
 38
 32
 31
 30
 25
 35
 41
 40
 34
 31
 33
 33
 38
 35
 28
 39
 35
 25
 38
 38
 29
 29
 39
 31
 25
 28
 21
 32
 37
 36
 27
 38
 23
 22
 31
 18
 26
 41
 32
 36
 32
 23
 26
 18
 30
 33
 29
 30
 29
 24
 29
 30
 31
 27
 19
 29
 21
 32
 25
 24
 24
 27
 39
 31
 22
 26
 27
 27
 24
 28
 36
 27
 30
 22
 31
 21
 18
 29
 21
 27
 24
 22
 37
 26
 28
 31
 22
 33
 29
 26
 30
 18
 45
 28
 22
 26
 33
 26
 28
 30
 17
 14
 25
 21
 21
 27
 30
 21
 22
 27
 25
 26
 24
 28
 27
 42
 25
 21
 28
 20
 32
 20
 27
 21
 28
 35
 29
 27
 30
 25
 27
 27
 22
 20
 23
 22
 23
 24
 21
 31
 33
 22
 24
 14
 25
 20
 12
 15
 31
 20
 21
 16
 19
 21
 25
 32
 24
 21
 19
 15
 40
 23
 32
 19
 29
 19
 23
 17
 22
 25
 26
 27
 35
 25
 21
 20
 23
 22
 30
 22
 19
 25
 23
 22
 30
 28
 28
 24
 15
 19
 19
 18
 19
 19
 14
 19
 18
 26
 29
 19
 22
 13
 16
 18
 24
 19
 18
 26
 22
 27
 17
 16
 30
 23
 17
 23
 24
 19
 25
 24
 25
 28
 21
 18
 25
 18
 30
 35
 19
 33
 24
 23
 23
 24
 21
 32
 18
 25
 23
 22
 19
 20
 17
 19
 24
 21
 23
 17
 22
 23
 21
 17
 22
 21
 20
 20
 22
 19
 17
 29
 23
 31
 20
 18
 13
 23
 12
 13
 24
 24
 24
 26
 21
 16
 20
 11
 18
 13
 13
 24
 18
 24
 24
 13
 20
 14
 19
 24
 16
 27
 12
 16
 21
 15
 16
 25
 20
 23
 22
 16
 16
 36
 23
 27
 16
 16
 19
 22
 27
 32
 19
 18
 17
 22
 26
 20
 23
 15
 20
 24
 29
 26
 28
 20
 17
 21
 19
 18
 19
 27
 24
 28
 24
 32
 27
 28
 27
 32
 17
 20
 16
 21
 21
 35
 24
 16
 33
 30
 22
 26
 21
 32
 24
 21
 22
 16
 41
 23
 32
 35
 40
 26
 35
 32
 48
 34
 29
 27
 34
 33
 42
 36
 37
 42
 26
 40
 35
 27
 42
 41
 48
 38
 33
 39
 46
 40
 48
 51
 41
 50
 40
 54
 57
 54
 55
 60
 40
 62
 61
 70
 65
 54
 51
 61
 55
 72
 84
 61
 67
 55
 79
 82
 74
 81
 69
 87
 84
 87
 85
 78
 100
 93
 77
 84
 76
 79
 89
 101
 104
 98
 120
 106
 96
 87
 90
 91
 106
 97
 99
 116
 135
 111
 97
 114
 119
 104
 116
 116
 113
 112
 118
 117
 128
 123
 114
 127
 125
 136
 124
 136
 121
 132
 138
 124
 134
 136
 155
 167
 138
 135
 118
 157
 152
 137
 151
 133
 143
 172
 149
 142
 121
 165
 146
 157
 169
 139
 152
 165
 159
 170
 142
 168
 143
 160
 160
 155
 188
 202
 154
 156
 192
 164
 178
 157
 172
 170
 182
 161
 173
 176
 179
 153
 173
 198
 151
 172
 171
 191
 189
 187
 211
 174
 175
 170
 214
 176
 166
 194
 177
 197
 203
 186
 202
 181
 192
 183
 198
 197
 195
 205
 175
 191
 198
 198
 194
 202
 191
 183
 178
 193
 203
 184
 174
 204
 198
 205
 204
 205
 210
 197
 190
 225
 206
 198
 207
 214
 216
 208
 199
 225
 210
 234
 196
 223
 227
 224
 203
 199
 232
 257
 216
 250
 233
 241
 219
 226
 237
 233
 224
 233
 236
 209
 237
 238
 211
 242
 259
 220
 251
 244
 251
 251
 241
 293
 260
 269
 238
 273
 252
 228
 234
 238
 221
 255
 242
 263
 257
 224
 268
 252
 247
 261
 249
 258
 271
 242
 276
 239
 289
 284
 240
 237
 296
 250
 262
 250
 265
 273
 300
 256
 248
 262
 237
 252
 268
 254
 270
 251
 253
 266
 241
 274
 269
 296
 287
 272
 299
 305
 268
 287
 316
 294
 240
 286
 290
 298
 291
 267
 312
 324
 307
 310
 323
 286
 294
 324
 299
 290
 325
 320
 272
 314
 338
 334
 317
 308
 307
 315
 299
 300
 332
 321
 303
 298
 340
 299
 307
 321
 320
 344
 305
 300
 338
 308
 337
 348
 342
 290
 319
 327
 342
 367
 329
 339
 344
 358
 376
 362
 351
 346
 348
 338
 328
 346
 330
 377
 402
 361
 352
 351
 374
 344
 372
 343
 367
 347
 370
 371
 365
 374
 370
 375
 353
 366
 385
 383
 358
 388
 388
 389
 379
 371
 416
 433
 386
 378
 399
 381
 403
 397
 414
 398
 376
 404
 385
 369
 428
 395
 460
 426
 385
 441
 406
 435
 389
 415
 434
 416
 425
 407
 415
 407
 446
 411
 437
 419
 433
 409
 413
 432
 457
 450
 449
 429
 465
 465
 492
 467
 435
 487
 446
 495
 504
 480
 449
 439
 425
 487
 469
 449
 488
 468
 481
 481
 503
 519
 487
 488
 506
 510
 477
 493
 475
 480
 481
 501
 460
 489
 495
 517
 512
 478
 521
 512
 558
 553
 568
 513
 516
 568
 502
 538
 502
 535
 557
 548
 536
 511
 550
 528
 561
 566
 542
 572
 587
 524
 597
 544
 520
 569
 532
 558
 566
 599
 562
 555
 578
 581
 585
 578
 575
 584
 607
 573
 598
 636
 649
 601
 582
 611
 622
 585
 562
 624
 605
 622
 655
 635
 588
 642
 611
 621
 645
 634
 638
 619
 642
 664
 627
 623
 638
 658
 672
 654
 667
 661
 689
 709
 666
 674
 629
 660
 665
 702
 691
 663
 616
 656
 662
 630
 691
 665
 715
 704
 659
 738
 745
 729
 702
 748
 710
 704
 724
 783
 748
 704
 699
 722
 730
 755
 695
 742
 722
 737
 765
 728
 792
 749
 793
 750
 747
 768
 762
 777
 782
 816
 813
 801
 809
 827
 793
 766
 794
 778
 775
 839
 818
 827
 889
 865
 911
 839
 845
 829
 833
 803
 813
 878
 860
 911
 857
 890
 927
 904
 893
 886
 870
 827
 868
 903
 968
 911
 947
 857
 905
 907
 866
 891
 874
 991
 904
 984
 911
 916
 946
 978
 926
 923
 948
 942
 958
 856
 965
 964
 972
 999
 1004
 972
 1005
 981
 997
 942
 990
 1050
 979
 968
 964
 1074
 960
 1069
 1080
 976
 1076
 1047
 1092
 1021
 1032
 1089
 1069
 1075
 1030
 1074
 1092
 1107
 1091
 1042
 1102
 1083
 1080
 1110
 1039
 1121
 1085
 1072
 1103
 1160
 1113
 1092
 1123
 1112
 1162
 1147
 1134
 1118
 1134
 1166
 1085
 1095
 1159
 1205
 1162
 1159
 1197
 1093
 1165
 1171
 1130
 1179
 1161
 1203
 1090
 1159
 1160
 1234
 1215
 1155
 1184
 1206
 1202
 1237
 1178
 1234
 1221
 1303
 1153
 1161
 1205
 1240
 1249
 1242
 1177
 1192
 1177
 1260
 1276
 1180
 1232
 1307
 1216
 1281
 1218
 1189
 1208
 1233
 1277
 1296
 1246
 1257
 1267
 1343
 1217
 1257
 1224
 1217
 1229
 1257
 1257
 1320
 1245
 1291
 1324
 1245
 1271
 1236
 1249
 1313
 1300
 1281
 1313
 1271
 1282
 1319
 1256
 1302
 1283
 1247
 1294
 1294
 1292
 1248
 1297
 1356
 1266
 1283
 1301
 1389
 1347
 1320
 1279
 1348
 1323
 1370
 1342
 1334
 1274
 1253
 1297
 1339
 1340
 1367
 1240
 1299
 1322
 1268
 1331
 1262
 1317
 1279
 1253
 1291
 1299
 1367
 1316
 1321
 1293
 1326
 1302
 1330
 1300
 1251
 1351
 1316
 1314
 1244
 1263
 1312
 1353
 1308
 1281
 1282
 1229
 1288
 1253
 1356
 1351
 1303
 1294
 1262
 1307
 1274
 1308
 1302
 1283
 1277
 1307
 1275
 1238
 1262
 1331
 1260
 1341
 1282
 1308
 1269
 1253
 1253
 1287
 1301
 1238
 1281
 1333
 1265
 1323
 1314
 1310
 1262
 1320
 1264
 1319
 1257
 1257
 1210
 1251
 1198
 1238
 1257
 1299
 1270
 1231
 1231
 1302
 1205
 1291
 1251
 1254
 1294
 1325
 1293
 1241
 1244
 1311
 1237
 1247
 1222
 1209
 1275
 1224
 1235
 1257
 1236
 1180
 1251
 1160
 1178
 1208
 1202
 1186
 1230
 1271
 1169
 1152
 1175
 1200
 1154
 1239
 1187
 1165
 1154
 1216
 1207
 1251
 1251
 1200
 1204
 1200
 1202
 1168
 1213
 1240
 1158
 1217
 1213
 1199
 1228
 1169
 1190
 1139
 1227
 1156
 1223
 1197
 1216
 1166
 1226
 1218
 1175
 1208
 1208
 1204
 1189
 1138
 1218
 1174
 1178
 1118
 1165
 1113
 1149
 1159
 1103
 1127
 1110
 1154
 1163
 1167
 1187
 1191
 1123
 1126
 1139
 1110
 1121
 1189
 1097
 1115
 1145
 1117
 1154
 1190
 1107
 1132
 1118
 1121
 1068
 1142
 1148
 1140
 1241
 1078
 1054
 1088
 1132
 1075
 1128
 1063
 1098
 1116
 1129
 1057
 1092
 1098
 1142
 1092
 1079
 1032
 1140
 1116
 1102
 1040
 1071
 1044
 1081
 1072
 1091
 1011
 1032
 1075
 1042
 1018
 1074
 1067
 1009
 1054
 1020
 1022
 1080
 1063
 1082
 1009
 1025
 1037
 1032
 1039
 1015
 1031
 1017
 1077
 1030
 1017
 1018
 1026
 1003
 982
 1021
 1023
 1004
 1018
 982
 960
 984
 1058
 1009
 948
 1030
 1007
 1008
 971
 955
 960
 995
 1041
 1028
 1020
 979
 971
 967
 991
 920
 962
 977
 992
 956
 909
 906
 977
 958
 994
 982
 1017
 960
 941
 920
 1052
 924
 917
 968
 964
 954
 887
 945
 930
 914
 880
 888
 909
 926
 902
 909
 894
 925
 939
 943
 904
 937
 940
 857
 869
 971
 922
 902
 905
 903
 862
 896
 870
 879
 890
 909
 871
 872
 856
 850
 856
 853
 911
 838
 878
 858
 856
 864
 818
 828
 894
 841
 840
 843
 861
 830
 830
 871
 861
 845
 824
 847
 826
 810
 795
 831
 828
 805
 826
 799
 831
 832
 807
 808
 799
 767
 819
 800
 767
 779
 799
 831
 812
 844
 769
 803
 816
 796
 746
 806
 800
 760
 771
 758
 773
 767
 756
 763
 759
 839
 769
 789
 743
 816
 727
 753
 742
 741
 754
 772
 742
 739
 734
 751
 777
 765
 761
 718
 734
 704
 769
 750
 720
 709
 757
 738
 683
 744
 779
 690
 688
 684
 767
 691
 737
 737
 766
 713
 707
 711
 704
 731
 709
 727
 691
 672
 743
 709
 639
 725
 654
 714
 641
 694
 672
 730
 691
 690
 708
 676
 674
 676
 718
 663
 678
 717
 669
 677
 679
 689
 669
 678
 691
 714
 628
 744
 693
 657
 708
 654
 646
 668
 721
 684
 646
 649
 651
 659
 623
 700
 612
 655
 650
 629
 604
 665
 635
 667
 639
 617
 623
 631
 646
 633
 626
 559
 551
 578
 562
 553
 537
 556
 527
 542
 551
 563
 498
 510
 573
 505
 527
 550
 531
 486
 555
 498
 490
 485
 511
 517
 488
 515
 520
 495
 497
 524
 494
 537
 499
 460
 533
 542
 477
 472
 518
 468
 445
 488
 468
 499
 481
 492
 507
 495
 501
 459
 481
 467
 505
 531
 481
 502
 557
 478
 468
 505
 474
 498
 506
 451
 462
 502
 493
 497
 493
 465
 503
 478
 470
 447
 434
 476
 468
 506
 499
 441
 468
 481
 469
 460
 479
 450
 536
 427
 473
 438
 481
 427
 460
 490
 479
 457
 468
 450
 475
 492
 458
 451
 467
 441
 469
 452
 460
 479
 449
 459
 457
 474
 433
 430
 420
 483
 450
 432
 475
 430
 423
 460
 464
 473
 446
 500
 453
 443
 425
 445
 437
 438
 476
 424
 483
 473
 475
 462
 433
 435
 458
 419
 425
 447
 400
 420
 407
 406
 419
 424
 448
 410
 435
 434
 437
 413
 446
 425
 437
 388
 407
 429
 421
 407
 411
 434
 386
 386
 414
 428
 384
 436
 438
 410
 437
 407
 445
 446
 445
 437
 426
 401
 401
 400
 435
 417
 425
 443
 443
 406
 402
 401
 404
 423
 429
 391
 405
 394
 430
 400
 401
 409
 404
 384
 383
 430
 381
 412
 416
 381
 404
 408
 393
 417
 411
 402
 438
 434
 382
 390
 407
 437
 410
 388
 425
 368
 411
 396
 412
 385
 427
 420
 402
 417
 372
 421
 404
 406
 393
 376
 373
 384
 385
 413
 384
 394
 378
 327
 380
 380
 402
 410
 397
 397
 398
 360
 399
 375
 387
 398
 419
 388
 359
 366
 382
 436
 349
 367
 349
 345
 423
 368
 370
 372
 387
 360
 392
 390
 418
 363
 400
 385
 383
 372
 354
 377
 362
 367
 386
 350
 427
 379
 374
 373
 347
 419
 361
 340
 384
 356
 339
 342
 337
 394
 354
 354
 386
 342
 333
 375
 370
 350
 354
 341
 407
 343
 356
 344
 352
 358
 383
 340
 357
 360
 383
 336
 344
 359
 329
 358
 334
 338
 346
 348
 364
 353
 338
 316
 331
 348
 332
 355
 369
 359
 366
 378
 380
 312
 341
 332
 326
 352
 352
 350
 360
 314
 313
 376
 371
 347
 300
 354
 334
 352
 331
 335
 339
 332
 330
 313
 314
 329
 329
 343
 353
 299
 341
 335
 331
 336
 335
 312
 300
 315
 269
 332
 306
 352
 314
 328
 337
 314
 328
 317
 313
 311
 326
 311
 311
 327
 321
 311
 293
 296
 292
 286
 338
 318
 303
 336
 281
 307
 268
 302
 308
 324
 332
 312
 290
 298
 297
 308
 302
 311
 319
 273
 280
 289
 293
 284
 327
 302
 292
 295
 288
 328
 267
 298
 273
 280
 294
 284
 273
 295
 293
 286
 274
 274
 292
 256
 323
 278
 284
 298
 291
 289
 266
 273
 286
 280
 281
 310
 295
 269
 276
 274
 258
 236
 269
 254
 293
 267
 294
 272
 291
 289
 270
 258
 273
 278
 250
 277
 249
 256
 270
 284
 273
 272
 260
 248
 265
 236
 288
 263
 283
 274
 277
 279
 221
 252
 259
 278
 254
 260
 246
 283
 250
 237
 244
 259
 254
 264
 242
 243
 263
 268
 249
 277
 238
 282
 252
 273
 247
 228
 269
 255
 239
 230
 238
 251
 247
 233
 233
 249
 214
 223
 229
 233
 236
 231
 262
 240
 221
 237
 235
 232
 229
 195
 267
 252
 213
 238
 244
 214
 256
 221
 234
 200
 225
 248
 241
 215
 225
 228
 213
 200
 218
 226
 202
 210
 238
 204
 217
 224
 223
 217
 226
 211
 209
 243
 215
 200
 226
 200
 221
 204
 199
 207
 221
 220
 221
 206
 221
 212
 208
 204
 201
 169
 205
 210
 208
 188
 196
 174
 170
 198
 209
 199
 188
 203
 177
 190
 199
 192
 180
 189
 198
 201
 206
 169
 166
 200
 186
 204
 205
 186
 180
 186
 220
 177
 179
 182
 181
 181
 169
 211
 185
 188
 206
 194
 217
 186
 201
 199
 184
 213
 169
 195
 178
 173
 191
 171
 193
 178
 183
 168
 196
 171
 185
 180
 183
 157
 163
 189
 172
 186
 189
 149
 174
 181
 175
 160
 166
 201
 171
 188
 163
 181
 181
 177
 171
 179
 166
 190
 184
 174
 174
 179
 173
 176
 173
 174
 151
 173
 169
 173
 173
 158
 158
 199
 161
 174
 158
 180
 192
 161
 161
 161
 158
 188
 163
 169
 154
 155
 152
 178
 159
 160
 151
 155
 141
 188
 134
 151
 156
 156
 176
 149
 172
 149
 167
 131
 158
 161
 138
 171
 165
 161
 150
 158
 146
 125
 152
 137
 158
 152
 180
 164
 148
 150
 159
 136
 133
 121
 154
 119
 131
 138
 160
 149
 110
 158
 129
 144
 142
 130
 121
 139
 154
 146
 147
 127
 164
 132
 140
 149
 140
 125
 137
 158
 141
 133
 133
 138
 165
 137
 138
 147
 120
 128
 142
 132
 136
 117
 120
 155
 150
 119
 131
 108
 130
 116
 145
 134
 136
 148
 141
 124
 135
 124
 122
 145
 134
 146
 125
 127
 124
 148
 150
 135
 126
 121
 110
 126
 120
 128
 123
 143
 136
 127
 131
 128
 118
 113
 128
 133
 116
 116
 114
 114
 146
 118
 121
 122
 113
 118
 118
 116
 108
 105
 106
 103
 114
 127
 127
 135
 145
 132
 137
 107
 109
 114
 132
 125
 111
 120
 111
 107
 117
 123
 105
 115
 112
 112
 128
 132
 107
 111
 120
 107
 113
 136
 111
 112
 129
 110
 114
 100
 116
 107
 116
 93
 113
 122
 108
 108
 117
 101
 112
 103
 85
 119
 105
 107
 107
 94
 98
 117
 108
 90
 105
 104
 112
 99
 100
 99
 108
 116
 121
 110
 114
 81
 95
 114
 101
 106
 94
 121
 126
 112
 102
 102
 94
 108
 89
 98
 112
 107
 106
 91
 95
 102
 123
 108
 101
 95
 87
 103
 118
 98
 88
 97
 102
 104
 94
 110
 107
 94
 107
 103
 96
 86
 83
 100
 94
 95
 105
 88
 85
 90
 94
 95
 83
 97
 96
 87
 105
 114
 99
 85
 87
 93
 94
 86
 99
 84
 93
 76
 71
 79
 92
 94
 87
 75
 95
 81
 71
 87
 80
 88
 91
 92
 92
 95
 88
 95
 84
 72
 85
 104
 89
 95
 88
 93
 72
 89
 85
 79
 93
 81
 108
 80
 83
 91
 80
 82
 89
 89
 86
 85
 93
 88
 88
 82
 80
 88
 84
 80
 80
 92
 86
 91
 68
 86
 75
 74
 97
 74
 91
 80
 87
 81
 79
 82
 77
 77
 81
 72
 88
 75
 99
 72
 89
 76
 64
 80
 98
 85
 81
 89
 78
 76
 74
 73
 80
 86
 67
 79
 50
 65
 83
 80
 82
 85
 79
 73
 86
 70
 76
 92
 69
 82
 64
 80
 92
 68
 69
 90
 77
 70
 83
 69
 68
 89
 89
 66
 56
 74
 68
 76
 77
 70
 87
 72
 79
 72
 72
 67
 84
 70
 84
 80
 64
 79
 53
 76
 73
 67
 74
 78
 61
 86
 77
 54
 68
 66
 65
 77
 88
 63
 79
 64
 67
 69
 76
 68
 79
 75
 73
 63
 79
 59
 67
 74
 56
 66
 80
 66
 64
 79
 56
 58
 61
 68
 71
 73
 67
 80
 63
 63
 68
 67
 65
 77
 63
 67
 62
 73
 78
 54
 56
 59
 63
 77
 54
 78
 61
 74
 58
 80
 69
 63
 63
 74
 52
 65
 67
 72
 84
 53
 53
 62
 66
 54
 77
 77
 74
 62
 60
 73
 56
 71
 62
 72
 66
 62
 67
 58
 77
 70
 69
 54
 56
 57
 63
 57
 68
 42
 57
 50
 71
 64
 60
 60
 70
 63
 44
 46
 59
 58
 60
 51
 68
 46
 57
 52
 55
 57
 55
 50
 56
 45
 48
 56
 50
 58
 63
 59
 70
 51
 51
 50
 60
 44
 51
 51
 55
 53
 52
 66
 66
 57
 49
 50
 57
 39
 49
 41
 56
 57
 40
 60
 56
 45
 54
 46
 58
 45
 54
 47
 57
 49
 55
 49
 48
 61
 51
 51
 42
 44
 51
 48
 41
 47
 43
 46
 43
 62
 49
 52
 63
 57
 42
 39
 57
 41
 61
 57
 39
 56
 45
 50
 51
 49
 51
 46
 53
 51
 48
 47
 49
 53
 48
 62
 41
 47
 33
 41
 40
 44
 35
 48
 49
 39
 57
 41
 44
 51
 43
 43
 34
 50
 42
 39
 47
 41
 57
 60
 46
 47
 43
 49
 46
 45
 39
 45
 34
 36
 40
 47
 37
 36
 49
 32
 46
 45
 50
 43
 39
 44
 45
 55
 36
 45
 43
 55
 45
 42
 38
 51
 25
 38
 50
 51
 39
 36
 53
 55
 42
 51
 42
 43
 33
 46
 40
 36
 34
 38
 43
 40
 51
 37
 32
 37
 41
 36
 37
 36
 47
 36
 31
 41
 48
 49
 38
 40
 36
 33
 35
 45
 32
 31
 41
 42
 38
 43
 49
 37
 43
 48
 36
 42
 38
 50
 43
 44
 36
 41
 39
 42
 38
 43
 38
 37
 35
 36
 48
 43
 32
 30
 45
 32
 42
 33
 40
 36
 40
 39
 33
 41
 35
 39
 38
 41
 43
 44
 42
 41
 38
 39
 29
 36
 38
 33
 37
 41
 47
 35
 26
 34
 42
 38
 33
 33
 36
 26
 37
 43
 33
 34
 36
 47
 32
 43
 41
 35
 38
 37
 39
 37
 33
 27
 38
 38
 21
 38
 34
 26
 34
 39
 28
 42
 29
 41
 22
 25
 32
 27
 24
 35
 26
 32
 30
 27
 21
 32
 42
 30
 32
 35
 39
 31
 35
 40
 40
 30
 40
 30
 31
 28
 34
 24
 35
 29
 26
 34
 41
 29
 35
 28
 24
 28
 39
 31
 30
 34
 29
 28
 30
 33
 34
 33
 28
 34
 27
 33
 28
 33
 21
 37
 31
 29
 29
 21
 27
 30
 31
 32
 36
 28
 27
 33
 29
 26
 31
 29
 34
 32
 33
 31
 33
 14
 27
 36
 29
 26
 32
 21
 32
 30
 46
 32
 21
 32
 28
 42
 33
 23
 29
 23
 32
 27
 25
 16
 25
 26
 25
 28
 27
 33
 30
 36
 24
 32
 27
 27
 33
 27
 25
 19
 24
 26
 24
 23
 24
 29
 25
 31
 27
 25
 27
 16
 30
 29
 33
 21
 18
 20
 26
 23
 28
 27
 15
 21
 25
 19
 21
 26
 28
 20
 18
 23
 23
 25
 22
 21
 24
 24
 21
 22
 21
 25
 21
 24
 17
 22
 18
 22
 30
 21
 20
 32
 17
 23
 27
 16
 21
 20
 21
 27
 20
 23
 18
 21
 23
 17
 35
 17
 20
 31
 25
 20
 20
 18
 22
 23
 25
 17
 26
 26
 23
 33
 15
 14
 19
 22
 20
 16
 33
 24
 23
 19
 15
 20
 21
 30
 22
 23
 26
 32
 26
 26
 26
 12
 33
 16
 21
 27
 16
 23
 18
 24
 23
 17
 14
 16
 18
 20
 18
 20
 18
 26
 18
 20
 17
 20
 15
 14
 22
 17
 14
 24
 25
 21
 22
 15
 25
 17
 16
 21
 18
 28
 23
 20
 14
 18
 23
 18
 14
 20
 19
 24
 19
 13
 11
 18
 15
 27
 22
 20
 22
 25
 20
 12
 15
