VERSION:    3.1
ELEMENTS:              1
DATE:       JUN 11, 2017 16:14:05.**
CHANNELS:           4000
ROIS:        0
REAL_TIME:   261.1400146
LIVE_TIME:   240.1199951
CAL_OFFSET:  6.7178987e-002
CAL_SLOPE:   3.1603590e-002
CAL_QUAD:    0.0000000e+000
TWO_THETA:   15.0033941
DATA: 
 0
 0
 0
 0
 0
 0
 0
 0
 0
 0
 0
 0
 0
 0
 0
 0
 0
 0
 0
 0
 0
 0
 0
 0
 0
 0
 0
 0
 0
 0
 0
 0
 0
 0
 0
 0
 0
 0
 0
 0
 0
 0
 0
 0
 0
 0
 0
 0
 0
 0
 0
 0
 0
 0
 0
 0
 0
 0
 0
 0
 0
 0
 0
 0
 0
 0
 0
 0
 0
 0
 1
 23
 34
 13
 19
 20
 27
 23
 20
 19
 12
 19
 16
 19
 25
 16
 27
 20
 19
 31
 16
 28
 15
 14
 25
 20
 30
 33
 21
 21
 20
 18
 21
 28
 19
 29
 24
 34
 20
 27
 27
 30
 23
 34
 38
 31
 28
 34
 33
 34
 42
 33
 35
 42
 33
 56
 43
 48
 42
 50
 58
 60
 68
 55
 62
 52
 51
 49
 54
 69
 76
 76
 80
 77
 65
 81
 88
 74
 91
 76
 90
 92
 95
 100
 89
 86
 93
 120
 92
 90
 102
 107
 102
 95
 90
 88
 121
 103
 108
 132
 117
 105
 127
 110
 123
 126
 124
 115
 119
 119
 127
 127
 128
 142
 114
 123
 115
 138
 125
 117
 144
 118
 118
 136
 131
 134
 152
 119
 142
 141
 112
 135
 128
 142
 133
 127
 143
 147
 126
 153
 129
 142
 138
 121
 123
 126
 129
 140
 145
 135
 131
 150
 152
 138
 151
 145
 134
 158
 136
 141
 120
 139
 155
 144
 134
 127
 148
 135
 130
 125
 131
 124
 122
 131
 125
 140
 133
 126
 130
 133
 120
 110
 117
 123
 116
 121
 126
 128
 130
 120
 109
 127
 127
 128
 125
 104
 104
 135
 102
 104
 123
 125
 115
 118
 124
 116
 118
 106
 95
 119
 126
 126
 108
 104
 130
 100
 93
 118
 122
 115
 107
 110
 98
 112
 89
 97
 108
 106
 111
 73
 107
 102
 95
 108
 95
 97
 117
 98
 93
 98
 119
 99
 97
 98
 93
 93
 100
 112
 99
 103
 94
 99
 77
 92
 92
 92
 88
 75
 85
 91
 75
 85
 94
 82
 95
 111
 94
 82
 81
 83
 72
 92
 94
 74
 88
 92
 87
 93
 87
 78
 91
 74
 92
 70
 77
 71
 82
 97
 89
 85
 77
 85
 71
 79
 74
 92
 75
 69
 75
 64
 72
 77
 67
 86
 56
 62
 64
 81
 66
 73
 64
 67
 69
 63
 61
 70
 75
 66
 52
 62
 64
 56
 49
 54
 73
 64
 51
 70
 71
 70
 59
 61
 57
 71
 57
 59
 59
 73
 50
 54
 65
 55
 51
 70
 40
 56
 54
 55
 66
 61
 63
 48
 42
 48
 60
 63
 63
 58
 67
 43
 54
 55
 60
 49
 57
 48
 41
 46
 35
 54
 44
 51
 52
 46
 43
 42
 43
 44
 53
 35
 51
 41
 37
 46
 37
 45
 37
 53
 42
 58
 50
 35
 46
 45
 48
 48
 43
 49
 42
 55
 39
 41
 44
 26
 57
 39
 39
 45
 53
 36
 37
 35
 34
 40
 54
 54
 41
 35
 50
 41
 39
 42
 41
 34
 34
 53
 33
 37
 34
 38
 44
 43
 37
 34
 35
 32
 30
 32
 30
 29
 42
 31
 24
 37
 34
 25
 36
 25
 34
 29
 30
 39
 48
 39
 34
 36
 24
 47
 32
 28
 37
 29
 32
 40
 33
 38
 42
 33
 26
 25
 26
 40
 36
 24
 32
 29
 33
 34
 31
 33
 35
 34
 21
 31
 37
 35
 38
 26
 33
 24
 20
 23
 21
 29
 29
 35
 19
 24
 29
 37
 29
 25
 39
 20
 29
 31
 29
 16
 17
 23
 32
 27
 22
 30
 28
 24
 18
 22
 33
 16
 29
 21
 29
 33
 20
 20
 25
 27
 30
 31
 26
 23
 23
 23
 37
 33
 22
 21
 29
 32
 20
 31
 19
 21
 21
 25
 22
 25
 21
 30
 21
 23
 20
 29
 21
 33
 21
 21
 22
 24
 23
 26
 35
 31
 23
 21
 25
 21
 28
 17
 7
 22
 25
 27
 19
 25
 26
 19
 22
 20
 19
 25
 23
 19
 33
 32
 16
 23
 22
 29
 20
 28
 12
 20
 17
 29
 20
 20
 19
 23
 22
 22
 14
 11
 18
 30
 18
 24
 20
 14
 18
 24
 20
 17
 26
 32
 23
 22
 22
 26
 19
 27
 17
 13
 16
 22
 19
 26
 20
 13
 18
 11
 23
 19
 19
 23
 24
 23
 22
 17
 19
 17
 25
 16
 24
 14
 15
 23
 17
 22
 24
 24
 17
 18
 16
 18
 25
 17
 27
 16
 21
 21
 21
 28
 16
 19
 14
 10
 21
 22
 20
 23
 20
 8
 18
 22
 16
 22
 23
 21
 21
 21
 26
 23
 19
 19
 21
 21
 20
 21
 21
 13
 15
 38
 24
 28
 18
 20
 24
 18
 14
 22
 11
 31
 32
 24
 26
 28
 15
 19
 18
 20
 21
 22
 19
 21
 11
 13
 19
 22
 14
 23
 24
 23
 31
 20
 22
 9
 26
 14
 18
 19
 20
 13
 15
 17
 20
 22
 15
 20
 27
 19
 22
 23
 19
 16
 22
 17
 18
 18
 23
 13
 22
 21
 12
 27
 21
 24
 15
 27
 26
 28
 13
 24
 22
 31
 23
 24
 17
 27
 23
 21
 22
 18
 26
 20
 31
 25
 29
 23
 21
 24
 15
 27
 21
 27
 22
 14
 28
 21
 29
 25
 21
 31
 26
 22
 21
 27
 23
 19
 32
 30
 23
 25
 19
 10
 22
 28
 23
 24
 29
 20
 21
 23
 29
 23
 26
 24
 24
 26
 25
 28
 27
 17
 32
 20
 34
 33
 35
 29
 35
 29
 28
 30
 24
 21
 21
 37
 34
 20
 28
 29
 31
 34
 20
 33
 38
 33
 30
 31
 36
 32
 39
 30
 27
 37
 24
 34
 30
 29
 39
 40
 32
 28
 35
 41
 45
 33
 33
 25
 36
 30
 31
 39
 37
 25
 51
 42
 29
 41
 41
 45
 36
 39
 40
 40
 35
 41
 40
 39
 46
 38
 47
 50
 50
 39
 51
 50
 42
 45
 37
 46
 46
 53
 50
 56
 52
 54
 35
 52
 47
 55
 32
 44
 39
 47
 51
 41
 45
 56
 48
 60
 57
 54
 56
 52
 73
 51
 70
 56
 49
 52
 58
 44
 66
 49
 64
 59
 54
 52
 73
 69
 66
 61
 73
 63
 61
 67
 68
 72
 77
 67
 65
 76
 69
 71
 41
 77
 67
 73
 58
 89
 66
 73
 64
 78
 66
 71
 81
 63
 90
 67
 101
 69
 77
 73
 72
 77
 83
 87
 74
 80
 105
 86
 83
 95
 87
 96
 103
 73
 89
 79
 100
 81
 105
 99
 93
 109
 110
 112
 87
 88
 95
 94
 107
 87
 126
 108
 94
 125
 95
 129
 118
 98
 118
 105
 124
 109
 113
 95
 117
 133
 105
 123
 130
 132
 128
 127
 119
 134
 156
 127
 136
 139
 136
 117
 152
 164
 133
 155
 146
 146
 133
 144
 149
 155
 138
 153
 158
 149
 163
 162
 154
 152
 163
 167
 151
 159
 180
 180
 174
 181
 156
 178
 176
 181
 196
 188
 205
 165
 185
 182
 199
 203
 190
 200
 201
 188
 187
 184
 174
 201
 213
 211
 220
 226
 183
 218
 210
 239
 216
 225
 231
 227
 240
 234
 253
 242
 241
 210
 231
 256
 259
 226
 271
 239
 234
 246
 236
 296
 276
 256
 267
 258
 272
 261
 308
 271
 280
 278
 269
 294
 273
 301
 298
 329
 283
 295
 309
 316
 315
 307
 328
 326
 298
 329
 336
 334
 341
 368
 325
 360
 362
 335
 349
 342
 382
 393
 346
 360
 351
 366
 393
 384
 400
 354
 374
 399
 402
 423
 383
 358
 420
 429
 453
 438
 420
 438
 412
 423
 459
 436
 446
 454
 465
 446
 415
 444
 449
 459
 468
 465
 444
 516
 493
 467
 489
 496
 480
 492
 462
 490
 509
 491
 522
 530
 484
 512
 556
 552
 561
 543
 573
 559
 550
 536
 560
 538
 564
 572
 558
 553
 587
 580
 610
 538
 542
 594
 599
 590
 589
 646
 599
 618
 650
 570
 639
 632
 618
 664
 650
 647
 637
 623
 625
 661
 701
 654
 710
 659
 663
 668
 703
 668
 719
 686
 664
 695
 737
 692
 708
 724
 733
 723
 704
 728
 723
 753
 720
 710
 762
 752
 760
 720
 733
 785
 753
 712
 699
 757
 781
 764
 762
 749
 801
 756
 775
 791
 726
 797
 750
 793
 769
 759
 773
 740
 757
 795
 830
 838
 815
 793
 805
 864
 775
 802
 832
 768
 805
 830
 850
 776
 824
 858
 851
 816
 861
 830
 893
 822
 864
 860
 825
 826
 829
 859
 868
 822
 849
 884
 830
 871
 819
 868
 834
 822
 852
 883
 875
 860
 871
 899
 845
 932
 898
 851
 880
 876
 867
 875
 915
 889
 871
 869
 954
 861
 784
 879
 888
 902
 912
 915
 875
 893
 910
 923
 915
 906
 967
 888
 904
 891
 931
 928
 878
 902
 931
 890
 934
 887
 985
 920
 975
 905
 905
 933
 915
 908
 901
 963
 889
 976
 918
 982
 913
 927
 931
 954
 950
 893
 954
 950
 948
 996
 938
 925
 936
 924
 943
 930
 985
 946
 870
 920
 933
 953
 992
 987
 981
 972
 956
 965
 956
 940
 992
 986
 973
 955
 986
 928
 963
 961
 943
 930
 970
 997
 1011
 924
 892
 916
 962
 1003
 966
 1016
 950
 954
 964
 1010
 932
 994
 967
 1011
 977
 972
 975
 946
 928
 971
 963
 959
 955
 922
 986
 961
 983
 978
 995
 953
 940
 1000
 948
 943
 941
 953
 945
 940
 969
 932
 964
 964
 994
 1008
 971
 962
 918
 975
 904
 1001
 963
 1003
 885
 964
 909
 898
 913
 949
 912
 953
 951
 978
 896
 905
 951
 966
 919
 973
 933
 933
 981
 939
 950
 936
 926
 943
 958
 912
 908
 926
 947
 930
 913
 992
 907
 967
 905
 907
 905
 923
 893
 922
 944
 905
 887
 894
 965
 893
 917
 930
 950
 998
 925
 937
 891
 880
 896
 930
 956
 929
 874
 864
 932
 888
 923
 922
 903
 885
 899
 898
 954
 895
 893
 933
 886
 920
 920
 884
 951
 889
 881
 882
 893
 918
 924
 901
 866
 870
 856
 939
 908
 906
 884
 902
 883
 835
 838
 871
 850
 850
 858
 901
 885
 846
 909
 838
 830
 895
 858
 924
 863
 888
 854
 827
 842
 898
 902
 834
 904
 848
 900
 892
 832
 900
 861
 847
 849
 886
 909
 857
 905
 855
 901
 868
 894
 841
 843
 813
 826
 849
 829
 862
 853
 815
 861
 890
 831
 842
 871
 868
 843
 854
 826
 853
 833
 855
 842
 908
 854
 914
 834
 838
 830
 850
 844
 856
 833
 842
 848
 803
 871
 866
 841
 829
 806
 841
 819
 863
 792
 845
 804
 913
 849
 859
 867
 909
 871
 895
 866
 859
 826
 833
 833
 860
 831
 850
 814
 869
 833
 826
 881
 861
 829
 859
 841
 829
 801
 828
 822
 851
 862
 846
 835
 872
 820
 868
 844
 820
 880
 843
 811
 828
 858
 761
 840
 772
 808
 854
 790
 849
 872
 863
 786
 857
 880
 822
 815
 844
 877
 865
 848
 907
 870
 816
 833
 836
 834
 874
 826
 881
 875
 861
 813
 803
 829
 822
 813
 815
 857
 875
 809
 853
 903
 857
 815
 789
 812
 832
 835
 862
 825
 895
 838
 887
 788
 887
 802
 784
 862
 857
 838
 841
 886
 833
 855
 902
 816
 828
 878
 842
 793
 816
 826
 804
 834
 844
 880
 840
 856
 791
 848
 803
 815
 829
 819
 854
 839
 844
 865
 842
 832
 834
 863
 864
 813
 925
 837
 847
 833
 788
 865
 860
 852
 846
 831
 828
 835
 844
 856
 879
 859
 817
 848
 868
 852
 814
 887
 832
 853
 824
 867
 852
 849
 840
 865
 871
 836
 840
 797
 813
 875
 805
 805
 809
 834
 844
 796
 872
 886
 851
 836
 815
 820
 791
 830
 831
 801
 851
 802
 878
 810
 834
 866
 842
 820
 829
 799
 826
 768
 799
 825
 812
 795
 832
 767
 833
 876
 890
 789
 829
 802
 846
 845
 829
 848
 804
 794
 814
 824
 843
 876
 847
 816
 843
 795
 830
 846
 801
 852
 819
 833
 822
 838
 839
 748
 839
 815
 848
 841
 869
 828
 874
 837
 763
 813
 857
 865
 847
 781
 813
 786
 839
 805
 826
 789
 787
 835
 816
 832
 786
 814
 810
 822
 831
 834
 862
 873
 847
 838
 820
 808
 797
 779
 848
 849
 779
 794
 853
 811
 828
 754
 782
 801
 806
 821
 796
 807
 781
 759
 765
 865
 791
 828
 764
 805
 756
 824
 777
 786
 766
 774
 795
 803
 785
 820
 815
 775
 804
 803
 804
 770
 771
 789
 804
 758
 757
 784
 803
 763
 787
 775
 786
 819
 724
 785
 731
 781
 772
 765
 735
 731
 707
 777
 767
 750
 732
 854
 750
 754
 754
 708
 758
 763
 784
 703
 810
 743
 784
 730
 749
 778
 778
 748
 733
 753
 760
 788
 729
 731
 639
 694
 724
 759
 676
 716
 705
 672
 711
 760
 724
 690
 738
 760
 735
 658
 706
 738
 699
 734
 709
 786
 741
 680
 686
 731
 706
 712
 708
 668
 726
 705
 678
 730
 749
 744
 679
 748
 692
 717
 670
 702
 740
 714
 697
 703
 668
 729
 668
 669
 721
 726
 661
 692
 713
 701
 697
 679
 683
 673
 727
 667
 705
 646
 702
 673
 725
 689
 665
 701
 656
 635
 669
 725
 691
 678
 636
 674
 649
 625
 650
 652
 658
 683
 657
 652
 618
 641
 692
 664
 654
 634
 677
 668
 650
 669
 650
 646
 663
 633
 638
 655
 587
 603
 610
 559
 578
 598
 559
 546
 566
 547
 548
 527
 547
 530
 509
 534
 496
 471
 512
 494
 481
 543
 517
 542
 503
 476
 509
 428
 536
 477
 541
 468
 440
 485
 473
 473
 487
 460
 529
 521
 468
 570
 459
 481
 507
 486
 481
 466
 535
 509
 466
 497
 486
 481
 496
 439
 495
 514
 431
 475
 483
 481
 503
 472
 482
 424
 456
 462
 484
 517
 443
 449
 462
 479
 445
 469
 483
 436
 438
 435
 466
 491
 444
 492
 448
 463
 519
 474
 472
 469
 431
 431
 446
 479
 444
 472
 438
 459
 436
 433
 449
 453
 488
 450
 414
 406
 461
 400
 458
 392
 453
 432
 446
 401
 416
 461
 454
 421
 420
 387
 407
 422
 429
 381
 409
 432
 432
 435
 436
 414
 402
 417
 425
 373
 435
 423
 408
 405
 406
 411
 418
 429
 417
 391
 422
 395
 424
 408
 405
 438
 394
 389
 379
 407
 390
 365
 404
 376
 415
 377
 380
 385
 434
 381
 375
 380
 374
 363
 421
 436
 383
 385
 387
 437
 401
 381
 396
 370
 381
 388
 385
 386
 359
 354
 394
 378
 403
 387
 394
 356
 403
 407
 399
 390
 386
 376
 375
 395
 391
 336
 365
 364
 337
 365
 366
 365
 386
 374
 365
 392
 356
 359
 360
 373
 388
 321
 366
 353
 354
 347
 355
 366
 355
 346
 350
 363
 353
 340
 343
 394
 374
 389
 349
 348
 352
 344
 342
 351
 371
 397
 346
 356
 330
 346
 349
 317
 360
 355
 301
 329
 340
 342
 351
 345
 312
 333
 339
 363
 363
 327
 358
 336
 340
 307
 334
 366
 342
 354
 332
 332
 356
 340
 330
 331
 337
 358
 323
 343
 362
 321
 302
 351
 330
 298
 276
 304
 320
 341
 351
 327
 301
 309
 314
 295
 309
 305
 343
 339
 313
 293
 319
 331
 320
 278
 296
 309
 297
 301
 278
 332
 296
 293
 305
 299
 317
 330
 323
 302
 311
 324
 322
 281
 300
 339
 321
 318
 294
 303
 306
 331
 307
 276
 311
 311
 288
 315
 322
 299
 334
 320
 320
 251
 292
 326
 303
 270
 279
 293
 288
 298
 279
 300
 297
 282
 281
 345
 272
 280
 311
 257
 297
 287
 279
 333
 325
 290
 282
 287
 274
 269
 283
 309
 320
 268
 251
 280
 265
 275
 291
 282
 270
 293
 279
 284
 269
 303
 307
 282
 265
 289
 277
 260
 271
 283
 271
 264
 281
 248
 288
 280
 285
 283
 270
 263
 289
 286
 253
 273
 309
 262
 279
 239
 287
 266
 281
 275
 276
 261
 243
 268
 256
 270
 215
 247
 278
 246
 274
 255
 260
 252
 269
 265
 286
 257
 274
 277
 270
 263
 252
 267
 262
 243
 255
 257
 211
 252
 251
 251
 228
 232
 267
 262
 265
 258
 241
 243
 250
 240
 249
 237
 242
 250
 243
 237
 213
 282
 251
 247
 260
 266
 233
 241
 251
 251
 273
 251
 259
 243
 243
 249
 211
 247
 229
 226
 247
 243
 211
 227
 234
 215
 253
 243
 236
 247
 218
 268
 217
 238
 227
 244
 243
 253
 249
 246
 233
 231
 232
 220
 237
 207
 223
 252
 248
 224
 230
 217
 219
 223
 241
 191
 206
 223
 200
 209
 242
 240
 221
 230
 208
 178
 207
 234
 225
 224
 214
 221
 239
 213
 200
 215
 227
 237
 200
 223
 211
 192
 204
 199
 224
 208
 227
 218
 202
 191
 220
 223
 194
 202
 224
 205
 206
 206
 221
 231
 189
 197
 214
 228
 192
 203
 214
 187
 231
 204
 195
 230
 219
 193
 184
 222
 218
 204
 179
 210
 195
 206
 183
 189
 207
 185
 211
 193
 191
 201
 209
 180
 192
 185
 203
 187
 184
 183
 176
 210
 184
 187
 183
 172
 183
 184
 168
 188
 183
 195
 158
 174
 182
 193
 180
 174
 176
 210
 169
 169
 192
 180
 184
 197
 186
 160
 178
 199
 198
 205
 188
 175
 170
 189
 185
 169
 200
 181
 195
 155
 198
 182
 156
 182
 195
 172
 149
 174
 183
 175
 161
 162
 154
 193
 177
 176
 155
 167
 165
 150
 164
 169
 169
 188
 175
 179
 163
 175
 173
 144
 157
 152
 180
 146
 175
 164
 173
 163
 160
 169
 160
 153
 134
 143
 149
 144
 169
 162
 153
 171
 142
 161
 156
 156
 165
 183
 178
 167
 174
 147
 158
 163
 154
 138
 164
 181
 185
 143
 151
 167
 163
 173
 149
 166
 170
 154
 159
 152
 129
 152
 134
 156
 158
 135
 151
 153
 141
 144
 134
 152
 179
 160
 145
 142
 141
 146
 152
 149
 179
 162
 128
 142
 148
 139
 156
 151
 133
 146
 138
 157
 146
 148
 155
 167
 126
 123
 144
 171
 135
 150
 150
 135
 166
 132
 122
 139
 150
 120
 140
 144
 152
 145
 138
 117
 133
 144
 149
 151
 128
 123
 169
 136
 126
 120
 134
 110
 133
 135
 127
 127
 123
 122
 130
 139
 122
 145
 150
 134
 133
 133
 139
 123
 151
 115
 108
 115
 132
 134
 140
 126
 112
 133
 141
 133
 127
 124
 112
 118
 114
 147
 119
 127
 114
 125
 118
 111
 121
 129
 115
 126
 128
 113
 121
 105
 129
 126
 117
 137
 104
 105
 137
 119
 139
 126
 149
 128
 118
 127
 116
 111
 113
 111
 102
 134
 104
 104
 105
 140
 103
 111
 128
 115
 111
 114
 112
 107
 118
 126
 93
 109
 133
 117
 108
 118
 112
 110
 118
 100
 102
 102
 112
 105
 114
 132
 123
 106
 122
 110
 119
 111
 115
 118
 123
 101
 102
 115
 98
 107
 132
 127
 107
 101
 102
 103
 97
 99
 125
 114
 115
 102
 103
 103
 120
 109
 87
 90
 99
 99
 82
 101
 96
 78
 120
 108
 104
 98
 119
 111
 94
 109
 105
 96
 97
 102
 98
 113
 100
 87
 107
 84
 130
 100
 111
 119
 116
 105
 72
 92
 106
 117
 92
 99
 93
 84
 99
 107
 95
 94
 84
 93
 108
 95
 95
 105
 95
 75
 112
 93
 91
 104
 90
 103
 92
 89
 94
 73
 91
 85
 102
 92
 96
 107
 90
 77
 90
 90
 92
 87
 95
 93
 91
 74
 91
 82
 90
 89
 93
 106
 74
 99
 82
 83
 105
 92
 78
 96
 81
 100
 92
 88
 83
 92
 99
 96
 90
 75
 91
 91
 84
 87
 71
 92
 80
 101
 81
 62
 86
 84
 88
 88
 89
 92
 82
 98
 89
 82
 74
 87
 65
 76
 61
 82
 75
 73
 91
 103
 75
 80
 84
 79
 75
 60
 91
 76
 73
 100
 61
 80
 80
 92
 79
 78
 81
 81
 90
 81
 88
 75
 77
 71
 88
 89
 73
 66
 76
 77
 77
 77
 77
 76
 74
 73
 73
 88
 76
 79
 75
 79
 80
 77
 81
 73
 78
 80
 88
 84
 73
 68
 80
 82
 89
 69
 73
 74
 67
 73
 85
 61
 71
 71
 67
 68
 63
 83
 70
 72
 59
 72
 83
 75
 75
 68
 55
 75
 64
 66
 70
 58
 68
 73
 79
 75
 70
 70
 52
 67
 67
 71
 75
 70
 58
 69
 59
 63
 69
 80
 79
 68
 62
 79
 75
 59
 71
 65
 62
 74
 58
 61
 55
 66
 67
 69
 73
 61
 57
 62
 57
 51
 68
 72
 58
 73
 64
 66
 75
 52
 66
 71
 61
 67
 72
 70
 56
 69
 57
 69
 63
 70
 69
 52
 75
 72
 59
 70
 58
 53
 80
 63
 49
 63
 55
 66
 64
 50
 70
 50
 57
 47
 56
 61
 51
 54
 59
 55
 64
 50
 58
 55
 51
 43
 47
 77
 40
 56
 69
 71
 53
 55
 57
 54
 62
 75
 59
 56
 52
 46
 67
 56
 52
 52
 58
 49
 59
 64
 56
 61
 56
 73
 57
 59
 49
 50
 58
 52
 58
 49
 43
 52
 59
 71
 56
 55
 72
 55
 50
 64
 58
 56
 62
 41
 51
 74
 67
 39
 56
 62
 52
 50
 52
 52
 46
 66
 47
 61
 44
 52
 49
 53
 48
 53
 52
 55
 39
 57
 66
 40
 45
 59
 58
 49
 49
 40
 56
 41
 64
 57
 59
 56
 43
 43
 54
 42
 50
 48
 54
 44
 51
 58
 47
 47
 53
 49
 46
 46
 49
 45
 44
 40
 34
 44
 46
 53
 42
 59
 36
 39
 53
 43
 49
 49
 47
 40
 49
 53
 44
 37
 55
 49
 47
 40
 34
 53
 48
 43
 43
 51
 37
 38
 52
 55
 50
 51
 39
 38
 40
 41
 55
 53
 51
 38
 31
 36
 58
 36
 49
 43
 44
 37
 46
 39
 40
 41
 53
 50
 44
 33
 43
 46
 32
 43
 38
 47
 46
 38
 47
 35
 43
 52
 44
 39
 41
 44
 36
 41
 44
 36
 47
 46
 45
 45
 43
 44
 42
 38
 41
 32
 36
 42
 41
 40
 37
 42
 34
 42
 44
 33
 41
 39
 35
 42
 28
 47
 39
 48
 41
 31
 35
 42
 34
 37
 40
 35
 47
 50
 29
 35
 40
 49
 34
 27
 36
 37
 38
 47
 36
 33
 35
 46
 39
 36
 36
 37
 43
 38
 38
 33
 32
 37
 20
 31
 40
 32
 39
 26
 34
 38
 41
 33
 42
 35
 33
 39
 35
 37
 38
 34
 36
 40
 31
 35
 35
 43
 36
 27
 33
 26
 24
 35
 36
 36
 33
 25
 36
 41
 35
 31
 41
 40
 28
 30
 33
 34
 45
 29
 42
 24
 43
 33
 26
 39
 24
 21
 23
 35
 32
 32
 27
 29
 33
 20
 28
 37
 35
 36
 35
 34
 31
 33
 28
 31
 26
 28
 35
 35
 30
 29
 28
 29
 25
 34
 30
 32
 28
 39
 29
 28
 22
 35
 35
 27
 40
 24
 22
 30
 26
 28
 29
 26
 28
 19
 31
 33
 20
 22
 27
 31
 29
 35
 26
 39
 34
 30
 31
 29
 43
 33
 24
 22
 27
 22
 28
 28
 24
 21
 32
 28
 33
 30
 24
 16
 14
 29
 27
 24
 33
 26
 22
 22
 23
 24
 26
 21
 24
 25
 29
 34
 32
 25
 20
 21
 16
 29
 28
 19
 27
 15
 26
 36
 29
 25
 28
 19
 26
 13
 29
 20
 29
 29
 26
 17
 25
 20
 25
 35
 34
 32
 27
 24
 25
 16
 23
 36
 27
 38
 23
 31
 27
 20
 20
 29
 27
 26
 33
 20
 25
 22
 24
 21
 23
 25
 29
 26
 25
 21
 24
 23
 23
 22
 20
 28
 30
 27
 29
 24
 31
 25
 30
 19
 28
 17
 24
 26
 25
 27
 24
 23
 25
 29
 18
 27
 23
 23
 16
 16
 25
 24
 20
 28
 28
 20
 27
 24
 33
 18
 14
 27
 26
 29
 15
 29
 12
 13
 26
 24
 31
 17
 32
 18
 15
 20
 24
 24
 22
 24
 19
 16
 15
 31
 25
 24
 21
 23
 20
 24
 11
 14
 14
 24
 17
 21
 23
 16
 19
 19
 25
 17
 23
 22
 22
 16
 23
 22
 16
 24
 16
 15
 27
 22
 10
 22
 18
 18
 21
 24
 18
 20
 17
 16
 25
 25
 22
 23
 15
 16
 25
 22
 16
 28
 15
 30
 21
 20
 19
 11
 24
 17
 29
 19
 23
 20
 16
 25
 13
 20
 11
 22
 18
