VERSION:    3.1
ELEMENTS:              1
DATE:       JUN 11, 2017 16:01:27.**
CHANNELS:           4000
ROIS:        0
REAL_TIME:   147.9600067
LIVE_TIME:   130.1799927
CAL_OFFSET:  6.7178987e-002
CAL_SLOPE:   3.1603590e-002
CAL_QUAD:    0.0000000e+000
TWO_THETA:   7.0033941
DATA: 
 0
 0
 0
 0
 0
 0
 0
 0
 0
 0
 0
 0
 0
 0
 0
 0
 0
 0
 0
 0
 0
 0
 0
 0
 0
 0
 0
 0
 0
 0
 0
 0
 0
 0
 0
 0
 0
 0
 0
 0
 0
 0
 0
 0
 0
 0
 0
 0
 0
 0
 0
 0
 0
 0
 0
 0
 0
 0
 0
 0
 0
 0
 0
 0
 0
 0
 0
 0
 0
 0
 0
 18
 17
 18
 17
 19
 12
 15
 19
 9
 17
 15
 12
 14
 16
 8
 14
 16
 7
 14
 15
 16
 9
 20
 16
 15
 16
 20
 22
 17
 23
 14
 14
 24
 21
 19
 18
 15
 12
 17
 21
 22
 14
 22
 19
 21
 21
 20
 22
 19
 25
 21
 25
 30
 21
 27
 30
 43
 36
 38
 34
 50
 47
 46
 34
 47
 66
 64
 59
 51
 78
 78
 65
 70
 86
 78
 67
 89
 90
 89
 79
 91
 62
 88
 70
 106
 90
 96
 95
 101
 109
 88
 96
 84
 101
 118
 99
 98
 104
 118
 112
 99
 122
 143
 135
 127
 123
 111
 113
 103
 139
 106
 98
 100
 110
 106
 134
 132
 122
 97
 143
 131
 115
 144
 117
 130
 109
 114
 130
 123
 120
 117
 104
 116
 137
 120
 125
 110
 122
 114
 114
 133
 138
 135
 117
 118
 139
 144
 109
 113
 113
 119
 122
 134
 151
 93
 120
 118
 132
 128
 104
 125
 99
 123
 124
 113
 140
 121
 101
 119
 120
 139
 117
 121
 105
 111
 119
 142
 105
 94
 133
 126
 111
 107
 106
 90
 108
 105
 114
 114
 125
 114
 109
 99
 107
 91
 106
 91
 106
 101
 106
 89
 81
 96
 82
 90
 96
 95
 87
 83
 87
 75
 89
 88
 78
 83
 87
 73
 93
 64
 82
 79
 87
 84
 90
 85
 61
 66
 71
 84
 84
 78
 72
 80
 79
 74
 61
 80
 78
 77
 67
 71
 70
 67
 68
 70
 70
 68
 57
 73
 62
 62
 63
 58
 61
 67
 55
 67
 69
 56
 61
 66
 68
 49
 73
 58
 52
 67
 50
 57
 56
 52
 62
 51
 58
 63
 56
 59
 48
 57
 58
 58
 59
 58
 58
 57
 69
 47
 67
 47
 61
 43
 47
 41
 54
 52
 45
 46
 43
 33
 48
 53
 53
 56
 56
 53
 38
 52
 46
 51
 46
 54
 51
 52
 58
 56
 44
 40
 46
 53
 63
 49
 47
 39
 58
 54
 49
 62
 43
 37
 43
 52
 46
 36
 34
 41
 46
 36
 62
 57
 48
 45
 46
 30
 39
 38
 44
 42
 32
 53
 39
 44
 36
 45
 46
 29
 37
 36
 39
 34
 44
 42
 41
 46
 36
 35
 36
 37
 35
 44
 36
 40
 29
 36
 36
 41
 35
 37
 29
 48
 25
 36
 44
 33
 31
 28
 27
 42
 34
 35
 26
 32
 30
 30
 38
 27
 38
 31
 37
 25
 32
 25
 36
 35
 38
 24
 25
 35
 27
 27
 32
 28
 28
 42
 37
 35
 38
 34
 32
 35
 30
 25
 24
 32
 19
 33
 29
 26
 29
 25
 26
 38
 22
 30
 25
 32
 26
 24
 32
 28
 35
 26
 22
 22
 27
 35
 21
 19
 26
 23
 21
 28
 28
 27
 26
 18
 27
 28
 27
 25
 31
 14
 29
 31
 18
 22
 23
 20
 28
 13
 26
 27
 23
 18
 38
 28
 25
 23
 24
 31
 28
 22
 27
 38
 26
 25
 21
 24
 15
 25
 22
 23
 20
 27
 21
 22
 19
 17
 18
 24
 27
 24
 15
 14
 27
 25
 19
 27
 20
 20
 21
 21
 24
 25
 23
 13
 26
 20
 28
 14
 15
 13
 25
 16
 25
 22
 12
 29
 13
 19
 21
 16
 21
 16
 21
 24
 12
 19
 28
 22
 19
 19
 18
 25
 13
 17
 25
 17
 13
 18
 20
 12
 24
 16
 19
 15
 9
 17
 21
 12
 15
 16
 12
 13
 31
 13
 17
 21
 16
 11
 6
 13
 19
 12
 14
 18
 18
 17
 22
 19
 16
 12
 17
 11
 17
 21
 20
 13
 16
 10
 19
 16
 21
 22
 12
 14
 13
 19
 11
 12
 16
 12
 17
 14
 15
 24
 16
 20
 19
 14
 14
 11
 15
 11
 11
 15
 14
 19
 20
 14
 14
 14
 15
 9
 17
 16
 20
 14
 11
 8
 13
 18
 7
 17
 19
 12
 14
 13
 17
 15
 18
 14
 14
 15
 15
 8
 10
 14
 16
 11
 12
 6
 15
 12
 16
 6
 15
 12
 8
 10
 16
 9
 16
 9
 8
 8
 6
 12
 13
 8
 7
 12
 9
 6
 10
 16
 9
 10
 12
 6
 8
 12
 12
 16
 18
 12
 15
 23
 15
 15
 16
 12
 17
 18
 10
 13
 12
 16
 19
 12
 9
 4
 8
 9
 14
 9
 3
 7
 11
 9
 6
 8
 11
 12
 4
 6
 10
 10
 10
 10
 9
 10
 7
 7
 10
 11
 7
 10
 13
 15
 8
 10
 10
 11
 9
 8
 15
 11
 5
 6
 7
 17
 17
 5
 10
 3
 6
 6
 11
 12
 5
 7
 7
 12
 14
 13
 11
 12
 10
 7
 12
 9
 8
 11
 12
 5
 11
 11
 16
 5
 8
 16
 7
 8
 8
 10
 16
 9
 13
 16
 6
 5
 9
 8
 11
 13
 8
 5
 10
 15
 7
 14
 8
 13
 11
 12
 11
 6
 7
 11
 9
 8
 13
 7
 10
 10
 12
 6
 8
 12
 9
 11
 9
 5
 14
 7
 6
 8
 8
 7
 14
 14
 9
 18
 10
 11
 14
 10
 7
 10
 8
 8
 6
 9
 12
 8
 7
 11
 8
 8
 10
 12
 9
 11
 10
 13
 11
 8
 13
 16
 6
 9
 15
 12
 10
 9
 18
 8
 11
 8
 18
 11
 12
 12
 12
 11
 11
 14
 14
 14
 9
 14
 4
 15
 14
 17
 14
 14
 8
 13
 25
 18
 12
 7
 15
 12
 17
 11
 7
 10
 16
 8
 11
 6
 10
 15
 13
 15
 10
 15
 12
 12
 8
 10
 16
 16
 14
 19
 13
 17
 10
 10
 10
 9
 11
 10
 14
 12
 20
 19
 15
 10
 4
 15
 20
 14
 7
 18
 11
 24
 18
 20
 20
 19
 12
 18
 16
 14
 19
 18
 12
 16
 22
 11
 16
 12
 20
 15
 20
 22
 19
 21
 22
 14
 16
 16
 25
 16
 15
 24
 12
 20
 28
 13
 28
 22
 19
 18
 14
 27
 24
 25
 17
 13
 24
 21
 32
 18
 22
 30
 26
 21
 19
 28
 30
 32
 28
 32
 23
 28
 23
 30
 25
 25
 33
 30
 29
 28
 20
 24
 24
 26
 34
 28
 23
 27
 23
 31
 32
 25
 34
 49
 39
 25
 34
 36
 31
 34
 28
 40
 33
 43
 38
 34
 31
 41
 27
 41
 29
 31
 42
 36
 36
 44
 47
 41
 44
 35
 37
 36
 47
 40
 44
 32
 43
 52
 48
 38
 52
 42
 45
 55
 46
 45
 46
 54
 35
 42
 50
 46
 58
 42
 53
 55
 48
 57
 46
 58
 62
 62
 54
 65
 51
 62
 70
 48
 57
 51
 75
 52
 45
 57
 78
 72
 51
 75
 79
 70
 70
 60
 67
 62
 67
 64
 82
 73
 75
 69
 69
 88
 74
 74
 70
 73
 88
 84
 81
 76
 85
 86
 71
 70
 99
 87
 92
 86
 65
 68
 84
 72
 69
 69
 108
 99
 96
 83
 104
 91
 96
 102
 95
 102
 110
 116
 94
 103
 108
 95
 105
 110
 107
 118
 111
 96
 127
 100
 126
 143
 111
 105
 112
 132
 120
 107
 117
 116
 139
 108
 131
 131
 136
 121
 123
 169
 130
 138
 128
 133
 140
 126
 122
 127
 144
 153
 140
 135
 138
 156
 150
 145
 144
 153
 155
 143
 192
 157
 162
 149
 180
 180
 161
 168
 176
 180
 157
 173
 172
 211
 174
 174
 181
 192
 190
 195
 198
 171
 194
 220
 197
 228
 221
 188
 212
 220
 219
 202
 212
 209
 243
 236
 231
 240
 240
 258
 249
 220
 255
 230
 259
 227
 263
 259
 258
 277
 254
 283
 262
 296
 275
 280
 276
 267
 282
 265
 318
 356
 277
 284
 304
 288
 338
 303
 331
 360
 349
 317
 348
 335
 333
 315
 323
 329
 355
 379
 368
 383
 377
 382
 397
 374
 421
 385
 409
 456
 402
 415
 444
 423
 458
 464
 494
 479
 418
 469
 452
 414
 485
 491
 512
 500
 510
 494
 421
 550
 491
 482
 511
 519
 548
 545
 562
 549
 494
 564
 555
 573
 552
 624
 590
 647
 588
 644
 623
 622
 638
 630
 692
 646
 666
 658
 652
 678
 702
 691
 670
 735
 754
 768
 775
 754
 804
 774
 805
 809
 781
 804
 771
 866
 843
 883
 836
 849
 894
 837
 835
 920
 947
 917
 923
 937
 908
 967
 909
 904
 914
 947
 1003
 967
 1021
 1061
 967
 1033
 1010
 1089
 1087
 978
 1065
 1067
 1099
 1081
 1177
 1188
 1135
 1169
 1213
 1156
 1212
 1199
 1167
 1178
 1239
 1350
 1208
 1226
 1292
 1329
 1293
 1253
 1350
 1292
 1384
 1379
 1367
 1385
 1357
 1368
 1400
 1380
 1358
 1425
 1426
 1428
 1361
 1413
 1413
 1412
 1545
 1430
 1550
 1462
 1462
 1453
 1574
 1579
 1493
 1497
 1531
 1530
 1506
 1596
 1552
 1608
 1552
 1547
 1589
 1630
 1632
 1612
 1614
 1621
 1692
 1650
 1598
 1576
 1664
 1659
 1640
 1648
 1663
 1558
 1720
 1679
 1669
 1668
 1645
 1669
 1668
 1646
 1692
 1684
 1668
 1668
 1683
 1673
 1738
 1737
 1705
 1738
 1744
 1664
 1723
 1631
 1767
 1707
 1721
 1688
 1673
 1736
 1644
 1687
 1669
 1702
 1729
 1769
 1684
 1756
 1626
 1652
 1613
 1689
 1635
 1619
 1640
 1691
 1688
 1593
 1658
 1624
 1712
 1601
 1642
 1634
 1560
 1604
 1575
 1678
 1696
 1614
 1577
 1634
 1588
 1660
 1620
 1588
 1631
 1572
 1621
 1548
 1526
 1517
 1555
 1575
 1596
 1533
 1483
 1530
 1467
 1500
 1482
 1432
 1464
 1509
 1446
 1434
 1393
 1486
 1479
 1441
 1406
 1406
 1466
 1430
 1439
 1384
 1435
 1460
 1400
 1486
 1366
 1388
 1362
 1332
 1316
 1299
 1401
 1343
 1316
 1335
 1336
 1280
 1281
 1251
 1254
 1302
 1306
 1275
 1255
 1233
 1224
 1235
 1227
 1263
 1251
 1233
 1299
 1227
 1288
 1220
 1221
 1106
 1235
 1174
 1193
 1160
 1218
 1168
 1127
 1161
 1094
 1140
 1062
 1145
 1156
 1175
 1094
 1093
 1129
 1140
 1136
 1065
 1045
 1044
 1064
 1089
 1139
 1082
 1102
 1094
 1074
 1112
 1044
 996
 1003
 1088
 1019
 1043
 1020
 959
 961
 1033
 1062
 946
 995
 977
 1025
 966
 956
 970
 951
 959
 1007
 957
 1029
 958
 924
 943
 938
 969
 960
 875
 967
 936
 941
 870
 888
 891
 874
 898
 880
 824
 918
 876
 874
 842
 842
 880
 921
 899
 882
 862
 900
 782
 802
 817
 815
 811
 780
 838
 850
 823
 847
 826
 821
 811
 761
 833
 809
 773
 801
 788
 800
 760
 776
 825
 794
 832
 770
 805
 751
 754
 729
 751
 764
 751
 748
 698
 692
 756
 761
 754
 697
 723
 719
 655
 669
 703
 652
 725
 735
 678
 705
 677
 710
 692
 670
 678
 705
 666
 693
 690
 661
 645
 689
 681
 646
 646
 665
 635
 669
 637
 646
 627
 636
 681
 683
 600
 630
 628
 601
 623
 634
 605
 655
 618
 626
 668
 649
 619
 642
 623
 633
 657
 623
 600
 641
 606
 567
 527
 605
 626
 607
 594
 581
 588
 582
 573
 539
 591
 589
 595
 596
 584
 587
 570
 565
 597
 577
 568
 615
 550
 538
 569
 574
 561
 569
 567
 526
 537
 568
 561
 539
 516
 543
 570
 552
 568
 548
 532
 553
 536
 513
 555
 535
 547
 519
 522
 499
 535
 503
 525
 550
 518
 505
 495
 507
 545
 563
 477
 519
 502
 515
 529
 471
 520
 560
 480
 486
 525
 498
 548
 495
 523
 501
 495
 487
 493
 490
 508
 507
 505
 509
 475
 448
 485
 447
 441
 540
 468
 426
 485
 474
 446
 472
 455
 486
 441
 470
 499
 437
 464
 477
 502
 508
 480
 462
 469
 475
 446
 430
 441
 434
 464
 466
 454
 415
 431
 477
 417
 470
 459
 446
 418
 446
 405
 445
 429
 468
 443
 423
 444
 429
 411
 436
 425
 432
 470
 401
 418
 417
 414
 446
 425
 415
 476
 419
 453
 432
 439
 390
 388
 431
 437
 422
 402
 445
 401
 439
 431
 358
 415
 382
 431
 438
 434
 402
 434
 421
 422
 400
 375
 398
 411
 413
 418
 392
 370
 401
 406
 409
 402
 415
 394
 390
 388
 362
 387
 401
 374
 406
 386
 406
 391
 420
 378
 398
 402
 365
 352
 406
 359
 373
 398
 407
 398
 386
 406
 394
 379
 400
 387
 384
 401
 386
 389
 394
 388
 376
 363
 404
 367
 372
 385
 391
 392
 383
 405
 421
 400
 364
 366
 409
 382
 366
 392
 379
 390
 352
 375
 392
 371
 371
 349
 389
 358
 398
 386
 382
 399
 353
 363
 385
 349
 386
 345
 387
 369
 371
 372
 375
 383
 359
 386
 358
 323
 402
 368
 385
 365
 375
 349
 354
 364
 370
 353
 345
 347
 393
 361
 352
 360
 365
 378
 349
 341
 387
 337
 378
 351
 337
 344
 372
 342
 384
 343
 348
 361
 347
 354
 365
 339
 329
 364
 355
 321
 363
 349
 362
 335
 316
 397
 354
 337
 356
 316
 353
 344
 335
 370
 334
 354
 322
 336
 342
 387
 368
 335
 349
 334
 349
 355
 370
 315
 343
 387
 367
 296
 329
 371
 342
 339
 331
 351
 364
 324
 324
 329
 337
 361
 342
 359
 343
 337
 335
 381
 359
 355
 342
 347
 328
 348
 330
 332
 353
 346
 325
 307
 382
 322
 349
 350
 320
 350
 325
 307
 297
 322
 327
 306
 303
 276
 310
 274
 284
 283
 283
 287
 282
 286
 272
 298
 275
 289
 271
 237
 258
 260
 304
 278
 289
 248
 248
 257
 267
 288
 284
 245
 267
 287
 282
 246
 294
 266
 275
 264
 246
 269
 270
 291
 262
 287
 257
 254
 266
 242
 310
 284
 281
 291
 242
 284
 249
 282
 256
 252
 287
 256
 247
 274
 258
 275
 269
 280
 264
 259
 256
 281
 251
 280
 281
 275
 281
 291
 290
 250
 245
 274
 283
 265
 288
 268
 254
 246
 256
 296
 269
 271
 252
 267
 261
 280
 284
 275
 278
 286
 265
 279
 246
 275
 261
 286
 239
 279
 263
 296
 258
 291
 264
 295
 246
 278
 262
 265
 269
 239
 275
 247
 282
 297
 235
 254
 254
 301
 259
 290
 284
 254
 266
 305
 254
 254
 255
 284
 271
 276
 239
 294
 252
 274
 266
 258
 262
 272
 295
 246
 300
 262
 265
 249
 290
 267
 263
 255
 237
 284
 236
 277
 271
 254
 259
 297
 258
 262
 270
 286
 283
 266
 264
 296
 276
 256
 258
 274
 250
 292
 262
 253
 293
 297
 278
 261
 246
 266
 294
 261
 236
 286
 260
 249
 250
 281
 284
 272
 270
 249
 275
 236
 278
 249
 290
 271
 283
 266
 243
 246
 233
 270
 278
 300
 294
 245
 242
 258
 253
 274
 270
 283
 280
 290
 261
 260
 287
 261
 270
 260
 270
 267
 265
 270
 292
 276
 229
 258
 244
 286
 251
 249
 275
 255
 281
 276
 281
 277
 287
 255
 261
 284
 271
 258
 278
 274
 255
 238
 247
 266
 272
 264
 273
 254
 294
 273
 260
 258
 265
 254
 249
 259
 256
 290
 258
 260
 265
 317
 282
 261
 264
 244
 261
 274
 293
 240
 259
 260
 247
 261
 271
 262
 244
 273
 277
 246
 258
 274
 271
 285
 280
 300
 267
 248
 279
 254
 280
 265
 263
 254
 271
 257
 248
 287
 292
 285
 245
 279
 260
 253
 262
 290
 265
 265
 269
 264
 254
 256
 287
 284
 265
 239
 238
 278
 294
 260
 256
 276
 274
 257
 279
 278
 262
 255
 239
 248
 264
 235
 255
 242
 269
 271
 245
 256
 289
 258
 257
 257
 240
 277
 252
 270
 272
 275
 233
 274
 246
 249
 256
 244
 260
 284
 262
 265
 246
 233
 256
 261
 257
 250
 257
 273
 259
 232
 250
 264
 247
 225
 278
 254
 232
 271
 222
 237
 260
 279
 247
 279
 262
 272
 259
 236
 229
 236
 285
 267
 241
 268
 260
 217
 267
 263
 273
 224
 232
 234
 247
 275
 237
 258
 263
 256
 245
 250
 266
 237
 239
 235
 262
 211
 229
 245
 230
 228
 250
 240
 221
 238
 225
 219
 224
 234
 235
 234
 236
 224
 228
 224
 249
 241
 234
 206
 239
 219
 232
 230
 237
 231
 237
 213
 240
 238
 239
 244
 242
 243
 234
 265
 247
 248
 237
 241
 234
 221
 219
 217
 243
 216
 219
 218
 228
 206
 236
 224
 231
 185
 215
 209
 226
 227
 253
 235
 209
 229
 230
 220
 226
 220
 204
 215
 203
 229
 201
 219
 215
 218
 205
 229
 198
 242
 206
 210
 221
 217
 202
 223
 218
 221
 224
 235
 211
 211
 227
 223
 225
 193
 198
 191
 194
 199
 195
 207
 186
 212
 193
 181
 207
 218
 204
 211
 173
 221
 209
 197
 207
 214
 208
 169
 216
 206
 210
 223
 206
 213
 198
 194
 202
 184
 207
 197
 209
 186
 193
 214
 161
 193
 219
 180
 190
 202
 177
 211
 176
 183
 197
 180
 192
 202
 183
 190
 185
 179
 157
 175
 183
 180
 186
 199
 159
 160
 171
 201
 178
 177
 177
 172
 190
 172
 169
 176
 186
 168
 180
 161
 197
 162
 171
 151
 176
 145
 158
 154
 185
 181
 150
 164
 171
 166
 177
 161
 216
 178
 151
 161
 172
 151
 179
 186
 160
 155
 171
 154
 175
 176
 173
 157
 153
 154
 150
 150
 145
 170
 172
 145
 170
 165
 150
 152
 148
 156
 131
 174
 147
 147
 159
 156
 168
 146
 183
 149
 162
 142
 154
 137
 157
 159
 146
 154
 150
 159
 125
 141
 152
 144
 149
 161
 149
 160
 170
 142
 137
 153
 145
 145
 146
 147
 151
 147
 141
 146
 144
 148
 147
 151
 144
 125
 130
 155
 136
 138
 161
 122
 139
 156
 143
 141
 159
 150
 130
 145
 153
 141
 135
 126
 138
 133
 147
 120
 136
 134
 143
 145
 133
 122
 118
 142
 140
 137
 155
 161
 128
 111
 132
 133
 137
 131
 128
 129
 128
 118
 126
 133
 147
 144
 130
 131
 130
 144
 120
 127
 127
 121
 120
 131
 127
 124
 127
 123
 117
 112
 127
 129
 113
 115
 115
 106
 130
 112
 132
 120
 134
 118
 112
 118
 120
 137
 114
 122
 113
 101
 109
 114
 126
 128
 129
 114
 109
 123
 136
 102
 96
 117
 116
 117
 118
 98
 116
 124
 102
 111
 96
 119
 113
 105
 123
 112
 128
 111
 107
 112
 115
 119
 111
 124
 110
 107
 100
 121
 104
 102
 102
 102
 105
 114
 122
 104
 101
 99
 94
 95
 87
 87
 100
 117
 97
 103
 107
 86
 85
 112
 108
 90
 88
 102
 90
 98
 104
 92
 90
 116
 88
 113
 102
 111
 89
 107
 96
 95
 92
 95
 106
 86
 101
 95
 80
 81
 95
 96
 91
 75
 102
 93
 98
 78
 86
 81
 91
 88
 96
 75
 80
 95
 85
 88
 92
 92
 85
 74
 64
 89
 90
 94
 95
 85
 89
 98
 78
 94
 59
 84
 75
 81
 80
 77
 89
 84
 92
 90
 91
 78
 63
 97
 89
 83
 75
 84
 82
 101
 90
 88
 86
 83
 80
 95
 71
 86
 89
 82
 82
 84
 65
 71
 75
 73
 78
 83
 81
 82
 58
 77
 74
 84
 66
 83
 80
 79
 63
 79
 81
 70
 80
 63
 73
 80
 67
 57
 72
 78
 64
 76
 72
 83
 70
 85
 82
 81
 65
 88
 61
 69
 73
 60
 76
 63
 73
 68
 68
 51
 59
 64
 63
 63
 55
 68
 80
 61
 79
 75
 66
 59
 68
 62
 77
 58
 63
 64
 65
 57
 62
 61
 56
 63
 52
 69
 58
 60
 63
 74
 54
 67
 79
 60
 60
 53
 60
 68
 54
 54
 62
 72
 47
 70
 43
 68
 53
 62
 56
 47
 45
 63
 76
 70
 60
 58
 58
 63
 69
 62
 52
 60
 56
 59
 56
 64
 50
 74
 52
 51
 60
 58
 68
 56
 70
 47
 56
 52
 62
 56
 62
 47
 65
 60
 59
 54
 58
 51
 52
 56
 61
 56
 47
 51
 48
 56
 47
 55
 45
 48
 63
 52
 44
 51
 51
 51
 47
 63
 49
 43
 53
 52
 61
 59
 55
 48
 51
 60
 44
 42
 56
 41
 27
 55
 57
 45
 51
 66
 49
 53
 43
 40
 52
 56
 51
 42
 50
 47
 55
 58
 52
 61
 47
 57
 46
 44
 58
 43
 51
 47
 54
 57
 46
 37
 55
 50
 52
 51
 47
 57
 48
 40
 51
 53
 35
 48
 50
 43
 46
 40
 46
 51
 50
 37
 49
 54
 53
 57
 51
 40
 42
 58
 33
 42
 42
 46
 43
 45
 41
 46
 40
 39
 32
 37
 40
 36
 37
 40
 35
 45
 50
 42
 49
 56
 61
 31
 55
 44
 41
 39
 35
 48
 46
 34
 40
 46
 40
 38
 42
 32
 38
 41
 35
 33
 36
 34
 43
 37
 40
 39
 31
 34
 52
 34
 21
 31
 47
 45
 34
 38
 41
 44
 37
 44
 32
 34
 41
 42
 32
 30
 35
 41
 40
 36
 37
 36
 37
 45
 38
 51
 36
 33
 35
 47
 38
 38
 32
 39
 37
 37
 38
 35
 40
 31
 32
 39
 40
 39
 30
 36
 35
 40
 43
 32
 34
 24
 38
 41
 43
 39
 39
 32
 37
 43
 27
 37
 32
 18
 38
 25
 38
 33
 25
 38
 37
 32
 37
 40
 30
 35
 36
 28
 29
 26
 30
 39
 34
 31
 35
 32
 26
 37
 17
 33
 34
 35
 34
 38
 37
 29
 22
 39
 30
 35
 25
 42
 34
 18
 39
 21
 31
 28
 41
 29
 34
 40
 41
 28
 25
 42
 41
 31
 27
 37
 40
 36
 20
 28
 34
 34
 28
 30
 29
 24
 33
 35
 26
 32
 28
 26
 27
 29
 27
 23
 28
 24
 25
 28
 29
 34
 26
 34
 26
 26
 20
 26
 36
 27
 36
 22
 35
 26
 31
 25
 26
 31
 27
 27
 18
 28
 28
 30
 22
 27
 22
 26
 23
 20
 33
 22
 30
 22
 33
 28
 25
 36
 34
 13
 24
 28
 19
 38
 26
 24
 35
 22
 34
 24
 17
 35
 26
 23
 23
 33
 27
 22
 20
 21
 30
 26
 25
 18
 32
 25
 25
 21
 18
 18
 22
 28
 23
 35
 23
 21
 29
 31
 26
 21
 22
 21
 19
 19
 29
 33
 28
 30
 18
 27
 31
 12
 29
 25
 30
 26
 20
 31
 26
 26
 23
 22
 16
 34
 21
 26
 24
 24
 26
 28
 26
 18
 25
 19
 25
 19
 14
 22
 24
 17
 24
 29
 35
 24
 30
 26
 24
 24
 28
 16
 36
 25
 30
 16
 18
 27
 25
 26
 21
 15
 28
 16
 22
 28
 20
 27
 22
 15
 26
 25
 19
 19
 26
 25
 19
 23
 12
 21
 19
 25
 22
 22
 25
 21
 15
 23
 30
 25
 15
 18
 19
 20
 13
 19
 20
 18
 21
 27
 23
 30
 21
 15
 22
 26
 26
 18
 13
 16
 22
 20
 14
 20
 22
 23
 18
 24
 22
 20
 21
 25
 23
 17
 24
 14
 19
 17
 16
 21
 24
 16
 35
 15
 22
 21
 25
 20
 12
 12
 12
 22
 26
 23
 14
 25
 23
 19
 18
 15
 19
 26
 28
 23
 14
 21
 15
 17
 28
 26
 18
 20
 21
 22
 24
 22
 15
 14
 16
 23
 12
 24
 18
 11
 20
 17
 17
 20
 14
 16
 20
 21
 19
 17
 26
 17
 19
 17
 22
 20
 15
 15
 18
 14
 14
 17
 21
 12
 13
 15
 15
 18
 16
 16
 24
 13
 12
 11
 14
 21
 15
 18
 13
 28
 25
 22
 11
 25
 10
 17
 19
 15
 16
 11
 20
 21
 10
 15
 17
 22
 16
 17
 21
 19
 19
 15
 21
 20
 24
 15
 17
 10
 18
 11
 18
 19
 14
 15
 15
 19
 19
 17
 12
 18
 14
 15
 18
 16
 11
 22
 13
 15
 14
 13
 20
 23
 14
 14
 13
 15
 13
 13
 17
 10
 7
 8
 13
 22
 18
 12
 19
 20
 13
 9
 11
 17
 14
 12
 15
 7
 23
 11
 14
 17
 11
 8
 15
 16
 13
 17
 11
 20
 20
 13
 16
 19
 11
 11
 18
 13
 15
 13
 12
 10
 16
 9
 11
 10
 20
 22
 10
 18
 7
 9
 10
 12
 8
 11
 10
 8
 15
 10
 15
 9
 10
 9
 14
 10
 13
 10
 13
 15
 9
 18
 16
 12
 14
 12
 13
 13
 16
 15
 16
 19
 13
 13
 11
 16
 17
 16
 16
 16
 13
 6
 13
 11
 10
 8
 12
 9
 19
 13
