ELEMENT	Z	A1	B1	A2	B2	A3	B3	A4	B4	A5	B5	MPD	WPD	S
He	2	0.5246	32.3717	1.0188	14.7084	0.4068	6.6884	0.0498	2.4843	0.0000	0.0000	0.000	0.000	CM
Li	3	0.0518	533.9220	0.9578	245.8450	0.7348	10.1831	1.0817	4.4364	0.1740	1.5031	0.177	1.048	CM
Be	4	0.4634	185.8560	1.5592	104.6010	0.7685	4.8589	1.0623	2.1932	0.1470	0.7641	0.026	0.107	CM
B	5	0.9096	104.9610	1.9822	46.0191	0.2279	8.9873	1.4873	1.9674	0.3979	0.6778	0.670	0.355	C
C	6	0.7568	82.2385	2.5511	31.7282	0.7051	11.9471	1.4605	1.4637	0.5263	0.5150	0.044	0.264	C
N	7	0.9070	64.1555	2.8972	20.8507	1.1659	7.7576	1.5526	1.0335	0.4769	0.3516	0.078	0.554	CM
O	8	0.8847	52.0063	3.2189	16.4487	1.7990	6.5958	1.5538	0.8143	0.5434	0.2815	0.043	0.165	C
F	9	0.9756	41.7194	3.5101	12.7747	2.3561	5.2945	1.5896	0.6470	0.5683	0.2254	0.031	0.144	C
Ne	10	1.1544	34.2567	3.8033	9.7672	2.8085	4.0375	1.6647	0.5256	0.5687	0.1800	0.043	0.309	CM
Na	11	1.0243	293.4110	2.0704	15.2373	5.3197	4.4697	1.5214	0.6256	1.0637	0.1922	0.094	0.304	CM
Mg	12	2.0049	178.9830	1.9449	11.2433	5.4291	3.4272	1.6315	0.4907	0.9888	0.1542	0.092	0.672	CM
Al	13	2.6790	121.3630	1.2336	16.0728	5.9358	3.2632	1.6622	0.6616	1.4835	0.1586	0.145	0.650	C
Si	14	2.1006	116.9570	2.2025	34.7760	5.3063	3.3215	2.5162	0.9833	1.8716	0.1553	0.110	0.438	C
P	15	1.8936	108.0330	3.3782	26.6586	5.3752	2.6865	2.4942	0.7973	1.8564	0.1333	0.113	0.667	CM
S	16	2.0717	86.7211	4.2023	21.4574	5.6883	2.1255	2.2623	0.5882	1.7735	0.1128	0.124	0.787	C
Cl	17	2.1221	73.8395	5.0905	17.9756	5.6885	1.8037	2.2809	0.5162	1.6164	0.1008	0.095	0.447	C
Ar	18	2.1778	65.6187	5.9791	14.4380	5.6104	1.5611	2.3442	0.4716	1.8873	0.0914	0.057	0.185	CM
K	19	1.0863	425.4740	2.8562	35.7249	5.6616	9.3261	6.7809	1.0206	2.6145	0.1036	0.190	1.247	CM
Ca	20	2.0554	289.8620	2.7251	28.7190	5.9104	7.4788	6.7171	0.8644	2.5916	0.9200	0.129	0.527	CM
Sc	21	2.1608	251.3870	2.9545	26.8528	6.5125	6.4238	6.7745	0.7616	2.5969	0.0831	0.091	0.234	C
Ti	22	2.1983	226.9680	3.2282	24.9306	7.0649	5.6213	6.8832	0.6865	2.6243	0.0758	0.091	0.423	C
V	23	2.2399	206.3990	3.4348	22.9026	7.6412	4.9366	7.0270	0.6256	2.6558	0.0697	0.093	0.568	C
Cr	24	1.5893	196.5840	3.6692	25.2663	8.7249	4.5848	7.2913	0.5876	2.7226	0.0650	0.113	0.606	CM
Mn	25	2.3156	174.6560	3.7420	19.5879	8.8241	3.8896	7.3813	0.5326	2.7355	0.0597	0.083	0.669	CM
Fe	26	2.3141	164.1040	3.9729	18.2898	9.2624	3.5861	7.5083	0.5155	2.9404	0.0597	0.067	0.504	C
Co	27	2.3636	151.3370	4.4188	16.0770	9.7350	3.1445	7.6872	0.4553	2.7927	0.0514	0.094	0.629	C
Ni	28	2.4174	139.9630	4.7076	14.5797	10.2289	2.8142	7.8357	0.4203	2.8071	0.0476	0.097	0.520	C
Cu	29	1.7532	127.2510	4.8167	16.9194	11.2836	2.7458	8.2460	0.4076	2.8943	0.0454	0.127	0.669	CM
Zn	30	2.4474	125.0830	5.1080	12.8443	11.4407	2.3122	8.1791	0.3605	2.8211	0.0410	0.090	0.299	CM
Ga	31	3.0360	104.5770	5.1760	11.2803	11.6692	2.0663	8.2940	0.3314	2.8148	0.0380	0.084	0.260	C
Ge	32	3.4795	87.5304	5.2306	10.8491	11.9324	1.9060	8.5063	0.3107	2.8388	0.0356	0.101	0.257	C
As	33	3.3385	82.4879	5.6229	12.0723	12.2449	1.8317	8.8668	0.2996	2.9138	0.0341	0.130	0.347	CM
Se	34	3.5333	73.4400	5.9644	12.2369	12.4403	1.7151	9.1212	0.2824	2.9289	0.0318	0.137	0.367	C
Br	35	3.4898	68.5438	6.5641	12.5940	12.5318	1.6235	9.3877	0.2712	3.0170	0.0308	0.133	0.370	C
Kr	36	3.0598	70.8068	7.6671	12.6449	12.5852	1.5230	9.6168	0.2577	3.0647	0.0294	0.114	0.330	CM
Rb	37	2.3770	178.8670	8.6605	13.9200	12.5729	1.5224	10.1507	0.2567	3.2083	0.0289	0.205	0.482	CM
Sr	38	3.0740	210.8030	8.8344	12.3784	12.5145	1.4148	10.3129	0.2424	3.2433	0.0275	0.195	0.420	CM
Y	39	3.5086	177.4230	9.2574	11.0509	12.4297	1.3242	10.4962	0.2300	3.2840	0.0263	0.196	0.464	C
Zr	40	3.8436	152.2740	9.6980	10.0161	12.3352	1.2610	10.7459	0.2206	3.3493	0.0254	0.211	0.534	C
Nb	41	3.7519	117.4490	10.5738	8.9975	12.2251	1.2044	10.9745	0.2127	3.4425	0.0248	0.195	0.575	C
Mo	42	3.9567	105.1800	11.1228	8.0754	12.1674	1.1551	11.2328	0.2038	3.4857	0.0237	0.192	0.608	CM
Tc	43	4.3317	115.9390	10.9151	7.9151	12.1316	1.2769	12.0687	0.2105	3.7296	0.0240	0.280	0.799	CM
Ru	44	4.7308	77.6118	12.0616	6.4667	11.9367	1.0431	11.6021	0.1877	3.6225	0.0223	0.197	0.557	C
Rh	45	4.8745	71.5772	12.2804	6.1701	12.0133	1.0589	12.0295	0.1853	3.7592	0.0220	0.210	0.625	C
Pd	46	5.4847	53.2508	13.7150	4.9329	11.6608	0.8575	11.4709	0.1655	3.6545	0.0206	0.076	0.193	CM
Ag	47	5.3490	58.9663	13.4127	5.0548	11.9402	0.9684	12.3201	0.1715	3.9205	0.0210	0.222	0.502	CM
Cd	48	4.5224	87.3897	9.6282	7.7119	14.9509	1.5820	14.2066	0.2036	4.6563	0.0234	0.276	0.898	CM
In	49	4.7031	89.2096	8.2361	8.9965	16.4206	1.7229	14.6608	0.2062	4.9493	0.0238	0.245	0.810	C
Sn	50	4.9677	83.2133	7.4873	10.1130	17.4268	1.7605	14.9229	0.2042	5.1678	0.0237	0.218	0.787	C
Sb	51	4.6001	82.5070	7.4399	12.5902	18.3475	1.7906	15.1777	0.2029	5.4096	0.0238	0.199	0.712	CM
Te	52	4.5671	79.7245	7.7178	13.8028	18.8338	1.7411	15.2844	0.1976	5.5769	0.0235	0.181	0.740	C
I	53	4.3147	78.6996	8.3728	14.9421	19.1961	1.6795	15.3645	0.1921	5.7365	0.0232	0.165	0.755	C
Xe	54	3.4467	88.3050	19.4724	1.6131	9.7473	16.1669	15.4210	0.1869	5.9034	0.0229	0.147	0.751	CM
Cs	55	2.5751	224.5980	19.7181	1.5722	11.0138	17.7908	15.5312	0.1845	6.1374	0.0229	0.181	0.661	CM
Ba	56	3.2477	266.5930	19.7824	1.4758	11.2142	16.2710	15.4790	0.1775	6.2602	0.0225	0.165	0.678	CM
La	57	3.6683	224.7260	11.7149	14.7472	19.8077	1.3823	15.4015	0.1708	6.3860	0.0222	0.151	0.662	C
Ce	58	3.7218	212.5660	12.0076	14.0417	20.1925	1.3272	15.4540	0.1681	6.5996	0.0221	0.154	0.632	C
Pr	59	3.6287	208.1030	11.9193	13.8486	20.8823	1.3025	15.6425	0.1690	6.8971	0.0222	0.178	0.619	C
Nd	60	3.7229	194.9980	12.0836	13.2282	21.2664	1.2573	15.7405	0.1677	7.1521	0.0222	0.182	0.609	C
Pm	61	3.8009	184.3400	12.2546	12.6793	21.6281	1.2139	15.8659	0.1669	7.4126	0.0222	0.190	0.607	C
Sm	62	3.8533	176.3920	12.3520	12.2878	22.0136	1.1810	16.0323	0.1672	7.7082	0.0223	0.192	0.627	C
Eu	63	3.9234	167.8160	12.4961	11.8294	22.3133	1.1433	16.2152	0.1676	8.0085	0.0224	0.204	0.626	CM
Gd	64	4.1100	160.8590	13.0008	11.0492	22.2962	1.0914	16.2937	0.1659	8.2594	0.0223	0.189	0.622	C
Tb	65	4.1589	155.1860	13.2197	10.6407	22.4627	1.0667	16.5329	0.1674	8.5842	0.0224	0.195	0.649	C
Dy	66	4.0415	150.0580	13.1038	10.6511	22.8132	1.0708	17.0066	0.1723	8.9849	0.0227	0.220	0.704	C
Ho	67	4.0620	145.9760	13.2132	10.3972	22.9351	1.0569	17.3999	0.1752	9.3388	0.0228	0.224	0.740	C
Er	68	4.0815	142.0720	13.3282	10.1525	22.9865	1.0438	17.8548	0.1785	9.6967	0.0229	0.227	0.773	C
Tm	69	4.7416	100.1700	13.2875	9.0676	23.1429	0.9833	17.9215	0.1753	9.8935	0.0227	0.169	0.732	C
Yb	70	4.1014	135.8330	13.4586	9.8125	22.9675	1.0290	18.9998	0.1860	10.4188	0.0231	0.228	0.832	CM
Lu	71	4.3261	133.3600	13.8638	9.1664	22.6992	0.9951	19.3649	0.1861	10.6986	0.0230	0.207	0.82	C
Hf	72	4.5759	124.5010	14.3292	8.5195	22.3741	0.9599	19.7027	0.1857	10.9720	0.0229	0.192	0.794	C
Ta	73	4.7416	117.6480	14.9284	7.9070	22.0214	0.9250	20.0290	0.1850	11.2347	0.0227	0.180	0.749	C
W	74	4.8423	112.6940	15.6421	7.3551	21.6701	0.8892	20.3207	0.1837	11.4817	0.0226	0.169	0.689	C
Re	75	5.0015	106.0010	16.3874	6.7592	21.3263	0.8491	20.5247	0.1817	11.7163	0.0224	0.160	0.604	CM
Os	76	5.3630	93.6155	17.5066	6.0569	23.3197	0.7156	20.9425	0.1373	8.8158	0.0127	0.179	0.458	C
Ir	77	5.0953	98.2594	15.4321	6.9463	15.5924	1.2550	26.5617	0.2600	14.2784	0.0242	0.123	0.352	C
Pt	78	5.6451	69.2677	18.8015	5.3127	20.6881	0.7107	20.5266	0.1702	12.2868	0.0216	0.125	0.239	C
Au	79	5.8170	65.4079	19.5635	4.9469	20.3716	0.6809	20.6837	0.1680	12.5114	0.0214	0.114	0.192	CM
Hg	80	5.9389	74.0107	19.4946	4.9118	19.0547	0.7375	22.4442	0.1779	13.0069	0.0216	0.156	0.253	CM
Tl	81	6.5803	69.9997	19.6010	4.6032	18.3955	0.7312	23.0433	0.1787	13.3134	0.0216	0.158	0.292	C
Pb	82	7.3754	62.4634	19.7974	4.2561	18.0002	0.7021	23.2605	0.1757	13.4943	0.0213	0.151	0.246	C
Bi	83	8.2324	53.0479	20.0183	3.9249	17.6603	0.6675	23.3250	0.1722	13.6777	0.0210	0.147	0.280	CM
Po	84	9.0662	48.3272	20.1395	3.6624	23.6273	0.1701	17.1872	0.6471	13.8913	0.0208	0.141	0.304	C
At	85	9.9223	43.7514	20.2544	3.4229	23.9015	0.1680	16.7271	0.6271	14.1028	0.0206	0.138	0.330	C
Rn	86	10.7789	38.6121	20.3926	3.2050	16.3720	0.6037	24.0637	0.1650	14.2879	0.0203	0.141	0.381	CM
Fr	87	2.5332	269.8780	11.5319	21.9610	24.7459	2.0716	31.9247	0.2243	16.2975	0.0223	0.105	0.379	CM
Ra	88	3.2259	321.6630	11.6694	20.3856	24.8687	1.9730	31.8957	0.2166	16.3306	0.0219	0.094	0.303	CM
Ac	89	3.6207	270.7740	12.1269	18.9025	24.9363	1.8811	31.8798	0.2095	16.4227	0.0215	0.091	0.257	C
Th	90	4.0181	232.3710	12.6119	17.3825	24.9621	1.7950	31.8646	0.2030	16.5249	0.0211	0.086	0.301	C
Pa	91	3.7926	236.8030	12.6626	17.5908	25.8795	1.7607	31.9403	0.1984	16.7045	0.0209	0.094	0.272	C
U	92	3.9051	221.1780	12.8415	16.8737	26.4298	1.7008	31.9514	0.1932	16.8475	0.0205	0.098	0.268	C
Np	93	4.0333	207.7270	12.9014	16.3175	26.7571	1.6677	31.4732	0.1954	17.8065	0.0220	0.095	0.208	C
Pu	94	4.2695	185.9550	12.5662	15.5936	28.0362	1.5914	31.9382	0.1834	17.1467	0.0200	0.113	0.241	C
Am	95	4.3981	174.3590	12.6808	14.9676	28.6781	1.5304	31.9085	0.1786	17.2883	0.0197	0.118	0.231	CM
No	102	4.7363	135.6760	14.1419	12.0550	32.9866	1.1972	31.6913	0.1510	18.3800	0.0180	0.141	0.272	CM