VERSION:    3.1
ELEMENTS:              1
DATE:       MAR 11, 2010 07:50:44.872
CHANNELS:           4000
ROIS:        0
REAL_TIME:   1213.0799561
LIVE_TIME:   1200.2900391
CAL_OFFSET:  8.8112198e-002
CAL_SLOPE:   3.1493530e-002
CAL_QUAD:    0.0000000e+000
TWO_THETA:   9.9946346
DATA: 
 0
 0
 0
 0
 0
 0
 0
 0
 0
 0
 0
 0
 0
 0
 0
 0
 0
 0
 0
 0
 0
 0
 0
 0
 0
 0
 0
 0
 0
 0
 0
 0
 0
 0
 0
 0
 0
 0
 0
 0
 0
 0
 0
 0
 0
 0
 0
 0
 0
 0
 0
 0
 0
 0
 0
 0
 0
 0
 0
 0
 0
 0
 0
 0
 0
 0
 0
 0
 0
 0
 1
 10
 15
 15
 18
 18
 20
 15
 14
 14
 16
 10
 13
 13
 12
 21
 13
 10
 11
 11
 19
 14
 15
 14
 8
 14
 17
 9
 14
 16
 12
 12
 7
 16
 20
 12
 18
 12
 16
 13
 16
 18
 14
 19
 24
 18
 21
 21
 24
 16
 22
 20
 16
 16
 11
 23
 20
 17
 20
 14
 19
 14
 18
 17
 17
 13
 29
 15
 22
 13
 12
 17
 20
 15
 23
 24
 16
 26
 26
 24
 20
 25
 26
 23
 24
 21
 17
 19
 23
 23
 20
 20
 31
 34
 27
 22
 24
 25
 30
 20
 21
 19
 29
 29
 22
 36
 29
 26
 23
 33
 35
 30
 20
 31
 37
 22
 40
 43
 29
 36
 33
 33
 28
 29
 31
 31
 33
 27
 30
 28
 29
 33
 37
 36
 33
 33
 33
 35
 27
 32
 49
 32
 28
 37
 40
 31
 28
 35
 40
 28
 41
 37
 38
 29
 32
 54
 51
 46
 40
 43
 26
 45
 48
 52
 57
 52
 55
 48
 63
 67
 56
 49
 54
 61
 40
 53
 45
 44
 40
 47
 35
 53
 47
 55
 41
 62
 60
 58
 55
 44
 60
 59
 59
 59
 51
 59
 42
 66
 53
 77
 61
 49
 55
 45
 43
 55
 64
 64
 50
 59
 53
 60
 54
 52
 52
 70
 55
 54
 58
 54
 65
 62
 63
 75
 64
 68
 59
 65
 59
 69
 72
 69
 64
 69
 77
 62
 70
 54
 70
 65
 57
 74
 60
 62
 77
 56
 52
 65
 60
 84
 66
 65
 64
 75
 71
 68
 67
 68
 49
 62
 62
 63
 64
 60
 73
 60
 73
 66
 66
 80
 78
 66
 70
 71
 69
 69
 78
 61
 70
 69
 76
 86
 75
 74
 81
 79
 63
 77
 71
 67
 85
 89
 58
 94
 69
 82
 77
 72
 73
 84
 84
 78
 65
 76
 73
 68
 77
 70
 72
 79
 88
 76
 72
 59
 72
 80
 80
 71
 81
 80
 78
 66
 63
 66
 59
 68
 80
 63
 73
 57
 53
 70
 68
 73
 65
 70
 68
 60
 57
 60
 70
 58
 60
 75
 55
 64
 72
 70
 67
 58
 80
 56
 62
 80
 68
 61
 50
 62
 63
 76
 68
 78
 61
 55
 75
 54
 68
 70
 74
 64
 85
 73
 66
 78
 71
 71
 55
 59
 82
 65
 64
 79
 83
 81
 73
 76
 80
 54
 93
 85
 80
 65
 85
 89
 74
 87
 80
 98
 84
 104
 84
 76
 90
 133
 98
 109
 102
 90
 120
 106
 88
 108
 70
 98
 108
 117
 103
 120
 114
 131
 150
 136
 171
 173
 176
 175
 200
 217
 189
 192
 189
 189
 165
 151
 161
 131
 169
 160
 161
 162
 162
 163
 133
 151
 176
 166
 177
 143
 174
 150
 164
 158
 195
 181
 171
 212
 195
 225
 181
 190
 196
 210
 195
 189
 196
 242
 234
 234
 253
 228
 247
 278
 246
 273
 257
 331
 323
 364
 361
 380
 407
 385
 363
 425
 401
 415
 389
 360
 339
 340
 316
 343
 292
 342
 326
 352
 347
 382
 311
 339
 330
 361
 372
 377
 351
 381
 344
 355
 366
 370
 378
 376
 387
 395
 437
 379
 391
 436
 389
 411
 425
 447
 416
 446
 435
 424
 450
 431
 433
 454
 473
 468
 463
 504
 476
 520
 485
 475
 457
 486
 501
 481
 482
 480
 495
 508
 575
 561
 538
 557
 558
 562
 577
 610
 606
 584
 585
 545
 588
 578
 546
 538
 600
 607
 631
 603
 601
 578
 565
 651
 580
 592
 624
 663
 629
 685
 656
 629
 618
 647
 667
 677
 641
 626
 682
 647
 691
 761
 696
 746
 666
 703
 678
 699
 732
 710
 723
 738
 769
 704
 770
 742
 745
 760
 769
 784
 795
 782
 782
 804
 795
 809
 834
 795
 754
 780
 844
 798
 777
 833
 834
 863
 798
 826
 830
 839
 827
 855
 859
 895
 802
 837
 830
 808
 813
 855
 859
 828
 842
 813
 824
 783
 871
 828
 825
 786
 776
 801
 822
 791
 783
 737
 750
 741
 790
 738
 830
 798
 813
 696
 704
 785
 745
 724
 662
 753
 714
 711
 659
 696
 688
 695
 696
 712
 663
 668
 652
 686
 673
 664
 694
 693
 697
 676
 622
 652
 684
 650
 630
 656
 636
 634
 606
 692
 647
 636
 619
 658
 648
 675
 670
 654
 635
 632
 603
 651
 629
 644
 646
 637
 642
 661
 676
 689
 628
 670
 627
 681
 686
 619
 605
 613
 636
 646
 644
 665
 676
 664
 644
 658
 642
 642
 704
 683
 686
 695
 653
 643
 630
 698
 644
 665
 665
 674
 662
 669
 633
 673
 700
 689
 653
 677
 689
 658
 642
 689
 668
 668
 746
 656
 625
 675
 687
 734
 720
 701
 708
 718
 736
 737
 721
 698
 705
 737
 630
 694
 679
 679
 705
 698
 737
 715
 708
 716
 730
 768
 674
 750
 621
 664
 704
 735
 720
 704
 722
 708
 731
 708
 702
 727
 637
 706
 697
 724
 680
 709
 672
 694
 684
 709
 724
 727
 708
 663
 748
 755
 682
 744
 717
 741
 706
 739
 670
 756
 722
 736
 683
 738
 712
 696
 711
 717
 714
 702
 718
 657
 717
 648
 697
 685
 709
 702
 699
 662
 722
 644
 663
 682
 706
 696
 686
 695
 674
 704
 720
 656
 667
 664
 610
 639
 653
 636
 663
 615
 685
 671
 609
 623
 651
 669
 663
 614
 606
 602
 668
 654
 617
 610
 676
 627
 659
 633
 594
 580
 601
 611
 664
 641
 634
 602
 666
 598
 631
 610
 624
 618
 651
 624
 621
 612
 594
 575
 634
 612
 552
 615
 602
 592
 617
 592
 560
 620
 610
 616
 597
 596
 654
 635
 638
 577
 602
 610
 604
 614
 605
 564
 565
 567
 609
 576
 605
 578
 631
 623
 618
 617
 625
 630
 603
 605
 616
 648
 624
 603
 597
 623
 627
 645
 618
 614
 600
 569
 624
 635
 667
 582
 623
 628
 643
 610
 657
 657
 620
 647
 659
 637
 634
 607
 641
 669
 622
 661
 641
 619
 660
 649
 667
 667
 666
 607
 660
 623
 685
 629
 624
 653
 636
 615
 659
 589
 651
 629
 638
 683
 653
 651
 664
 630
 651
 686
 684
 618
 681
 655
 633
 685
 702
 671
 645
 628
 660
 698
 659
 650
 614
 606
 642
 653
 658
 600
 609
 638
 636
 622
 630
 622
 613
 601
 634
 641
 639
 637
 617
 644
 603
 632
 595
 606
 671
 579
 596
 632
 655
 649
 616
 607
 640
 651
 623
 644
 634
 618
 624
 580
 594
 567
 612
 600
 634
 599
 595
 622
 626
 596
 655
 576
 595
 557
 611
 598
 629
 594
 595
 611
 588
 562
 563
 568
 603
 585
 616
 580
 620
 556
 589
 575
 565
 572
 613
 567
 581
 592
 603
 540
 565
 511
 550
 550
 592
 585
 565
 528
 556
 565
 584
 579
 550
 557
 565
 565
 541
 514
 556
 562
 547
 534
 568
 564
 542
 515
 534
 505
 550
 532
 526
 537
 495
 533
 517
 484
 541
 542
 520
 496
 534
 522
 453
 504
 532
 578
 512
 497
 536
 521
 504
 494
 522
 492
 499
 540
 493
 466
 498
 520
 462
 537
 479
 486
 511
 481
 522
 518
 508
 470
 478
 489
 472
 485
 472
 476
 445
 493
 495
 462
 437
 485
 470
 490
 438
 465
 438
 467
 457
 490
 446
 460
 491
 467
 434
 476
 438
 464
 494
 444
 463
 408
 469
 462
 432
 450
 447
 415
 453
 462
 461
 442
 467
 457
 403
 421
 417
 420
 438
 409
 466
 429
 420
 439
 413
 465
 409
 438
 423
 486
 438
 375
 401
 404
 421
 418
 410
 404
 409
 429
 387
 399
 360
 415
 401
 408
 376
 409
 404
 413
 420
 400
 410
 424
 386
 393
 381
 395
 387
 421
 396
 378
 365
 375
 374
 396
 435
 370
 377
 380
 398
 388
 378
 333
 358
 369
 396
 355
 364
 389
 371
 367
 360
 361
 365
 384
 381
 377
 368
 385
 406
 356
 342
 390
 359
 387
 384
 381
 347
 384
 319
 331
 341
 357
 353
 342
 357
 328
 354
 340
 346
 345
 339
 298
 376
 405
 349
 345
 389
 344
 319
 346
 342
 352
 336
 377
 347
 326
 320
 369
 360
 379
 349
 347
 327
 329
 348
 347
 363
 331
 332
 328
 323
 317
 324
 328
 346
 362
 327
 353
 343
 334
 316
 365
 360
 345
 325
 327
 320
 313
 306
 330
 350
 300
 347
 340
 298
 327
 335
 324
 276
 306
 328
 313
 323
 309
 329
 291
 291
 311
 323
 284
 281
 338
 276
 305
 313
 303
 298
 291
 297
 290
 294
 324
 309
 315
 299
 298
 322
 324
 264
 329
 320
 300
 303
 278
 303
 298
 300
 310
 307
 266
 312
 323
 280
 338
 309
 285
 302
 313
 275
 292
 294
 298
 308
 284
 282
 265
 284
 291
 288
 255
 292
 322
 313
 287
 249
 278
 274
 274
 279
 275
 279
 291
 290
 265
 281
 315
 285
 268
 274
 299
 273
 292
 266
 262
 254
 284
 267
 277
 283
 262
 283
 273
 248
 282
 239
 269
 235
 289
 256
 281
 270
 289
 281
 251
 223
 259
 263
 247
 273
 266
 254
 265
 266
 278
 298
 250
 273
 260
 273
 254
 270
 257
 288
 293
 255
 259
 248
 252
 254
 316
 258
 260
 236
 265
 250
 251
 248
 269
 247
 258
 252
 255
 274
 280
 267
 237
 233
 235
 252
 243
 280
 251
 237
 266
 237
 236
 255
 218
 242
 277
 280
 256
 243
 263
 247
 277
 247
 255
 258
 226
 283
 227
 235
 276
 261
 232
 247
 278
 262
 280
 246
 263
 264
 235
 278
 248
 239
 262
 275
 224
 268
 253
 282
 229
 237
 239
 265
 260
 248
 235
 238
 256
 252
 235
 252
 242
 207
 232
 245
 225
 247
 241
 263
 214
 240
 252
 248
 221
 223
 252
 224
 220
 238
 242
 264
 252
 220
 245
 238
 240
 226
 230
 245
 284
 206
 221
 246
 250
 213
 248
 215
 229
 246
 235
 239
 226
 239
 224
 211
 236
 264
 227
 234
 232
 233
 226
 220
 227
 227
 235
 218
 243
 228
 237
 205
 210
 257
 217
 229
 232
 212
 232
 240
 205
 264
 226
 222
 207
 236
 215
 189
 214
 211
 204
 213
 193
 173
 204
 188
 221
 210
 192
 216
 216
 194
 234
 223
 218
 215
 194
 203
 217
 218
 230
 242
 223
 201
 195
 205
 212
 207
 216
 207
 223
 215
 193
 196
 213
 201
 210
 192
 208
 212
 199
 184
 178
 195
 211
 199
 179
 202
 205
 172
 200
 249
 189
 172
 178
 179
 208
 174
 199
 164
 189
 195
 186
 183
 224
 185
 197
 181
 146
 181
 203
 182
 176
 160
 180
 180
 180
 201
 166
 193
 176
 164
 159
 192
 172
 169
 202
 186
 178
 185
 171
 185
 186
 204
 180
 171
 176
 198
 186
 167
 174
 166
 160
 193
 175
 185
 175
 162
 175
 168
 190
 168
 161
 188
 191
 181
 180
 189
 169
 181
 164
 175
 186
 168
 168
 180
 162
 181
 182
 152
 147
 155
 180
 188
 167
 149
 175
 153
 145
 159
 147
 193
 191
 166
 161
 154
 156
 152
 170
 163
 146
 160
 195
 165
 187
 177
 169
 159
 174
 147
 173
 177
 160
 162
 170
 179
 194
 169
 155
 163
 153
 149
 180
 140
 176
 157
 151
 128
 152
 166
 139
 172
 157
 143
 158
 169
 150
 138
 144
 164
 147
 148
 182
 162
 170
 148
 133
 157
 150
 152
 144
 138
 137
 166
 115
 139
 150
 142
 149
 154
 143
 158
 122
 146
 157
 156
 147
 156
 151
 128
 147
 138
 145
 141
 161
 155
 130
 137
 135
 146
 159
 127
 145
 147
 143
 155
 134
 140
 146
 160
 157
 150
 152
 135
 160
 160
 137
 139
 144
 144
 150
 155
 168
 114
 138
 129
 146
 127
 135
 135
 148
 125
 125
 124
 132
 107
 137
 148
 149
 157
 156
 139
 136
 147
 126
 118
 143
 139
 145
 132
 141
 134
 112
 147
 122
 145
 136
 140
 139
 146
 141
 140
 124
 161
 125
 133
 126
 144
 124
 126
 134
 149
 131
 116
 133
 128
 137
 142
 144
 132
 127
 160
 112
 139
 126
 135
 145
 131
 125
 134
 122
 127
 131
 114
 124
 136
 116
 132
 129
 119
 111
 143
 110
 125
 147
 127
 134
 140
 142
 138
 127
 119
 131
 124
 130
 103
 132
 125
 107
 127
 155
 119
 116
 114
 100
 134
 128
 117
 124
 110
 123
 137
 115
 130
 121
 126
 119
 101
 115
 120
 131
 122
 111
 110
 131
 123
 111
 112
 119
 127
 134
 136
 116
 121
 116
 119
 111
 127
 110
 120
 112
 97
 140
 126
 118
 112
 116
 134
 116
 129
 129
 113
 129
 142
 118
 115
 126
 135
 113
 121
 148
 112
 105
 118
 121
 114
 99
 120
 123
 101
 107
 131
 118
 112
 92
 99
 90
 116
 109
 107
 116
 127
 105
 121
 91
 105
 105
 94
 113
 101
 119
 100
 98
 113
 110
 103
 110
 115
 105
 124
 110
 107
 103
 104
 108
 115
 113
 101
 98
 107
 113
 101
 110
 102
 111
 105
 101
 100
 94
 101
 93
 99
 90
 91
 96
 90
 88
 93
 107
 101
 93
 92
 85
 82
 90
 88
 85
 92
 81
 61
 83
 80
 63
 87
 92
 70
 71
 88
 64
 76
 65
 70
 78
 73
 67
 81
 66
 64
 84
 61
 60
 82
 76
 94
 78
 82
 68
 73
 77
 55
 69
 61
 59
 63
 51
 78
 83
 94
 67
 82
 66
 72
 71
 60
 66
 66
 74
 73
 85
 63
 56
 72
 61
 60
 57
 58
 76
 65
 63
 59
 64
 54
 60
 69
 61
 67
 72
 64
 61
 57
 54
 54
 57
 53
 58
 55
 78
 69
 69
 68
 60
 63
 54
 59
 59
 56
 62
 58
 45
 75
 50
 80
 61
 68
 59
 60
 57
 70
 61
 62
 57
 71
 71
 61
 45
 62
 74
 54
 64
 55
 53
 53
 59
 59
 62
 55
 57
 60
 58
 62
 54
 55
 52
 70
 66
 67
 61
 65
 65
 50
 56
 74
 63
 46
 60
 62
 65
 44
 52
 44
 52
 61
 57
 50
 66
 52
 62
 49
 67
 61
 49
 63
 72
 54
 57
 61
 60
 62
 46
 59
 68
 53
 67
 48
 48
 60
 64
 65
 60
 58
 51
 58
 46
 71
 63
 50
 46
 57
 71
 55
 53
 56
 61
 52
 72
 35
 46
 62
 58
 43
 51
 50
 53
 51
 42
 54
 66
 53
 45
 43
 43
 53
 52
 48
 70
 48
 53
 56
 43
 49
 53
 42
 39
 55
 46
 53
 52
 47
 60
 54
 49
 47
 45
 37
 59
 43
 38
 49
 49
 50
 43
 40
 42
 46
 55
 50
 39
 55
 50
 48
 41
 43
 46
 50
 44
 48
 37
 55
 37
 54
 48
 55
 36
 53
 44
 41
 45
 54
 43
 49
 34
 48
 31
 37
 43
 39
 50
 37
 38
 40
 47
 39
 37
 44
 41
 42
 38
 48
 50
 50
 42
 39
 52
 57
 45
 46
 35
 43
 41
 48
 46
 46
 43
 38
 47
 39
 45
 50
 32
 39
 43
 33
 34
 52
 48
 32
 48
 52
 37
 46
 40
 31
 33
 45
 44
 37
 54
 37
 44
 41
 51
 45
 55
 48
 35
 41
 35
 39
 38
 41
 52
 38
 47
 42
 36
 44
 42
 31
 44
 38
 41
 42
 41
 29
 44
 43
 30
 41
 45
 39
 35
 25
 23
 39
 34
 39
 47
 49
 38
 42
 38
 43
 23
 33
 38
 36
 41
 37
 33
 38
 44
 29
 33
 41
 42
 33
 39
 35
 34
 35
 38
 35
 38
 47
 47
 25
 44
 41
 24
 33
 51
 42
 46
 32
 42
 33
 46
 33
 21
 45
 35
 31
 35
 26
 28
 22
 34
 43
 31
 35
 33
 39
 36
 41
 31
 28
 26
 24
 45
 26
 35
 48
 32
 37
 35
 41
 47
 40
 40
 37
 39
 26
 21
 34
 28
 36
 29
 32
 34
 38
 29
 40
 28
 41
 24
 45
 21
 28
 28
 32
 29
 37
 31
 30
 38
 25
 39
 34
 27
 34
 28
 47
 33
 26
 33
 37
 24
 30
 33
 21
 29
 37
 35
 28
 25
 30
 30
 29
 35
 20
 36
 32
 35
 38
 30
 40
 41
 31
 34
 20
 35
 34
 18
 29
 30
 31
 32
 48
 30
 27
 33
 23
 30
 28
 40
 32
 27
 36
 26
 39
 29
 22
 29
 26
 51
 29
 23
 33
 31
 31
 31
 30
 28
 24
 38
 24
 39
 25
 31
 26
 25
 21
 23
 16
 26
 39
 29
 32
 40
 37
 28
 34
 24
 30
 29
 30
 22
 29
 29
 24
 27
 25
 23
 36
 25
 36
 27
 27
 22
 31
 27
 31
 32
 30
 36
 21
 28
 24
 19
 24
 27
 18
 24
 21
 16
 23
 24
 24
 27
 24
 17
 24
 28
 23
 28
 31
 24
 26
 29
 21
 22
 28
 31
 23
 27
 28
 28
 20
 23
 34
 29
 24
 17
 25
 23
 22
 27
 29
 15
 25
 26
 18
 35
 22
 17
 24
 23
 20
 28
 25
 23
 29
 18
 24
 32
 28
 21
 19
 13
 18
 12
 17
 26
 23
 27
 20
 24
 17
 26
 19
 24
 18
 29
 27
 21
 24
 16
 17
 21
 15
 30
 28
 16
 13
 14
 20
 19
 25
 22
 29
 26
 32
 25
 21
 21
 28
 23
 31
 19
 15
 22
 15
 24
 20
 19
 18
 23
 25
 20
 23
 13
 25
 13
 16
 21
 21
 30
 17
 20
 32
 18
 26
 13
 23
 21
 23
 19
 30
 17
 20
 19
 23
 19
 24
 24
 19
 20
 16
 21
 23
 21
 16
 23
 22
 24
 30
 27
 19
 17
 21
 28
 9
 15
 24
 28
 22
 16
 18
 26
 20
 13
 22
 13
 19
 15
 13
 16
 24
 24
 16
 22
 20
 16
 18
 28
 21
 17
 18
 25
 22
 18
 17
 17
 15
 21
 17
 17
 20
 25
 16
 22
 16
 17
 15
 16
 19
 15
 23
 21
 11
 14
 12
 17
 27
 21
 21
 9
 9
 15
 20
 14
 20
 20
 20
 20
 22
 10
 19
 13
 29
 18
 20
 14
 12
 23
 18
 18
 20
 19
 16
 23
 23
 19
 22
 17
 18
 14
 18
 19
 21
 19
 15
 21
 15
 18
 14
 11
 18
 14
 13
 16
 16
 19
 26
 18
 11
 10
 17
 14
 22
 27
 17
 12
 13
 21
 15
 15
 13
 21
 21
 9
 17
 18
 16
 21
 12
 19
 20
 18
 19
 21
 11
 15
 12
 8
 17
 20
 10
 11
 17
 15
 15
 15
 13
 13
 11
 22
 10
 19
 20
 19
 10
 23
 9
 21
 17
 13
 17
 12
 16
 14
 9
 17
 13
 11
 20
 15
 7
 17
 16
 19
 13
 13
 8
 10
 16
 8
 15
 14
 18
 14
 17
 17
 8
 17
 20
 14
 11
 15
 10
 19
 13
 11
 16
 17
 11
 16
 17
 12
 11
 7
 11
 17
 13
 15
 11
 9
 9
 8
 13
 12
 12
 10
 12
 12
 9
 23
 12
 7
 14
 5
 13
 14
 17
 16
 12
 9
 12
 20
 12
 13
 16
 7
 17
 5
 10
 15
 15
 10
 12
 20
 11
 11
 10
 17
 20
 13
 13
 10
 8
 14
 9
 9
 10
 17
 16
 6
 10
 14
 10
 15
 11
 13
 10
 17
 8
 21
 15
 17
 25
 13
 14
 12
 15
 15
 11
 14
 14
 10
 10
 20
 5
 14
 14
 13
 8
 9
 7
 20
 15
 12
 7
 10
 6
 15
 13
 7
 12
 11
 11
 10
 14
 11
 13
 14
 8
 14
 5
 11
 10
 14
 11
 10
 9
 12
 6
 7
 12
 14
 16
 16
 12
 10
 8
 8
 14
 11
 6
 12
 10
 7
 6
 10
 9
 25
 9
 13
 13
 6
 12
 18
 8
 8
 12
 11
 8
 10
 11
 5
 10
 9
 9
 8
 6
 13
 13
 7
 8
 10
 9
 15
 12
 11
 6
 3
 10
 7
 13
 17
 10
 11
 15
 6
 8
 5
 6
 7
 10
 8
 13
 9
 10
 7
 6
 14
 11
 11
 10
 15
 7
 10
 11
 9
 11
 9
 8
 8
 12
 5
 6
 7
 14
 8
 10
 7
 10
 5
 10
 12
 8
 4
 5
 8
 11
 15
 14
 15
 10
 4
 10
 11
 9
 7
 7
 14
 10
 13
 10
 13
 9
 9
 12
 12
 4
 8
 8
 4
 8
 15
 12
 3
 16
 9
 9
 12
 14
 2
 11
 4
 5
 16
 7
 7
 9
 9
 10
 8
 11
 7
 10
 6
 11
 9
 10
 4
 9
 11
 1
 9
 6
 7
 6
 8
 6
 10
 9
 6
 11
 5
 11
 12
 6
 7
 4
 5
 6
 9
 12
 6
 13
 12
 8
 8
 10
 11
 11
 9
 13
 9
 7
 7
 7
 10
 10
 11
 9
 9
 8
 6
 11
 10
 9
 9
 6
 8
 8
 9
 10
 5
 6
 11
 8
 9
 8
 4
 6
 5
 5
 8
 7
 5
 4
 8
 5
 7
 8
 8
 7
 11
 3
 4
 9
 7
 6
 3
 9
 7
 8
 5
 7
 4
 11
 9
 9
 14
 5
 7
 6
 7
 7
 5
 10
 8
 13
 5
 6
 4
 5
 5
 11
 5
 15
 8
 5
 7
 6
 8
 9
 9
 6
 9
 13
 7
 8
 4
 10
 4
 7
 6
 7
 6
 4
 7
 3
 8
 7
 5
 9
 8
 11
 4
 5
 9
 3
 5
 12
 8
 6
 13
 7
 4
 8
 5
 7
 9
 11
 8
 10
 8
 2
 11
 4
 2
 7
 5
 11
 8
 6
 9
 4
 5
 7
 4
 5
 9
 2
 8
 4
 6
 7
 3
 4
 6
 8
 11
 9
 7
 4
 2
 7
 4
 6
 4
 6
 5
 2
 7
 6
 11
 4
 7
 4
 6
 4
 7
 6
 4
 6
 6
 3
 7
 8
 9
 7
 2
 3
 5
 10
 9
 7
 5
 2
 6
 3
 4
 2
 4
 6
 8
 8
 3
 2
 7
 8
 8
 3
 2
 2
 7
 9
 5
 1
 4
 7
 3
 6
 8
 3
 6
 11
 11
 6
 5
 6
 3
 7
 7
 4
 5
 6
 4
 2
 6
 3
 3
 7
 4
 2
 2
 6
 3
 3
 2
 8
 5
 5
 3
 3
 4
 3
 6
 7
 6
 4
 6
 7
 6
 4
 8
 3
 5
 7
 5
 3
 2
 7
 4
 4
 10
 7
 10
 6
 1
 3
 3
 3
 3
 9
 3
 10
 4
 3
 7
 5
 9
 2
 3
 5
 2
 5
 6
 5
 4
 8
 2
 8
 5
 7
 7
 2
 8
 4
 5
 5
 3
 6
 2
 3
 7
 7
 9
 3
 5
 1
 9
 8
 4
 9
 3
 3
 3
 5
 2
 4
 4
 10
 5
 3
 5
 2
 4
 6
 5
 3
 3
 6
 5
 3
 5
 4
 5
 4
 4
 4
 6
 2
 3
 5
 1
 9
 5
 0
 6
 7
 8
 6
 5
 3
 5
 1
 4
 5
 3
 6
 8
 5
 8
 5
 4
 1
 2
 5
 2
 7
 4
 2
 2
 7
 2
 6
 6
 2
 4
 3
 5
 3
 5
 6
 4
 5
 2
 4
 6
 1
 3
 1
 6
 3
 4
 3
 5
 4
 1
 1
 2
 2
 2
 3
 5
 4
 4
 7
 2
 1
 5
 5
 1
 4
 2
 1
 2
 6
 2
 1
 3
 5
 7
 2
 3
 4
 4
 2
 2
 3
 4
 2
 7
 4
 4
 5
 5
 4
 6
 1
 3
 1
 7
 3
 6
 4
 1
 4
 2
 3
 2
 4
 3
 5
 2
 1
 0
 1
 2
 2
 5
 4
 5
 2
 3
 2
 1
 3
 1
 6
 2
 5
 3
 1
 4
 3
 4
 1
 2
 3
 5
 5
 5
 2
 1
 3
 4
 5
 7
 3
 4
 6
 1
 2
 3
 1
 3
 5
 3
 1
 5
 2
 6
 4
 3
 1
 3
 3
 2
 3
 5
 5
 5
 3
 3
 2
 3
 5
 1
 3
 1
 1
 7
 1
 4
 6
 3
 0
 5
 2
 1
 2
 8
 6
 2
 1
 2
 2
 4
 3
 3
 4
 0
 1
 1
 6
 2
 5
 6
 2
 1
 7
 3
 2
 7
 3
 1
 1
 4
 4
 1
 7
 4
 1
 1
 6
 5
 4
 3
 1
 3
 7
 4
 3
 0
 1
 4
