VERSION:    3.1
ELEMENTS:              1
DATE:       MAR 10, 2010 20:47:37.249
CHANNELS:           4000
ROIS:        0
REAL_TIME:   250.4799957
LIVE_TIME:   200.3200073
CAL_OFFSET:  8.8112198e-002
CAL_SLOPE:   3.1493530e-002
CAL_QUAD:    0.0000000e+000
TWO_THETA:   9.9946346
DATA: 
 0
 0
 0
 0
 0
 0
 0
 0
 0
 0
 0
 0
 0
 0
 0
 0
 0
 0
 0
 0
 0
 0
 0
 0
 0
 0
 0
 0
 0
 0
 0
 0
 0
 0
 0
 0
 0
 0
 0
 0
 0
 0
 0
 0
 0
 0
 0
 0
 0
 0
 0
 0
 0
 0
 0
 0
 0
 0
 0
 0
 0
 0
 0
 0
 0
 0
 0
 0
 0
 0
 1
 36
 54
 38
 42
 33
 42
 62
 40
 49
 50
 48
 52
 53
 52
 53
 45
 47
 71
 67
 53
 59
 37
 51
 45
 47
 42
 56
 52
 68
 46
 52
 60
 60
 49
 71
 50
 65
 55
 64
 60
 56
 70
 60
 55
 49
 65
 65
 55
 64
 59
 58
 54
 81
 62
 65
 68
 89
 75
 64
 59
 90
 72
 87
 71
 63
 77
 76
 73
 73
 63
 76
 66
 83
 67
 70
 71
 72
 83
 66
 67
 81
 84
 75
 65
 76
 63
 78
 82
 78
 74
 67
 83
 84
 75
 69
 75
 72
 86
 98
 90
 80
 81
 83
 83
 69
 76
 85
 83
 81
 99
 97
 61
 89
 84
 87
 96
 79
 90
 92
 79
 75
 83
 75
 89
 72
 89
 88
 83
 76
 92
 82
 78
 72
 100
 85
 84
 91
 97
 95
 103
 94
 70
 93
 94
 91
 77
 88
 99
 79
 93
 91
 72
 100
 91
 75
 112
 102
 74
 94
 102
 108
 121
 92
 116
 93
 108
 88
 94
 88
 77
 111
 99
 98
 105
 110
 96
 87
 101
 98
 97
 81
 94
 85
 107
 94
 93
 112
 87
 99
 109
 94
 108
 112
 93
 84
 102
 96
 103
 78
 102
 86
 86
 78
 96
 99
 106
 94
 98
 81
 93
 113
 104
 93
 104
 81
 91
 106
 109
 99
 119
 110
 95
 95
 97
 79
 92
 98
 92
 90
 84
 91
 87
 89
 102
 93
 91
 85
 87
 91
 102
 105
 106
 100
 107
 110
 113
 96
 105
 84
 88
 103
 91
 119
 95
 89
 107
 83
 99
 100
 83
 92
 94
 105
 97
 91
 89
 93
 86
 108
 101
 82
 107
 111
 88
 102
 98
 101
 104
 81
 98
 104
 115
 100
 98
 84
 103
 97
 98
 112
 132
 113
 100
 113
 98
 112
 92
 102
 100
 100
 97
 108
 81
 91
 98
 87
 94
 109
 104
 102
 114
 86
 93
 106
 97
 92
 98
 121
 113
 118
 106
 124
 81
 110
 113
 98
 97
 108
 99
 101
 99
 125
 100
 95
 106
 93
 113
 110
 96
 104
 86
 111
 101
 103
 107
 101
 93
 112
 80
 110
 109
 107
 109
 111
 108
 96
 100
 87
 103
 132
 100
 94
 111
 116
 119
 120
 90
 107
 102
 110
 95
 124
 115
 113
 99
 98
 112
 113
 114
 121
 96
 126
 113
 109
 129
 102
 105
 124
 109
 120
 131
 117
 121
 107
 100
 105
 126
 137
 112
 98
 115
 108
 115
 131
 120
 122
 156
 115
 127
 150
 132
 131
 136
 149
 133
 130
 157
 128
 163
 138
 143
 136
 134
 148
 133
 170
 168
 138
 177
 152
 175
 148
 145
 169
 152
 165
 169
 162
 178
 143
 150
 159
 164
 173
 153
 161
 188
 179
 160
 167
 170
 179
 174
 171
 169
 173
 182
 181
 173
 154
 182
 181
 176
 180
 207
 203
 204
 181
 166
 199
 196
 209
 249
 184
 220
 226
 212
 199
 241
 221
 245
 248
 229
 234
 225
 257
 253
 236
 264
 237
 247
 251
 195
 231
 271
 250
 248
 264
 220
 252
 255
 279
 256
 275
 269
 289
 261
 266
 287
 299
 272
 261
 289
 253
 295
 277
 287
 299
 277
 321
 292
 314
 287
 295
 323
 261
 308
 267
 328
 330
 292
 290
 302
 351
 348
 346
 329
 340
 331
 342
 328
 367
 357
 380
 331
 375
 377
 366
 401
 390
 377
 365
 397
 396
 403
 396
 403
 405
 403
 421
 438
 391
 414
 396
 426
 417
 418
 410
 374
 406
 447
 447
 438
 454
 474
 497
 431
 472
 435
 478
 493
 447
 443
 469
 451
 438
 494
 499
 480
 512
 455
 537
 496
 525
 521
 508
 549
 532
 557
 590
 522
 564
 512
 537
 538
 547
 541
 622
 563
 541
 595
 578
 592
 600
 611
 598
 623
 608
 612
 610
 621
 614
 615
 629
 607
 615
 649
 617
 609
 641
 667
 672
 647
 639
 648
 673
 686
 654
 714
 667
 698
 641
 704
 743
 696
 690
 722
 725
 739
 717
 702
 722
 752
 701
 756
 720
 811
 778
 730
 759
 791
 781
 741
 781
 801
 793
 827
 789
 833
 843
 808
 810
 828
 842
 795
 817
 829
 807
 852
 814
 870
 891
 836
 870
 853
 830
 881
 857
 932
 856
 857
 877
 845
 871
 907
 908
 883
 955
 918
 950
 904
 912
 911
 859
 913
 951
 967
 890
 987
 1009
 1001
 918
 923
 958
 981
 917
 966
 994
 1016
 1004
 1018
 1024
 982
 970
 1067
 1005
 1034
 998
 986
 1083
 1045
 987
 1013
 1024
 1037
 1062
 1048
 1005
 1067
 1057
 1033
 1084
 1079
 1059
 1021
 1027
 1080
 1040
 1032
 1079
 1117
 1103
 1084
 1106
 1111
 1124
 1067
 1106
 1072
 1086
 1091
 1139
 1135
 1141
 1137
 1149
 1153
 1085
 1137
 1161
 1146
 1105
 1137
 1183
 1139
 1130
 1215
 1185
 1185
 1177
 1171
 1170
 1140
 1164
 1185
 1125
 1208
 1203
 1242
 1155
 1156
 1213
 1228
 1199
 1196
 1238
 1225
 1176
 1211
 1206
 1213
 1266
 1238
 1375
 1229
 1236
 1219
 1252
 1281
 1274
 1306
 1227
 1246
 1232
 1285
 1305
 1245
 1312
 1254
 1328
 1286
 1306
 1246
 1244
 1251
 1294
 1280
 1304
 1272
 1304
 1304
 1296
 1296
 1341
 1328
 1362
 1354
 1333
 1346
 1293
 1363
 1378
 1291
 1276
 1399
 1316
 1346
 1400
 1335
 1354
 1398
 1349
 1384
 1338
 1370
 1380
 1361
 1324
 1370
 1389
 1424
 1398
 1338
 1404
 1428
 1377
 1399
 1383
 1414
 1455
 1375
 1351
 1407
 1471
 1448
 1448
 1385
 1385
 1347
 1458
 1432
 1372
 1439
 1385
 1425
 1432
 1462
 1508
 1440
 1414
 1442
 1479
 1469
 1475
 1456
 1362
 1434
 1422
 1455
 1495
 1428
 1443
 1472
 1441
 1409
 1454
 1530
 1519
 1530
 1484
 1473
 1524
 1493
 1489
 1514
 1498
 1559
 1501
 1488
 1469
 1539
 1579
 1510
 1489
 1539
 1518
 1589
 1554
 1568
 1480
 1512
 1538
 1479
 1488
 1601
 1533
 1570
 1483
 1551
 1553
 1587
 1535
 1588
 1641
 1555
 1515
 1487
 1613
 1563
 1518
 1527
 1533
 1561
 1582
 1608
 1542
 1561
 1649
 1622
 1656
 1545
 1638
 1594
 1694
 1637
 1634
 1650
 1628
 1570
 1612
 1626
 1690
 1644
 1679
 1741
 1636
 1721
 1707
 1628
 1626
 1599
 1627
 1759
 1584
 1596
 1627
 1660
 1623
 1745
 1697
 1755
 1647
 1718
 1704
 1622
 1705
 1686
 1689
 1709
 1732
 1711
 1725
 1652
 1691
 1708
 1764
 1755
 1713
 1735
 1684
 1653
 1671
 1736
 1792
 1790
 1774
 1759
 1746
 1788
 1724
 1806
 1737
 1766
 1795
 1812
 1866
 1765
 1719
 1818
 1772
 1741
 1740
 1796
 1792
 1803
 1854
 1745
 1809
 1789
 1826
 1865
 1744
 1818
 1825
 1809
 1788
 1754
 1842
 1812
 1779
 1891
 1879
 1894
 1871
 1881
 1894
 1933
 1807
 1865
 1930
 1834
 1941
 1854
 1907
 1885
 1867
 1918
 1928
 1918
 1902
 1873
 1912
 2027
 1882
 1898
 1870
 1927
 2011
 1990
 1893
 1997
 1952
 2019
 1982
 2023
 1937
 1950
 1947
 1945
 1955
 1984
 1978
 1913
 2001
 2010
 1982
 2024
 2053
 1998
 1958
 1960
 2031
 2070
 2052
 2000
 2014
 2086
 2021
 1989
 1941
 2054
 2054
 1985
 2050
 2059
 2047
 2155
 2072
 2049
 2158
 2081
 2172
 2108
 2099
 2055
 2108
 2100
 2106
 2181
 2139
 2128
 2073
 2081
 2124
 2161
 2186
 2152
 2085
 2107
 2222
 2201
 2178
 2222
 2217
 2174
 2140
 2201
 2227
 2197
 2279
 2257
 2217
 2217
 2257
 2261
 2216
 2320
 2238
 2302
 2253
 2212
 2276
 2289
 2240
 2353
 2265
 2328
 2228
 2326
 2355
 2256
 2282
 2331
 2335
 2311
 2321
 2322
 2335
 2312
 2333
 2376
 2270
 2367
 2338
 2418
 2409
 2387
 2468
 2467
 2344
 2475
 2369
 2488
 2377
 2393
 2504
 2412
 2506
 2475
 2462
 2476
 2478
 2422
 2526
 2550
 2511
 2519
 2550
 2546
 2585
 2622
 2583
 2582
 2529
 2595
 2555
 2478
 2516
 2479
 2536
 2491
 2503
 2543
 2628
 2493
 2647
 2587
 2537
 2549
 2587
 2647
 2619
 2580
 2674
 2607
 2686
 2602
 2552
 2645
 2685
 2615
 2688
 2664
 2638
 2689
 2613
 2690
 2651
 2715
 2680
 2778
 2708
 2681
 2601
 2739
 2806
 2771
 2781
 2879
 2768
 2748
 2761
 2772
 2836
 2818
 2793
 2765
 2860
 2749
 2789
 2806
 2906
 2926
 2800
 2843
 2804
 2869
 2834
 2815
 2883
 2907
 2846
 2855
 2845
 2796
 2905
 2808
 2851
 2891
 2894
 2996
 2813
 2980
 2911
 3052
 2950
 2941
 3103
 3075
 2987
 2873
 3060
 3065
 2913
 3024
 2953
 3050
 3059
 2852
 3073
 2926
 3017
 3116
 3077
 3005
 3004
 3093
 3065
 3087
 3173
 3125
 3076
 3044
 3137
 3082
 3153
 3071
 3061
 3174
 3154
 3160
 3198
 3153
 3133
 3127
 3124
 3167
 3106
 3122
 3112
 3168
 3102
 3165
 3159
 3127
 3128
 3165
 3159
 3234
 3198
 3250
 3242
 3206
 3186
 3326
 3215
 3281
 3291
 3321
 3127
 3135
 3317
 3209
 3323
 3203
 3268
 3201
 3211
 3197
 3273
 3226
 3224
 3149
 3289
 3279
 3376
 3312
 3280
 3230
 3286
 3218
 3280
 3268
 3314
 3315
 3153
 3232
 3235
 3335
 3319
 3273
 3280
 3344
 3263
 3263
 3442
 3276
 3282
 3294
 3367
 3330
 3295
 3352
 3452
 3292
 3307
 3380
 3343
 3267
 3358
 3295
 3228
 3316
 3348
 3326
 3256
 3360
 3356
 3281
 3342
 3221
 3318
 3321
 3315
 3313
 3319
 3347
 3393
 3414
 3248
 3341
 3287
 3348
 3359
 3351
 3284
 3323
 3334
 3319
 3239
 3339
 3366
 3359
 3290
 3253
 3255
 3301
 3308
 3278
 3328
 3250
 3142
 3323
 3337
 3249
 3277
 3276
 3205
 3343
 3123
 3245
 3206
 3217
 3294
 3406
 3289
 3219
 3293
 3262
 3327
 3134
 3234
 3314
 3346
 3263
 3176
 3206
 3177
 3228
 3214
 3261
 3266
 3355
 3183
 3168
 3079
 3153
 3095
 3303
 3187
 3151
 3263
 3184
 3162
 3149
 3021
 3126
 3125
 3162
 3085
 3130
 3083
 3132
 3109
 3018
 3064
 3106
 3154
 3043
 3112
 3048
 3114
 3100
 3103
 3043
 3052
 3012
 3139
 2957
 3053
 3000
 2912
 3041
 2984
 2914
 3000
 2977
 3049
 2954
 2950
 3033
 2933
 2898
 2928
 2887
 2836
 2849
 2888
 2880
 2874
 2890
 2887
 2993
 2817
 2803
 2886
 2871
 2843
 2849
 2869
 2765
 2809
 2814
 2721
 2714
 2805
 2754
 2779
 2673
 2646
 2705
 2811
 2720
 2729
 2708
 2731
 2598
 2760
 2665
 2673
 2726
 2707
 2615
 2608
 2582
 2606
 2650
 2602
 2617
 2497
 2600
 2572
 2616
 2553
 2515
 2527
 2512
 2468
 2525
 2474
 2654
 2488
 2460
 2507
 2378
 2521
 2487
 2465
 2461
 2517
 2498
 2512
 2415
 2371
 2416
 2453
 2366
 2367
 2352
 2407
 2338
 2276
 2314
 2422
 2289
 2380
 2308
 2405
 2170
 2298
 2255
 2284
 2250
 2300
 2326
 2296
 2245
 2281
 2180
 2309
 2196
 2104
 2253
 2268
 2063
 2226
 2225
 2070
 2146
 2096
 2089
 2235
 2223
 2108
 2109
 2141
 2090
 2098
 2031
 2021
 2061
 2067
 2031
 2069
 2107
 2023
 1986
 1998
 1998
 2038
 2001
 2050
 1978
 2052
 1940
 2019
 2020
 1920
 2035
 1887
 1959
 1930
 1940
 1921
 1955
 1962
 1928
 1859
 1864
 1949
 1899
 1969
 1826
 1905
 1887
 1811
 1855
 1864
 1892
 1797
 1778
 1796
 1747
 1852
 1822
 1811
 1744
 1748
 1786
 1777
 1720
 1686
 1767
 1683
 1715
 1739
 1720
 1706
 1768
 1685
 1720
 1712
 1669
 1638
 1627
 1651
 1631
 1635
 1668
 1569
 1721
 1587
 1666
 1536
 1538
 1643
 1629
 1568
 1719
 1626
 1605
 1507
 1597
 1597
 1595
 1557
 1542
 1571
 1537
 1554
 1490
 1584
 1570
 1570
 1547
 1573
 1574
 1510
 1523
 1540
 1511
 1465
 1456
 1554
 1508
 1516
 1517
 1396
 1477
 1486
 1466
 1467
 1521
 1514
 1425
 1447
 1525
 1472
 1491
 1546
 1550
 1463
 1430
 1419
 1448
 1425
 1415
 1468
 1411
 1415
 1387
 1407
 1462
 1427
 1395
 1408
 1473
 1363
 1461
 1386
 1460
 1426
 1455
 1561
 1447
 1481
 1440
 1469
 1441
 1463
 1491
 1514
 1492
 1675
 1650
 1594
 1567
 1659
 1658
 1717
 1784
 1761
 1817
 1776
 1806
 1849
 1796
 1973
 1951
 2114
 2046
 2177
 2137
 2180
 2197
 2234
 2392
 2368
 2365
 2510
 2447
 2473
 2527
 2562
 2519
 2488
 2497
 2563
 2430
 2502
 2417
 2515
 2546
 2429
 2476
 2393
 2485
 2518
 2787
 2860
 2979
 3438
 3669
 3905
 4233
 4487
 4784
 5030
 5201
 5189
 5355
 5065
 4990
 4748
 4584
 4280
 3927
 3675
 3296
 2960
 2583
 2393
 2146
 1814
 1756
 1556
 1399
 1376
 1276
 1195
 1168
 1078
 1011
 1067
 947
 1025
 957
 999
 1042
 934
 965
 962
 959
 963
 974
 939
 968
 939
 950
 936
 973
 919
 952
 1010
 931
 893
 862
 922
 915
 876
 827
 961
 953
 919
 897
 906
 933
 889
 909
 816
 838
 882
 904
 889
 867
 874
 795
 851
 879
 843
 850
 800
 803
 859
 851
 851
 818
 808
 850
 844
 801
 802
 833
 801
 820
 788
 803
 817
 804
 794
 827
 811
 821
 771
 812
 802
 766
 778
 762
 763
 761
 779
 818
 781
 792
 796
 797
 766
 766
 757
 725
 802
 754
 774
 779
 696
 743
 724
 711
 822
 815
 762
 745
 750
 731
 768
 733
 709
 681
 722
 700
 712
 706
 744
 704
 714
 745
 728
 695
 684
 731
 677
 654
 702
 705
 703
 682
 699
 677
 710
 685
 731
 691
 699
 673
 725
 689
 683
 683
 656
 682
 658
 697
 665
 661
 693
 699
 681
 677
 639
 647
 644
 661
 672
 652
 666
 688
 679
 650
 655
 621
 620
 678
 678
 610
 632
 623
 592
 652
 668
 678
 637
 662
 644
 618
 675
 610
 618
 623
 616
 616
 626
 609
 640
 651
 640
 643
 643
 615
 619
 601
 606
 635
 581
 649
 595
 599
 609
 601
 624
 620
 609
 566
 595
 589
 552
 616
 609
 557
 544
 597
 598
 579
 604
 574
 593
 597
 605
 566
 564
 625
 582
 607
 561
 549
 557
 606
 524
 573
 525
 588
 573
 542
 579
 545
 529
 545
 548
 548
 547
 556
 566
 544
 563
 484
 502
 481
 512
 494
 500
 523
 471
 433
 451
 448
 400
 423
 456
 456
 405
 419
 392
 370
 360
 364
 395
 386
 375
 385
 376
 399
 384
 397
 361
 342
 378
 386
 380
 370
 345
 404
 396
 367
 366
 376
 342
 361
 396
 370
 380
 376
 337
 389
 364
 378
 319
 353
 361
 372
 322
 326
 356
 340
 347
 378
 340
 339
 344
 338
 339
 326
 359
 340
 344
 331
 337
 328
 356
 370
 314
 335
 318
 329
 365
 358
 321
 308
 300
 344
 325
 333
 304
 338
 336
 355
 342
 318
 331
 319
 342
 334
 330
 337
 317
 289
 327
 305
 307
 308
 311
 332
 328
 319
 303
 346
 317
 319
 295
 286
 321
 337
 323
 320
 337
 299
 308
 310
 327
 294
 321
 298
 319
 291
 328
 290
 257
 293
 295
 309
 285
 284
 318
 309
 313
 303
 294
 295
 289
 301
 288
 266
 292
 306
 291
 285
 289
 293
 279
 269
 308
 288
 262
 295
 271
 311
 270
 303
 266
 296
 284
 303
 286
 288
 259
 267
 291
 264
 295
 287
 295
 286
 267
 300
 295
 274
 290
 297
 313
 280
 303
 275
 279
 295
 290
 279
 255
 250
 251
 285
 286
 258
 265
 271
 263
 245
 254
 268
 260
 259
 249
 248
 244
 264
 239
 263
 291
 259
 264
 251
 298
 251
 259
 282
 266
 248
 260
 286
 285
 271
 274
 260
 245
 237
 266
 257
 270
 244
 244
 283
 206
 247
 273
 236
 239
 220
 239
 242
 237
 236
 227
 243
 225
 248
 249
 245
 225
 220
 237
 245
 245
 278
 243
 240
 221
 242
 240
 259
 233
 233
 222
 233
 209
 235
 213
 213
 222
 228
 225
 213
 204
 212
 221
 226
 236
 243
 237
 207
 212
 223
 229
 209
 206
 210
 225
 220
 200
 215
 226
 218
 198
 204
 215
 214
 242
 191
 215
 229
 244
 197
 201
 206
 234
 217
 210
 208
 225
 214
 191
 231
 208
 194
 213
 249
 224
 229
 235
 247
 226
 185
 238
 190
 203
 195
 209
 203
 226
 224
 223
 208
 216
 199
 213
 200
 213
 220
 196
 199
 183
 192
 194
 181
 191
 201
 197
 218
 198
 213
 185
 171
 186
 219
 190
 192
 183
 199
 215
 213
 202
 217
 202
 191
 206
 205
 177
 175
 188
 219
 209
 205
 193
 228
 209
 204
 191
 199
 203
 183
 197
 176
 205
 197
 160
 179
 190
 199
 198
 202
 177
 210
 190
 188
 200
 196
 185
 214
 194
 183
 191
 176
 176
 175
 197
 211
 184
 183
 211
 203
 191
 191
 175
 188
 169
 206
 161
 190
 170
 198
 179
 166
 181
 191
 182
 181
 204
 180
 177
 175
 193
 196
 199
 186
 165
 190
 194
 202
 185
 193
 183
 194
 174
 201
 209
 240
 211
 212
 205
 230
 187
 236
 187
 221
 181
 180
 174
 184
 179
 177
 152
 166
 169
 166
 194
 159
 154
 187
 165
 165
 151
 173
 176
 141
 155
 165
 162
 165
 161
 167
 135
 140
 156
 170
 157
 148
 157
 147
 161
 147
 169
 175
 150
 164
 139
 156
 161
 142
 169
 177
 144
 164
 161
 132
 149
 131
 143
 164
 160
 170
 132
 134
 163
 173
 170
 166
 143
 155
 154
 157
 147
 141
 151
 147
 146
 127
 169
 141
 151
 164
 126
 148
 123
 156
 168
 162
 128
 125
 146
 142
 138
 121
 142
 142
 148
 144
 140
 138
 135
 147
 131
 124
 140
 150
 141
 124
 136
 103
 135
 128
 123
 134
 142
 139
 137
 149
 154
 134
 131
 145
 151
 142
 167
 155
 139
 140
 120
 153
 136
 146
 139
 137
 113
 122
 127
 133
 147
 141
 131
 140
 137
 131
 134
 135
 136
 136
 123
 134
 150
 113
 129
 120
 134
 126
 134
 143
 144
 137
 115
 133
 143
 143
 152
 122
 99
 118
 128
 121
 126
 114
 125
 143
 132
 127
 120
 130
 131
 134
 116
 133
 117
 124
 110
 107
 121
 138
 127
 133
 105
 114
 119
 137
 119
 127
 111
 127
 136
 107
 119
 107
 109
 118
 131
 110
 128
 112
 109
 117
 127
 108
 114
 122
 104
 118
 119
 118
 131
 129
 125
 135
 120
 115
 110
 131
 115
 99
 102
 116
 123
 122
 120
 115
 104
 105
 97
 108
 113
 122
 101
 101
 111
 108
 90
 113
 106
 99
 122
 126
 124
 112
 117
 98
 121
 115
 106
 110
 100
 112
 110
 116
 103
 120
 99
 124
 113
 122
 102
 95
 116
 109
 96
 98
 103
 80
 97
 104
 101
 116
 93
 107
 112
 114
 113
 107
 110
 112
 105
 108
 106
 85
 103
 103
 110
 107
 108
 109
 102
 112
 109
 91
 97
 97
 95
 102
 108
 119
 121
 119
 165
 145
 130
 152
 139
 153
 163
 158
 151
 134
 134
 141
 164
 164
 179
 169
 150
 138
 136
 131
 128
 134
 151
 119
 125
 116
 104
 113
 101
 124
 94
 94
 110
 125
 108
 109
 104
 120
 111
 100
 101
 91
 98
 107
 78
 100
 98
 109
 86
 105
 118
 93
 116
 100
 109
 115
 95
 101
 120
 112
 113
 101
 105
 122
 111
 107
 106
 98
 107
 92
 118
 107
 111
 118
 123
 112
 115
 114
 101
 115
 103
 145
 135
 150
 145
 168
 203
 211
 243
 277
 286
 312
 364
 355
 386
 443
 421
 451
 488
 459
 529
 482
 497
 508
 471
 459
 379
 382
 357
 335
 293
 302
 266
 235
 220
 202
 182
 165
 139
 134
 152
 127
 145
 124
 88
 111
 115
 93
 113
 90
 98
 100
 101
 107
 90
 96
 90
 86
 92
 112
 99
 98
 81
 102
 96
 114
 112
 95
 85
 81
 100
 111
 96
 104
 106
 111
 101
 99
 98
 111
 82
 116
 116
 116
 101
 106
 97
 99
 98
 111
 96
 120
 127
 106
 95
 90
 100
 99
 112
 91
 91
 111
 89
 93
 100
 79
 105
 94
 99
 78
 84
 79
 77
 109
 99
 91
 88
 75
 90
 93
 79
 93
 101
 100
 87
 75
 92
 96
 87
 87
 93
 90
 96
 111
 86
 78
 85
 96
 78
 84
 102
 79
 75
 88
 90
 88
 84
 77
 94
 84
 85
 90
 85
 88
 91
 106
 89
 83
 72
 80
 60
 71
 80
 103
 86
 82
 78
 95
 78
 83
 82
 80
 104
 83
 93
 84
 92
 62
 78
 88
 79
 100
 81
 65
 73
 76
 87
 81
 77
 75
 87
 64
 78
 69
 79
 83
 73
 81
 76
 69
 96
 79
 89
 68
 84
 98
 61
 76
 74
 86
 66
 95
 83
 82
 79
 73
 69
 88
 72
 80
 79
 62
 74
 74
 79
 76
 73
 75
 80
 81
 95
 85
 77
 60
 66
 86
 86
 75
 73
 72
 62
 62
 53
 66
 90
 57
 65
 70
 65
 64
 84
 63
 84
 70
 66
 60
 61
 64
 51
 62
 72
 87
 59
 74
 81
 78
 77
 67
 70
 57
 71
 77
 64
 56
 68
 84
 63
 55
 51
 74
 58
 68
 59
 60
 64
 69
 70
 58
 76
 73
 62
 63
 62
 64
 59
 62
 69
 64
 80
 64
 71
 60
 65
 56
 48
 49
 55
 64
 83
 66
 59
 65
 50
 65
 65
 78
 51
 67
 68
 67
 61
 74
 60
 54
 62
 60
 61
 65
 66
 63
 81
 65
 59
 59
 51
 73
 73
 43
 59
 62
 76
 43
 47
 53
 53
 70
 73
 52
 47
 54
 60
 68
 55
 50
 69
 46
 54
 53
 59
 60
 63
 53
 50
 67
 55
 58
 76
 55
 66
 50
 49
 53
 51
 56
 68
 54
 58
 58
 54
 57
 47
 60
 62
 51
 56
 73
 64
 56
 58
 66
 46
 62
 53
 40
 64
 47
 54
 67
 61
 59
 62
 48
 52
 55
 49
 65
 55
 50
 65
 53
 54
 50
 47
 66
 50
 60
 56
 48
 47
 50
 55
 60
 53
 38
 58
 57
 42
 63
 51
 58
 44
 59
 54
 52
 46
 50
 43
 49
 51
 49
 56
 47
 55
 55
 43
 68
 55
 56
 64
 43
 62
 48
 45
 64
 40
 41
 49
 38
 52
 44
 54
 62
 50
 52
 48
 58
 33
 48
 55
 48
 37
 54
 43
 40
 53
 48
 39
 45
 55
 45
 45
 66
 51
 53
 54
 57
 46
 63
 57
 49
 66
 55
 55
 55
 49
 50
 68
 65
 65
 67
 48
 73
 61
 57
 65
 60
 70
 55
 61
 66
 64
 57
 54
 66
 57
 58
 47
 43
 45
 45
 44
 47
 60
 47
 46
 42
 44
 52
 54
 43
 48
 48
 41
 41
 41
 58
 40
 49
 41
 42
 43
 42
 47
 37
 41
 40
 48
 34
 29
 45
 57
 46
 38
 35
 43
 42
 44
 46
 30
 45
 45
 37
 41
 46
 38
 35
 37
 39
 42
 38
 35
 37
 34
 50
 33
 33
 36
 41
 28
 40
 40
 31
 35
 41
 40
 51
 39
 44
 41
 38
 39
 36
 47
 37
 41
 27
 41
 39
 39
 24
 46
 39
 41
 34
 29
 36
 43
 39
 45
 44
 38
 40
 41
 37
 36
 39
 27
 34
 32
 30
 38
 43
 42
 30
 46
 45
 31
 34
 26
 38
 46
 32
 38
 36
 42
 41
 34
 37
 36
 26
 28
 33
 44
 25
 44
 40
 40
 42
 30
 22
 45
 39
 41
 29
 44
 24
 34
 33
 34
 40
 42
 31
 28
 28
 49
 47
 38
 40
 29
 31
 40
 28
 38
 34
 29
 30
 40
 35
 34
 41
 33
 30
 48
 32
 30
 37
 27
 31
 28
 33
 21
 26
 37
 31
 23
 42
 42
 35
 29
 35
 43
 33
 27
 35
 24
 26
 39
 38
 33
 33
 21
 30
 34
 34
 22
 40
 32
 24
 33
 23
 27
 21
 49
 31
 29
 22
 26
 28
 26
 34
 31
 42
 28
 33
 27
 37
 28
 31
 31
 29
 25
 36
 20
 31
 32
 30
 24
 30
 34
 24
 41
 25
 33
 34
 34
 31
 35
 30
 34
 23
 32
 28
 41
 35
 33
 31
 28
 35
 40
 24
 28
 37
 37
 25
 26
 19
 31
 32
 36
 30
 33
 26
 27
 33
 43
 31
 33
 32
 28
 23
 26
 34
 23
 28
 33
 38
 27
 39
 18
 23
 22
 27
 28
 35
 33
 36
 37
 27
 32
 17
 19
 29
 23
 35
 29
 25
 23
 32
 22
 27
 24
 30
 28
 28
 34
 32
 27
 31
 36
 36
 29
 33
 34
 30
 31
 33
 23
 39
 33
 34
 30
 28
 18
 26
 26
 26
 36
 29
 18
 29
 31
 32
 30
 25
 26
 23
 14
 35
 24
 27
 27
 25
 25
 26
 29
 19
 27
 21
 18
 34
 21
 22
 24
 29
 16
 21
 23
 24
 21
 35
 24
 24
 20
 24
 24
 23
 15
 23
 18
 23
 19
 18
 27
 16
 18
 22
 26
 30
 23
 19
 23
 24
 15
 22
 23
 27
 22
 16
 20
 31
 30
 23
 23
 27
 16
 19
 19
 24
 16
 27
 34
 26
 17
 28
 32
 22
 19
 26
 19
 28
 24
 29
 19
 29
 22
 27
 23
 29
 22
 17
 23
 28
 25
 20
 21
 16
 33
 30
 33
 27
 27
 16
 26
 22
 26
 31
 31
 15
 15
 22
 20
 16
 22
 15
 25
