VERSION:    3.1
ELEMENTS:              1
DATE:       MAR 11, 2010 03:46:32.800
CHANNELS:           4000
ROIS:        0
REAL_TIME:   813.7399902
LIVE_TIME:   800.5800171
CAL_OFFSET:  8.8112198e-002
CAL_SLOPE:   3.1493530e-002
CAL_QUAD:    0.0000000e+000
TWO_THETA:   9.9946346
DATA: 
 0
 0
 0
 0
 0
 0
 0
 0
 0
 0
 0
 0
 0
 0
 0
 0
 0
 0
 0
 0
 0
 0
 0
 0
 0
 0
 0
 0
 0
 0
 0
 0
 0
 0
 0
 0
 0
 0
 0
 0
 0
 0
 0
 0
 0
 0
 0
 0
 0
 0
 0
 0
 0
 0
 0
 0
 0
 0
 0
 0
 0
 0
 0
 0
 0
 0
 0
 0
 0
 0
 1
 13
 12
 13
 14
 14
 11
 16
 22
 19
 16
 16
 12
 16
 20
 17
 18
 18
 18
 4
 17
 21
 11
 12
 29
 16
 21
 17
 16
 14
 14
 17
 14
 22
 12
 18
 15
 13
 12
 22
 17
 10
 15
 17
 11
 15
 13
 17
 24
 15
 19
 15
 19
 12
 16
 17
 23
 15
 21
 15
 18
 15
 20
 18
 16
 21
 17
 20
 24
 23
 20
 14
 23
 14
 18
 19
 30
 17
 24
 21
 27
 14
 19
 16
 25
 16
 26
 18
 32
 21
 16
 12
 30
 19
 22
 36
 22
 21
 25
 20
 24
 25
 20
 21
 25
 22
 27
 23
 31
 26
 25
 26
 36
 41
 28
 43
 29
 26
 32
 36
 25
 38
 29
 20
 22
 33
 36
 35
 25
 28
 28
 27
 23
 30
 23
 22
 43
 29
 28
 41
 41
 35
 19
 17
 27
 34
 26
 26
 26
 33
 28
 34
 32
 39
 27
 27
 39
 28
 37
 33
 39
 42
 34
 36
 51
 37
 41
 42
 37
 44
 41
 56
 44
 28
 38
 37
 39
 50
 34
 39
 36
 41
 44
 28
 26
 39
 34
 42
 37
 38
 49
 32
 49
 41
 46
 61
 45
 35
 32
 53
 33
 51
 43
 45
 45
 42
 35
 44
 44
 26
 41
 46
 49
 48
 38
 55
 50
 37
 49
 52
 48
 62
 47
 46
 57
 37
 55
 41
 61
 59
 47
 48
 53
 54
 42
 50
 48
 44
 54
 54
 46
 59
 48
 50
 55
 62
 55
 63
 51
 52
 56
 66
 53
 60
 46
 50
 57
 44
 48
 41
 58
 65
 46
 54
 54
 46
 59
 58
 51
 53
 48
 50
 58
 45
 53
 54
 52
 49
 43
 73
 52
 53
 49
 60
 55
 61
 41
 57
 63
 48
 65
 47
 62
 42
 70
 52
 68
 47
 51
 56
 59
 63
 50
 55
 52
 61
 55
 57
 48
 71
 51
 65
 46
 61
 54
 42
 63
 55
 65
 61
 58
 51
 56
 58
 58
 64
 55
 61
 64
 67
 79
 63
 66
 54
 55
 57
 81
 58
 52
 63
 59
 66
 65
 73
 70
 66
 68
 77
 78
 67
 76
 74
 65
 65
 65
 72
 65
 78
 61
 84
 69
 59
 60
 73
 71
 58
 74
 71
 87
 66
 77
 79
 74
 78
 94
 72
 81
 73
 81
 92
 81
 70
 81
 79
 83
 107
 79
 91
 74
 93
 94
 91
 93
 111
 89
 109
 111
 108
 94
 103
 98
 90
 111
 103
 108
 111
 100
 107
 123
 109
 118
 125
 111
 118
 123
 117
 123
 137
 128
 138
 156
 136
 170
 167
 180
 159
 168
 184
 191
 167
 181
 167
 162
 145
 173
 154
 132
 165
 158
 131
 149
 165
 158
 157
 157
 164
 159
 166
 180
 174
 176
 199
 189
 173
 187
 172
 158
 197
 175
 192
 184
 180
 182
 189
 200
 176
 194
 194
 191
 206
 222
 217
 209
 215
 226
 236
 261
 267
 279
 263
 272
 250
 302
 276
 267
 298
 286
 254
 229
 238
 256
 251
 237
 284
 225
 248
 244
 236
 240
 268
 248
 252
 272
 254
 232
 273
 234
 273
 268
 299
 276
 263
 291
 319
 306
 284
 293
 283
 276
 285
 305
 316
 350
 319
 331
 339
 299
 346
 326
 366
 353
 325
 349
 331
 327
 340
 351
 337
 355
 376
 376
 400
 389
 346
 371
 407
 404
 356
 383
 421
 429
 403
 438
 399
 413
 406
 403
 405
 415
 471
 388
 429
 397
 424
 412
 449
 420
 445
 413
 414
 429
 432
 420
 464
 445
 439
 419
 453
 492
 453
 452
 450
 471
 458
 462
 443
 472
 482
 483
 457
 500
 460
 498
 469
 500
 495
 486
 515
 462
 510
 530
 526
 546
 504
 503
 520
 561
 540
 512
 554
 560
 533
 540
 532
 564
 510
 563
 541
 540
 539
 566
 572
 563
 571
 577
 579
 557
 600
 584
 573
 618
 572
 592
 565
 592
 591
 609
 627
 600
 604
 598
 623
 601
 573
 631
 662
 597
 607
 617
 647
 682
 640
 640
 630
 632
 690
 658
 703
 682
 635
 671
 689
 699
 659
 673
 686
 688
 658
 674
 743
 652
 732
 685
 711
 688
 718
 708
 680
 668
 743
 680
 734
 663
 708
 670
 725
 714
 749
 720
 721
 696
 743
 741
 762
 765
 782
 749
 736
 714
 746
 758
 787
 749
 727
 784
 748
 774
 779
 805
 722
 726
 761
 744
 783
 827
 809
 782
 835
 871
 811
 787
 793
 801
 793
 824
 782
 817
 837
 829
 824
 827
 929
 903
 844
 806
 885
 852
 845
 876
 844
 811
 935
 871
 878
 857
 849
 903
 855
 943
 892
 922
 928
 931
 908
 927
 936
 937
 887
 909
 910
 900
 976
 960
 943
 977
 966
 904
 911
 901
 919
 891
 941
 931
 1014
 982
 956
 979
 956
 1011
 975
 927
 946
 984
 977
 1018
 1007
 981
 990
 923
 1010
 1015
 997
 1056
 998
 1028
 1032
 1008
 1003
 1011
 1064
 1013
 1036
 1005
 1065
 1075
 1009
 1078
 1037
 1039
 1030
 1039
 1037
 1088
 1055
 1046
 1073
 1099
 1027
 1001
 1062
 995
 1044
 1022
 1060
 1069
 1037
 1015
 992
 1007
 1029
 1069
 1053
 1032
 1051
 1095
 1068
 1077
 1085
 1017
 1026
 1075
 1055
 1057
 1071
 1037
 1011
 1039
 1088
 1065
 1045
 1045
 1075
 1051
 1053
 1049
 1034
 1070
 1116
 1008
 1076
 1090
 1016
 974
 1031
 1030
 1076
 1068
 1054
 1022
 1054
 1069
 1073
 1007
 1037
 964
 1055
 1056
 1032
 1009
 1017
 1047
 1070
 1033
 1031
 1120
 1027
 1054
 1101
 1036
 1027
 1081
 1053
 1089
 1017
 1031
 1093
 1040
 983
 1037
 1074
 1029
 1075
 1005
 1096
 1089
 1044
 1081
 1134
 1008
 1005
 1024
 1098
 1017
 1077
 1089
 1075
 1053
 1085
 1104
 1146
 1045
 1046
 1082
 1098
 1059
 1098
 1060
 1114
 1070
 1077
 1066
 1100
 1131
 1098
 1074
 1058
 1136
 1068
 1099
 1123
 1069
 1056
 1092
 999
 1092
 1071
 1069
 1061
 1048
 1109
 1102
 1057
 1137
 1068
 1081
 1021
 1091
 1076
 1062
 1023
 984
 1129
 1120
 1092
 1055
 1060
 1069
 1042
 1073
 1077
 1046
 1053
 1011
 1045
 961
 1039
 1084
 1024
 1013
 1088
 1064
 1012
 1055
 925
 990
 1076
 959
 1005
 1005
 948
 987
 958
 992
 992
 971
 866
 958
 900
 945
 953
 970
 910
 869
 839
 890
 910
 912
 855
 942
 850
 860
 811
 865
 819
 815
 812
 791
 794
 850
 744
 802
 809
 797
 756
 744
 752
 743
 780
 807
 759
 737
 748
 704
 748
 720
 705
 714
 742
 697
 700
 704
 669
 688
 696
 682
 664
 689
 737
 635
 640
 655
 594
 616
 635
 651
 639
 625
 608
 621
 597
 616
 638
 613
 589
 573
 597
 573
 618
 570
 612
 565
 590
 568
 575
 529
 556
 624
 566
 559
 577
 616
 561
 586
 538
 536
 565
 578
 558
 552
 533
 565
 549
 571
 523
 543
 577
 501
 543
 557
 545
 587
 542
 525
 563
 520
 531
 520
 513
 533
 534
 520
 498
 560
 525
 496
 523
 513
 519
 554
 537
 538
 555
 517
 543
 581
 523
 536
 559
 548
 532
 517
 544
 517
 540
 578
 551
 568
 569
 513
 578
 567
 514
 497
 529
 500
 510
 517
 502
 551
 530
 549
 522
 548
 458
 502
 516
 510
 494
 517
 502
 512
 536
 513
 566
 525
 515
 495
 507
 466
 529
 523
 468
 510
 527
 486
 488
 550
 530
 447
 497
 515
 520
 539
 495
 521
 479
 511
 518
 494
 509
 514
 483
 477
 515
 524
 525
 517
 486
 497
 493
 470
 515
 483
 480
 474
 488
 519
 530
 495
 491
 505
 458
 435
 530
 546
 495
 448
 525
 477
 465
 463
 481
 503
 495
 488
 492
 509
 488
 487
 511
 464
 522
 472
 460
 483
 482
 473
 503
 464
 455
 487
 445
 471
 476
 466
 470
 454
 474
 508
 423
 462
 440
 449
 459
 454
 466
 439
 442
 438
 442
 474
 449
 439
 470
 403
 429
 438
 469
 471
 414
 448
 450
 451
 453
 419
 398
 442
 435
 415
 434
 426
 442
 424
 432
 412
 420
 422
 419
 404
 423
 427
 418
 390
 417
 479
 435
 400
 402
 403
 384
 455
 397
 448
 408
 384
 394
 417
 377
 443
 406
 363
 434
 434
 399
 370
 392
 405
 407
 379
 367
 404
 395
 354
 372
 398
 372
 367
 358
 356
 332
 366
 376
 370
 370
 396
 386
 359
 367
 402
 344
 360
 350
 335
 375
 359
 380
 365
 389
 328
 334
 384
 390
 338
 345
 350
 338
 340
 357
 346
 336
 321
 331
 338
 341
 322
 320
 367
 354
 342
 367
 350
 332
 347
 349
 328
 315
 329
 319
 360
 339
 333
 338
 337
 313
 319
 350
 331
 360
 320
 299
 326
 325
 319
 343
 348
 303
 350
 314
 313
 318
 333
 299
 361
 296
 302
 299
 303
 329
 327
 347
 317
 365
 325
 315
 308
 305
 324
 310
 324
 318
 330
 347
 327
 333
 308
 316
 327
 302
 312
 332
 291
 331
 331
 313
 296
 326
 303
 293
 346
 325
 314
 317
 322
 323
 327
 322
 324
 349
 304
 300
 301
 303
 333
 340
 335
 306
 307
 322
 321
 315
 305
 336
 313
 292
 332
 283
 330
 298
 302
 314
 302
 319
 291
 310
 288
 320
 328
 318
 322
 337
 315
 309
 289
 308
 316
 277
 313
 300
 333
 305
 317
 290
 314
 309
 329
 327
 312
 315
 301
 302
 315
 339
 302
 308
 308
 354
 322
 291
 321
 299
 313
 298
 297
 292
 299
 286
 327
 321
 300
 332
 302
 320
 290
 297
 305
 329
 311
 333
 324
 308
 324
 307
 309
 316
 295
 317
 353
 286
 309
 317
 271
 311
 297
 305
 305
 298
 254
 286
 311
 296
 300
 272
 322
 313
 291
 263
 305
 322
 278
 288
 309
 295
 317
 331
 265
 308
 313
 308
 275
 325
 304
 319
 288
 272
 280
 306
 276
 267
 297
 275
 283
 309
 306
 281
 269
 284
 293
 308
 291
 302
 299
 285
 271
 273
 290
 261
 262
 282
 252
 284
 274
 263
 267
 284
 303
 267
 292
 273
 282
 263
 297
 275
 283
 245
 283
 229
 269
 284
 252
 253
 274
 288
 270
 288
 270
 263
 273
 279
 253
 277
 271
 234
 237
 248
 275
 263
 257
 243
 256
 259
 273
 227
 256
 268
 249
 266
 251
 259
 275
 237
 262
 248
 244
 264
 256
 269
 226
 243
 244
 244
 258
 248
 220
 226
 253
 250
 264
 241
 225
 245
 250
 239
 236
 251
 244
 235
 237
 213
 266
 258
 220
 225
 246
 227
 241
 224
 222
 224
 224
 250
 210
 238
 241
 218
 239
 239
 220
 236
 212
 230
 226
 215
 209
 207
 211
 202
 206
 203
 227
 201
 235
 240
 216
 212
 196
 200
 214
 200
 196
 212
 213
 222
 221
 213
 207
 196
 214
 199
 217
 215
 213
 212
 202
 230
 226
 226
 223
 216
 212
 215
 194
 213
 189
 212
 211
 214
 192
 200
 202
 210
 199
 201
 184
 211
 215
 203
 212
 214
 187
 221
 204
 201
 195
 194
 180
 185
 205
 208
 202
 221
 193
 198
 181
 187
 195
 190
 175
 196
 158
 193
 185
 180
 184
 190
 201
 199
 192
 176
 182
 163
 174
 167
 163
 176
 190
 173
 166
 168
 183
 179
 195
 156
 202
 199
 176
 198
 167
 193
 189
 199
 165
 179
 178
 210
 176
 191
 184
 151
 194
 186
 181
 185
 145
 172
 170
 160
 174
 171
 157
 146
 157
 179
 163
 145
 168
 174
 154
 169
 160
 166
 171
 151
 179
 167
 147
 147
 175
 159
 156
 162
 174
 165
 158
 154
 164
 163
 151
 155
 160
 117
 188
 151
 162
 146
 160
 136
 139
 160
 158
 154
 148
 167
 153
 158
 151
 164
 147
 158
 163
 155
 173
 168
 171
 141
 145
 156
 135
 143
 152
 148
 137
 158
 134
 155
 135
 152
 145
 147
 163
 158
 161
 137
 138
 154
 152
 157
 154
 146
 163
 154
 160
 141
 127
 129
 155
 150
 135
 145
 158
 150
 147
 158
 132
 156
 141
 168
 121
 143
 153
 153
 125
 123
 144
 147
 132
 140
 129
 134
 137
 133
 146
 143
 144
 130
 126
 154
 115
 132
 144
 145
 132
 136
 146
 103
 123
 120
 146
 152
 115
 134
 147
 119
 136
 120
 122
 114
 131
 122
 140
 119
 131
 125
 113
 129
 120
 128
 127
 129
 135
 153
 118
 143
 134
 126
 113
 127
 124
 133
 127
 139
 117
 127
 131
 136
 126
 109
 126
 122
 117
 137
 120
 132
 116
 109
 102
 127
 131
 124
 131
 141
 111
 134
 114
 136
 123
 111
 135
 114
 142
 124
 123
 115
 98
 112
 139
 110
 126
 114
 126
 102
 128
 140
 124
 117
 107
 120
 131
 110
 128
 124
 105
 115
 125
 114
 109
 131
 122
 109
 123
 106
 109
 115
 119
 115
 94
 116
 134
 100
 119
 117
 119
 109
 114
 126
 113
 110
 101
 127
 100
 118
 134
 122
 127
 114
 118
 106
 113
 116
 109
 113
 90
 113
 110
 100
 100
 115
 115
 102
 118
 110
 128
 88
 107
 95
 114
 91
 101
 109
 100
 105
 88
 136
 103
 99
 108
 112
 117
 107
 114
 90
 84
 99
 110
 107
 96
 109
 116
 97
 88
 103
 106
 88
 104
 98
 104
 89
 95
 95
 93
 72
 83
 82
 63
 84
 81
 71
 73
 66
 71
 65
 75
 68
 77
 64
 63
 64
 58
 74
 63
 67
 73
 71
 52
 58
 63
 73
 79
 70
 71
 68
 69
 64
 74
 49
 76
 68
 69
 61
 68
 55
 72
 66
 70
 63
 57
 62
 54
 56
 69
 65
 55
 70
 64
 76
 66
 62
 62
 58
 59
 57
 58
 67
 77
 66
 67
 73
 47
 74
 58
 57
 52
 50
 58
 70
 55
 45
 48
 52
 67
 63
 65
 66
 58
 66
 61
 50
 63
 57
 67
 66
 62
 52
 51
 56
 60
 61
 54
 50
 61
 53
 47
 70
 46
 51
 41
 75
 52
 68
 54
 61
 48
 62
 57
 51
 51
 48
 65
 55
 61
 62
 65
 52
 70
 59
 71
 50
 60
 62
 61
 49
 54
 51
 49
 65
 92
 48
 52
 43
 47
 45
 43
 65
 43
 57
 52
 60
 44
 48
 51
 63
 40
 57
 51
 54
 65
 58
 56
 54
 63
 56
 50
 57
 54
 49
 52
 58
 35
 53
 75
 52
 60
 44
 51
 49
 49
 50
 63
 63
 58
 59
 62
 53
 55
 49
 46
 47
 50
 43
 54
 59
 47
 61
 47
 63
 57
 60
 46
 54
 47
 53
 50
 48
 44
 64
 51
 58
 55
 57
 52
 44
 37
 61
 50
 49
 45
 45
 56
 57
 46
 40
 48
 47
 49
 52
 50
 56
 50
 58
 41
 50
 51
 52
 52
 46
 37
 58
 57
 54
 40
 54
 37
 48
 50
 46
 35
 49
 49
 45
 54
 44
 46
 32
 41
 46
 56
 52
 53
 62
 50
 51
 39
 38
 45
 43
 57
 39
 58
 62
 43
 51
 43
 41
 52
 37
 38
 37
 30
 43
 51
 43
 50
 42
 56
 32
 49
 33
 33
 35
 46
 43
 53
 35
 51
 48
 61
 48
 52
 31
 46
 48
 44
 45
 45
 55
 37
 37
 36
 44
 36
 39
 34
 35
 43
 40
 46
 59
 43
 45
 33
 40
 39
 52
 33
 43
 48
 43
 41
 44
 46
 46
 43
 37
 47
 46
 37
 25
 32
 45
 40
 39
 33
 28
 40
 33
 46
 37
 35
 38
 36
 47
 38
 42
 35
 50
 41
 37
 38
 36
 40
 38
 38
 34
 37
 48
 40
 35
 30
 41
 40
 40
 41
 33
 34
 27
 32
 30
 52
 41
 40
 41
 35
 39
 45
 32
 36
 44
 29
 40
 37
 32
 41
 40
 39
 34
 39
 37
 40
 31
 27
 38
 37
 24
 34
 32
 40
 35
 25
 37
 41
 29
 33
 40
 39
 25
 41
 26
 30
 39
 23
 41
 44
 29
 35
 31
 39
 37
 27
 36
 42
 37
 40
 39
 32
 31
 35
 29
 26
 31
 23
 34
 36
 20
 25
 24
 25
 41
 25
 28
 27
 36
 28
 33
 25
 34
 36
 36
 21
 25
 33
 30
 32
 31
 30
 32
 26
 34
 32
 28
 26
 35
 24
 30
 27
 30
 35
 34
 33
 20
 45
 28
 26
 32
 23
 28
 39
 21
 28
 25
 32
 39
 37
 31
 33
 32
 35
 38
 34
 26
 27
 34
 35
 30
 26
 26
 23
 22
 32
 35
 34
 28
 20
 23
 16
 38
 29
 39
 34
 21
 22
 19
 29
 18
 22
 14
 26
 30
 24
 29
 23
 24
 32
 23
 25
 17
 22
 28
 27
 19
 26
 24
 23
 25
 14
 26
 26
 37
 30
 33
 29
 21
 19
 30
 28
 20
 27
 18
 28
 19
 31
 28
 28
 21
 24
 20
 23
 37
 29
 22
 29
 19
 25
 19
 24
 28
 26
 22
 27
 20
 37
 22
 21
 16
 34
 30
 28
 21
 22
 30
 26
 23
 25
 26
 27
 22
 23
 30
 18
 24
 33
 18
 24
 27
 20
 16
 26
 24
 9
 23
 28
 38
 13
 26
 17
 23
 18
 21
 30
 23
 19
 20
 25
 19
 25
 21
 21
 25
 17
 19
 21
 24
 22
 17
 14
 26
 19
 25
 19
 20
 16
 31
 22
 27
 26
 19
 23
 19
 21
 23
 19
 29
 23
 19
 20
 21
 18
 23
 21
 14
 27
 24
 24
 22
 21
 20
 29
 20
 13
 15
 18
 18
 15
 19
 17
 31
 26
 25
 23
 26
 29
 19
 15
 12
 28
 11
 25
 24
 15
 23
 16
 19
 29
 23
 20
 24
 20
 14
 16
 24
 17
 19
 24
 21
 22
 18
 15
 20
 21
 20
 18
 19
 23
 24
 19
 26
 19
 14
 19
 19
 15
 16
 16
 19
 16
 25
 12
 21
 20
 18
 25
 14
 18
 17
 14
 13
 18
 17
 18
 20
 25
 13
 13
 18
 14
 15
 19
 20
 27
 16
 14
 16
 23
 17
 18
 23
 16
 19
 23
 15
 23
 19
 22
 19
 17
 18
 13
 16
 17
 18
 10
 17
 16
 13
 20
 10
 11
 15
 15
 18
 23
 13
 22
 11
 20
 17
 13
 16
 9
 11
 14
 18
 19
 12
 18
 10
 18
 15
 18
 11
 18
 14
 14
 20
 14
 16
 13
 16
 17
 8
 21
 8
 14
 15
 12
 9
 11
 19
 13
 18
 9
 13
 16
 11
 21
 24
 22
 11
 17
 12
 18
 17
 23
 15
 11
 22
 17
 21
 24
 18
 22
 12
 12
 20
 16
 14
 14
 13
 21
 13
 22
 8
 18
 18
 13
 20
 15
 17
 16
 18
 13
 14
 18
 17
 11
 11
 16
 20
 15
 17
 14
 14
 18
 11
 18
 16
 16
 18
 19
 11
 9
 12
 14
 10
 15
 16
 14
 8
 13
 13
 16
 16
 9
 7
 11
 16
 12
 14
 11
 21
 15
 14
 13
 14
 17
 14
 13
 12
 17
 16
 9
 15
 14
 10
 8
 9
 8
 7
 12
 15
 19
 13
 10
 11
 12
 15
 10
 12
 11
 16
 12
 12
 17
 12
 14
 14
 13
 12
 8
 9
 17
 10
 17
 14
 12
 9
 13
 11
 13
 14
 7
 19
 14
 16
 14
 16
 6
 13
 11
 12
 14
 6
 13
 8
 10
 14
 7
 12
 12
 6
 13
 9
 12
 10
 12
 9
 11
 11
 6
 13
 11
 11
 8
 7
 8
 13
 13
 11
 9
 10
 14
 15
 16
 16
 13
 13
 8
 10
 8
 12
 6
 11
 11
 9
 14
 21
 6
 17
 12
 10
 15
 11
 12
 9
 7
 8
 6
 13
 16
 15
 4
 6
 8
 12
 10
 9
 17
 8
 8
 13
 5
 10
 9
 9
 11
 15
 11
 11
 11
 8
 10
 12
 10
 6
 8
 9
 17
 8
 11
 6
 12
 7
 12
 9
 20
 10
 11
 16
 9
 11
 13
 12
 13
 12
 9
 4
 11
 11
 9
 14
 6
 11
 4
 6
 10
 16
 16
 6
 15
 13
 7
 17
 9
 8
 7
 6
 9
 7
 4
 13
 7
 7
 8
 9
 12
 12
 10
 2
 5
 11
 8
 10
 12
 5
 13
 7
 11
 7
 12
 12
 9
 10
 10
 9
 10
 14
 5
 6
 4
 12
 6
 7
 10
 6
 7
 5
 5
 9
 7
 8
 5
 11
 3
 12
 4
 8
 12
 2
 2
 14
 8
 12
 7
 10
 8
 8
 14
 9
 6
 12
 10
 13
 6
 3
 9
 5
 11
 8
 10
 11
 2
 10
 10
 8
 6
 3
 10
 11
 11
 3
 9
 8
 11
 10
 11
 11
 8
 6
 10
 7
 2
 5
 7
 11
 10
 9
 13
 9
 7
 9
 9
 11
 8
 3
 12
 10
 8
 4
 11
 8
 12
 13
 6
 7
 4
 7
 6
 10
 11
 8
 10
 9
 6
 6
 12
 7
 6
 7
 14
 10
 7
 7
 8
 6
 7
 6
 5
 4
 11
 11
 5
 3
 8
 8
 6
 6
 6
 4
 10
 4
 3
 12
 3
 9
 5
 7
 4
 7
 7
 8
 7
 8
 9
 9
 8
 2
 11
 8
 5
 10
 7
 5
 9
 9
 7
 4
 11
 8
 8
 8
 5
 7
 5
 11
 11
 6
 6
 5
 11
 8
 8
 6
 8
 9
 5
 10
 7
 12
 7
 6
 5
 7
 6
 6
 9
 3
 6
 5
 9
 4
 5
 6
 6
 4
 3
 13
 3
 7
 7
 6
 7
 5
 10
 6
 9
 11
 5
 7
 7
 7
 4
 7
 5
 13
 6
 4
 6
 3
 2
 7
 3
 3
 5
 7
 3
 8
 9
 5
 3
 7
 5
 3
 5
 7
 5
 4
 9
 6
 4
 4
 4
 7
 6
 5
 7
 6
 2
 2
 5
 4
 7
 7
 4
 2
 7
 3
 6
 7
 7
 4
 5
 7
 7
 2
 4
 9
 6
 3
 6
 5
 1
 4
 6
 4
 3
 4
 2
 4
 8
 6
 6
 4
 3
 7
 5
 4
 8
 4
 6
 4
 7
 3
 2
 9
 2
 4
 1
 4
 6
 0
 8
 8
 5
 6
 3
 1
 4
 3
 3
 6
 7
 3
 6
 2
 4
 5
 7
 6
 1
 5
 5
 2
 4
 1
 8
 4
 5
 9
 4
 4
 8
 4
 3
 4
 3
 8
 5
 3
 5
 4
 7
 3
 7
 11
 5
 3
 6
 4
 2
 3
 3
 9
 3
 4
 5
 6
 4
 4
 5
 6
 5
 5
 4
 6
 3
 4
 6
 3
 5
 8
 10
 1
 3
 4
 4
 2
 3
 3
 7
 3
 8
 8
 2
 1
 2
 3
 3
 4
 4
 3
 4
 9
 4
 3
 6
 5
 2
 1
 4
 1
 4
 5
 3
 5
 2
 2
 5
 9
 7
 4
 3
 3
 2
 3
 3
 2
 2
 3
 4
 12
 0
 4
 0
 6
 3
 6
 5
 3
 6
 4
 5
 5
 1
 4
 6
 5
 1
 7
 8
 4
 1
 0
 5
 3
 8
 6
 3
 3
 5
 3
 4
 4
 2
 4
 5
 6
 6
 5
 7
 3
 4
 3
 3
 4
 5
 3
 6
 4
 4
 3
 4
 3
 4
 2
 3
 0
 5
 4
 2
 4
 3
 4
 1
 2
 4
 5
 4
 3
 3
 3
 5
 1
 7
 5
 0
 1
 0
 4
 4
 4
 4
 1
 3
 2
 7
 1
 6
 5
 3
 3
 1
 2
 4
 1
 2
 3
 5
 5
 1
 5
 5
 4
 4
 5
 2
 7
 3
 1
 2
 2
 2
 2
 6
 4
 3
 3
 3
 4
 4
 6
 3
 5
 4
 4
 3
 2
 3
 3
 6
 4
 3
 1
 3
 5
 1
 2
 3
 1
 3
 2
 4
 4
 3
 2
 2
 8
 6
 4
 4
 3
 4
 2
 5
 2
 6
 0
 4
 3
 5
 5
 0
 4
 2
 2
 2
 2
 1
 5
 3
 2
 6
 1
 5
 2
 6
 4
 1
 1
 4
 7
 6
 2
 3
 6
 3
 2
 2
 2
 2
 4
 2
 4
 2
 2
 5
 3
 0
 2
 4
 2
 1
 3
 2
 5
 3
 6
 3
 4
 6
 4
 6
 6
 3
 2
 5
 1
 3
 0
 1
 4
 6
 1
 1
 4
 5
 3
 5
 4
 2
 3
 7
 1
 2
 3
 5
 4
 3
 2
 1
 2
 3
 2
 2
 1
 1
 3
 3
 2
 3
 3
 1
 8
 2
 2
 1
 1
 5
 2
 1
 4
 5
 2
 5
 4
 3
 3
 3
 5
 3
 6
 2
 3
