VERSION:    3.1
ELEMENTS:              1
DATE:       MAR 10, 2010 23:57:14.152
CHANNELS:           4000
ROIS:        0
REAL_TIME:   250.5200043
LIVE_TIME:   200.2799988
CAL_OFFSET:  8.8112198e-002
CAL_SLOPE:   3.1493530e-002
CAL_QUAD:    0.0000000e+000
TWO_THETA:   9.9946346
DATA: 
 0
 0
 0
 0
 0
 0
 0
 0
 0
 0
 0
 0
 0
 0
 0
 0
 0
 0
 0
 0
 0
 0
 0
 0
 0
 0
 0
 0
 0
 0
 0
 0
 0
 0
 0
 0
 0
 0
 0
 0
 0
 0
 0
 0
 0
 0
 0
 0
 0
 0
 0
 0
 0
 0
 0
 0
 0
 0
 0
 0
 0
 0
 0
 0
 0
 0
 0
 0
 0
 0
 1
 24
 53
 49
 50
 53
 70
 55
 62
 58
 50
 53
 49
 68
 49
 55
 65
 57
 55
 55
 42
 59
 59
 50
 59
 52
 67
 63
 53
 57
 65
 44
 63
 44
 64
 66
 52
 55
 56
 49
 56
 65
 72
 58
 66
 86
 72
 66
 57
 64
 68
 76
 67
 50
 69
 63
 68
 71
 77
 60
 60
 75
 81
 62
 69
 75
 68
 74
 73
 70
 70
 74
 62
 80
 64
 77
 76
 76
 82
 81
 71
 72
 74
 75
 80
 81
 83
 78
 83
 84
 79
 91
 64
 84
 83
 85
 74
 76
 80
 84
 97
 83
 72
 87
 92
 84
 86
 92
 80
 92
 83
 75
 93
 101
 78
 81
 111
 92
 81
 104
 77
 83
 87
 99
 75
 90
 70
 95
 97
 94
 90
 89
 90
 89
 96
 77
 76
 79
 70
 103
 94
 92
 89
 88
 93
 75
 81
 78
 91
 105
 101
 86
 97
 75
 78
 109
 91
 96
 95
 94
 85
 118
 95
 123
 90
 99
 126
 96
 97
 99
 94
 108
 116
 119
 89
 112
 105
 103
 97
 86
 119
 94
 87
 115
 100
 115
 85
 92
 107
 110
 100
 98
 94
 112
 100
 96
 93
 99
 99
 89
 93
 102
 102
 90
 97
 97
 94
 96
 90
 95
 117
 101
 86
 85
 84
 97
 100
 95
 98
 101
 112
 105
 102
 104
 102
 100
 85
 102
 90
 98
 104
 88
 89
 107
 112
 104
 95
 120
 89
 84
 102
 125
 102
 105
 86
 109
 118
 100
 103
 92
 101
 111
 106
 101
 98
 115
 102
 96
 115
 88
 106
 103
 111
 109
 111
 83
 102
 108
 99
 82
 97
 83
 110
 91
 89
 130
 112
 97
 89
 92
 91
 97
 99
 117
 118
 125
 100
 107
 103
 87
 114
 93
 140
 112
 116
 97
 128
 105
 124
 107
 119
 104
 121
 113
 108
 84
 115
 113
 122
 105
 110
 126
 119
 101
 111
 102
 126
 113
 106
 114
 110
 96
 118
 130
 101
 103
 103
 106
 99
 120
 108
 106
 101
 107
 95
 106
 123
 115
 130
 112
 114
 133
 121
 114
 119
 104
 108
 102
 106
 84
 122
 111
 136
 120
 124
 115
 118
 109
 121
 97
 141
 110
 104
 105
 134
 115
 120
 133
 123
 128
 115
 112
 118
 117
 100
 134
 137
 129
 124
 122
 105
 143
 121
 139
 140
 134
 110
 130
 129
 116
 123
 130
 115
 102
 128
 114
 162
 134
 129
 134
 141
 138
 146
 156
 126
 153
 139
 140
 142
 131
 174
 134
 141
 154
 134
 127
 164
 130
 140
 173
 148
 184
 173
 175
 172
 178
 201
 204
 152
 194
 173
 209
 188
 153
 168
 191
 169
 180
 196
 188
 169
 177
 172
 149
 168
 163
 179
 160
 205
 195
 200
 211
 176
 187
 189
 200
 186
 197
 152
 171
 220
 193
 184
 227
 205
 208
 195
 190
 209
 207
 203
 179
 208
 224
 226
 223
 220
 202
 239
 249
 260
 260
 266
 271
 237
 267
 287
 244
 262
 266
 243
 246
 263
 250
 249
 259
 266
 231
 219
 266
 233
 280
 254
 281
 260
 306
 273
 308
 297
 276
 279
 321
 320
 295
 294
 324
 266
 312
 313
 357
 295
 311
 320
 325
 370
 340
 296
 318
 300
 328
 322
 307
 351
 312
 357
 346
 353
 363
 369
 348
 330
 351
 387
 373
 374
 365
 388
 369
 341
 385
 391
 394
 431
 437
 395
 398
 397
 430
 364
 472
 391
 406
 431
 431
 448
 429
 456
 423
 476
 480
 448
 437
 501
 471
 438
 490
 480
 460
 477
 497
 466
 482
 471
 513
 495
 511
 505
 481
 476
 500
 536
 484
 556
 568
 535
 547
 534
 564
 569
 540
 518
 537
 549
 573
 548
 569
 589
 587
 578
 588
 589
 598
 620
 567
 566
 638
 565
 605
 628
 607
 606
 641
 624
 607
 662
 695
 621
 674
 645
 649
 690
 660
 615
 671
 691
 689
 718
 704
 682
 729
 649
 721
 700
 684
 771
 750
 744
 712
 779
 704
 736
 746
 758
 693
 744
 784
 766
 770
 798
 787
 804
 783
 769
 746
 777
 787
 866
 792
 784
 829
 820
 817
 828
 832
 809
 833
 846
 870
 869
 837
 914
 855
 863
 836
 836
 924
 887
 881
 875
 869
 874
 870
 858
 906
 925
 904
 865
 970
 942
 928
 945
 954
 893
 948
 932
 930
 953
 953
 980
 976
 971
 972
 953
 979
 950
 1006
 965
 888
 1049
 969
 1039
 953
 973
 1042
 1027
 1023
 1017
 1037
 1037
 1059
 1087
 1077
 1038
 1081
 1066
 1065
 1058
 1027
 1103
 1055
 1134
 1116
 1071
 1068
 1100
 1076
 1120
 1061
 1128
 1028
 1087
 1169
 1104
 1116
 1053
 1124
 1060
 1092
 1124
 1120
 1139
 1105
 1114
 1147
 1147
 1140
 1092
 1187
 1192
 1124
 1155
 1232
 1248
 1117
 1153
 1189
 1186
 1167
 1165
 1231
 1155
 1213
 1200
 1229
 1264
 1132
 1237
 1242
 1238
 1195
 1292
 1248
 1213
 1247
 1219
 1216
 1195
 1235
 1291
 1237
 1255
 1290
 1320
 1263
 1302
 1269
 1308
 1226
 1317
 1253
 1225
 1302
 1277
 1261
 1290
 1345
 1295
 1337
 1285
 1313
 1353
 1280
 1332
 1268
 1268
 1294
 1314
 1248
 1281
 1338
 1334
 1328
 1319
 1358
 1336
 1254
 1316
 1360
 1385
 1395
 1326
 1389
 1381
 1372
 1355
 1394
 1325
 1350
 1372
 1406
 1351
 1421
 1366
 1368
 1397
 1339
 1374
 1417
 1333
 1383
 1398
 1334
 1477
 1309
 1344
 1393
 1378
 1440
 1448
 1375
 1383
 1381
 1415
 1430
 1381
 1336
 1453
 1509
 1473
 1425
 1441
 1415
 1513
 1461
 1421
 1482
 1446
 1365
 1482
 1430
 1437
 1431
 1439
 1446
 1494
 1452
 1449
 1521
 1388
 1500
 1456
 1491
 1448
 1506
 1457
 1506
 1483
 1480
 1526
 1496
 1507
 1512
 1466
 1464
 1490
 1514
 1505
 1569
 1502
 1510
 1543
 1569
 1486
 1535
 1501
 1474
 1477
 1543
 1465
 1594
 1570
 1502
 1541
 1507
 1594
 1498
 1542
 1559
 1625
 1600
 1583
 1565
 1573
 1546
 1649
 1571
 1576
 1611
 1535
 1617
 1593
 1616
 1592
 1560
 1558
 1590
 1516
 1563
 1608
 1596
 1631
 1603
 1550
 1628
 1603
 1646
 1645
 1630
 1637
 1608
 1614
 1666
 1623
 1542
 1680
 1614
 1623
 1650
 1687
 1679
 1699
 1662
 1624
 1735
 1618
 1731
 1676
 1632
 1784
 1659
 1652
 1724
 1741
 1782
 1660
 1652
 1670
 1676
 1661
 1737
 1670
 1744
 1730
 1731
 1754
 1810
 1734
 1722
 1680
 1724
 1707
 1721
 1754
 1694
 1789
 1814
 1728
 1765
 1783
 1710
 1704
 1740
 1705
 1792
 1826
 1791
 1834
 1786
 1816
 1842
 1797
 1809
 1782
 1800
 1823
 1827
 1752
 1833
 1862
 1794
 1839
 1795
 1827
 1768
 1833
 1874
 1877
 1871
 1859
 1841
 1781
 1846
 1787
 1899
 1837
 1853
 1882
 1936
 1937
 1829
 1919
 1890
 1869
 1944
 1855
 1895
 1928
 1912
 1984
 1960
 1947
 1948
 1863
 1927
 1932
 1925
 1920
 1990
 1970
 2027
 1949
 1975
 1957
 1929
 1931
 1977
 1928
 2011
 2053
 1958
 1956
 1953
 1933
 1963
 1960
 2050
 1965
 2107
 2063
 2057
 1957
 2080
 2064
 2011
 2048
 1997
 1988
 2100
 2056
 2041
 2122
 2033
 2095
 2106
 2081
 2094
 2079
 2030
 2044
 2136
 2130
 2185
 2098
 2074
 2148
 2024
 2178
 2144
 2172
 2198
 2152
 2150
 2192
 2103
 2170
 2165
 2195
 2188
 2175
 2140
 2161
 2210
 2138
 2142
 2222
 2251
 2166
 2185
 2153
 2173
 2178
 2193
 2268
 2254
 2195
 2148
 2280
 2274
 2343
 2301
 2237
 2235
 2333
 2276
 2267
 2283
 2284
 2277
 2252
 2237
 2362
 2190
 2380
 2262
 2333
 2415
 2349
 2341
 2294
 2415
 2357
 2326
 2377
 2376
 2405
 2376
 2289
 2464
 2402
 2434
 2412
 2416
 2512
 2524
 2442
 2476
 2476
 2398
 2556
 2438
 2413
 2456
 2501
 2516
 2494
 2483
 2598
 2411
 2585
 2542
 2460
 2585
 2459
 2532
 2620
 2561
 2615
 2570
 2528
 2619
 2521
 2566
 2646
 2669
 2602
 2637
 2624
 2539
 2524
 2563
 2620
 2597
 2644
 2609
 2650
 2636
 2681
 2637
 2703
 2720
 2711
 2661
 2655
 2624
 2725
 2795
 2728
 2675
 2698
 2722
 2820
 2734
 2757
 2801
 2676
 2685
 2804
 2831
 2736
 2728
 2699
 2853
 2836
 2940
 2815
 2853
 2772
 2851
 2818
 2846
 2759
 2801
 2891
 2895
 2791
 2814
 2849
 2891
 2784
 2943
 2920
 2986
 2973
 2926
 2932
 2859
 2892
 2956
 2903
 2917
 2856
 2857
 2952
 2928
 2937
 2896
 2935
 3095
 2958
 3042
 2960
 2979
 3036
 2892
 3049
 3068
 3095
 3005
 3012
 3038
 3029
 3096
 3061
 3163
 3040
 3120
 3045
 3029
 3029
 3144
 2995
 3044
 3017
 3091
 3086
 3078
 3073
 3118
 3178
 3137
 3080
 3032
 3233
 3132
 3217
 3146
 3161
 3161
 3144
 3099
 3140
 3229
 3272
 3181
 3214
 3176
 3155
 3218
 3233
 3115
 3135
 3251
 3209
 3275
 3185
 3222
 3288
 3346
 3292
 3293
 3245
 3315
 3335
 3258
 3262
 3185
 3176
 3257
 3259
 3170
 3254
 3277
 3227
 3250
 3333
 3120
 3213
 3271
 3203
 3205
 3305
 3341
 3365
 3372
 3337
 3296
 3199
 3297
 3296
 3360
 3300
 3345
 3381
 3303
 3412
 3253
 3214
 3232
 3351
 3425
 3349
 3361
 3374
 3359
 3231
 3358
 3337
 3325
 3323
 3308
 3340
 3386
 3265
 3418
 3211
 3305
 3338
 3323
 3282
 3381
 3315
 3300
 3457
 3384
 3289
 3369
 3327
 3397
 3331
 3368
 3334
 3336
 3372
 3238
 3297
 3362
 3272
 3402
 3278
 3206
 3383
 3226
 3326
 3276
 3244
 3242
 3230
 3331
 3277
 3372
 3278
 3288
 3345
 3209
 3240
 3244
 3364
 3357
 3373
 3288
 3211
 3363
 3200
 3232
 3210
 3169
 3265
 3314
 3324
 3184
 3208
 3272
 3239
 3371
 3240
 3298
 3193
 3283
 3262
 3257
 3237
 3142
 3285
 3159
 3063
 3160
 3113
 3116
 3123
 3125
 3177
 3122
 3158
 3114
 3188
 3179
 3145
 3213
 3195
 3098
 3132
 3053
 3172
 3099
 3189
 3052
 3001
 3012
 3092
 3114
 3104
 3110
 3000
 3061
 2978
 3108
 3005
 2973
 2998
 2898
 2994
 2991
 3017
 2924
 2966
 2999
 2979
 2993
 2967
 3077
 2906
 2911
 2943
 2911
 2970
 2895
 2878
 2978
 2958
 2967
 2814
 2951
 2917
 2851
 2843
 2872
 2891
 2869
 2852
 2753
 2788
 2801
 2833
 2716
 2730
 2817
 2720
 2661
 2717
 2682
 2714
 2629
 2761
 2732
 2771
 2694
 2694
 2659
 2705
 2607
 2676
 2683
 2663
 2675
 2716
 2661
 2570
 2551
 2565
 2599
 2605
 2539
 2617
 2583
 2650
 2509
 2543
 2524
 2517
 2608
 2466
 2405
 2491
 2450
 2488
 2459
 2420
 2498
 2404
 2390
 2381
 2422
 2343
 2436
 2409
 2337
 2315
 2460
 2348
 2351
 2377
 2481
 2414
 2348
 2336
 2245
 2355
 2283
 2196
 2252
 2249
 2221
 2277
 2329
 2247
 2185
 2273
 2209
 2167
 2287
 2179
 2210
 2275
 2106
 2229
 2166
 2063
 2093
 2193
 2166
 2216
 2105
 2206
 2074
 2101
 2114
 2132
 2079
 2192
 2035
 2130
 2048
 2057
 2057
 2021
 2030
 2127
 2099
 1988
 2072
 2045
 1984
 2003
 1998
 1991
 2086
 1976
 2010
 2015
 1954
 1929
 1873
 1949
 1936
 1903
 1961
 1865
 1933
 1821
 1822
 1882
 1881
 1843
 1896
 1773
 1888
 1814
 1810
 1886
 1795
 1746
 1839
 1824
 1835
 1747
 1792
 1837
 1732
 1753
 1747
 1696
 1754
 1726
 1743
 1760
 1746
 1772
 1700
 1713
 1673
 1654
 1782
 1680
 1685
 1600
 1683
 1650
 1628
 1622
 1709
 1629
 1618
 1694
 1620
 1629
 1609
 1674
 1628
 1593
 1627
 1620
 1581
 1600
 1577
 1554
 1545
 1625
 1570
 1519
 1540
 1612
 1527
 1537
 1538
 1538
 1565
 1493
 1539
 1560
 1479
 1499
 1493
 1534
 1512
 1446
 1445
 1571
 1525
 1441
 1521
 1491
 1511
 1403
 1449
 1465
 1523
 1536
 1471
 1516
 1495
 1435
 1488
 1468
 1515
 1477
 1464
 1414
 1387
 1342
 1355
 1475
 1407
 1392
 1395
 1461
 1445
 1502
 1407
 1469
 1412
 1488
 1531
 1438
 1473
 1425
 1405
 1576
 1425
 1539
 1517
 1521
 1553
 1504
 1620
 1645
 1653
 1681
 1669
 1666
 1634
 1710
 1767
 1729
 1796
 1793
 1881
 1901
 1950
 1934
 1971
 2048
 2060
 2057
 2128
 2167
 2352
 2264
 2240
 2402
 2463
 2496
 2515
 2535
 2588
 2529
 2609
 2514
 2502
 2539
 2534
 2508
 2441
 2511
 2429
 2439
 2348
 2451
 2442
 2499
 2640
 2772
 2933
 3203
 3395
 3734
 3827
 4159
 4344
 4441
 4525
 4488
 4359
 4325
 4231
 3946
 3833
 3466
 3254
 2928
 2647
 2431
 2149
 1895
 1824
 1640
 1471
 1423
 1297
 1239
 1175
 1180
 1050
 1081
 1092
 1010
 1054
 967
 969
 1020
 988
 975
 1030
 957
 984
 1007
 918
 989
 994
 977
 915
 976
 899
 895
 929
 926
 932
 983
 892
 895
 886
 920
 871
 847
 915
 908
 915
 888
 866
 901
 930
 855
 905
 860
 877
 784
 903
 857
 886
 864
 896
 829
 844
 826
 841
 831
 872
 827
 833
 815
 866
 825
 815
 865
 820
 806
 805
 810
 821
 810
 831
 807
 800
 808
 804
 819
 777
 800
 791
 778
 791
 745
 826
 773
 790
 817
 758
 784
 740
 729
 807
 783
 766
 760
 711
 724
 767
 739
 763
 803
 730
 770
 688
 778
 770
 770
 698
 770
 743
 699
 755
 745
 706
 710
 701
 785
 699
 730
 711
 716
 733
 717
 703
 683
 723
 712
 680
 745
 706
 725
 749
 703
 702
 684
 669
 711
 751
 679
 699
 685
 688
 686
 657
 690
 674
 682
 710
 638
 666
 672
 677
 687
 658
 659
 722
 630
 667
 642
 665
 674
 655
 677
 669
 649
 622
 654
 634
 662
 625
 640
 648
 660
 652
 604
 630
 623
 663
 632
 652
 626
 590
 677
 650
 609
 676
 646
 634
 616
 597
 595
 612
 608
 653
 618
 602
 606
 603
 597
 619
 628
 592
 574
 548
 589
 641
 623
 616
 604
 597
 601
 580
 586
 636
 615
 639
 576
 596
 581
 576
 552
 545
 573
 610
 559
 587
 536
 576
 594
 567
 557
 588
 595
 573
 588
 540
 573
 588
 539
 544
 588
 566
 543
 566
 527
 542
 554
 544
 514
 551
 479
 502
 491
 521
 462
 444
 453
 406
 456
 408
 397
 364
 409
 417
 366
 382
 377
 373
 383
 377
 376
 374
 366
 362
 362
 397
 376
 392
 351
 366
 348
 340
 354
 386
 334
 365
 333
 355
 353
 332
 343
 342
 364
 351
 353
 356
 365
 373
 375
 350
 346
 346
 362
 394
 360
 350
 364
 360
 350
 352
 312
 390
 387
 333
 340
 352
 362
 310
 308
 380
 314
 328
 322
 325
 360
 327
 345
 315
 346
 317
 309
 334
 312
 273
 308
 338
 343
 316
 328
 332
 313
 335
 315
 359
 316
 334
 317
 335
 304
 329
 312
 311
 310
 330
 322
 310
 312
 339
 343
 333
 332
 313
 319
 328
 319
 340
 297
 302
 324
 319
 306
 303
 300
 350
 317
 308
 300
 288
 308
 296
 298
 277
 280
 298
 289
 279
 310
 294
 319
 288
 308
 281
 311
 287
 288
 281
 293
 275
 316
 302
 268
 258
 304
 288
 316
 275
 284
 271
 335
 326
 298
 282
 236
 295
 268
 272
 267
 294
 290
 258
 288
 287
 284
 307
 275
 292
 327
 271
 310
 272
 282
 287
 246
 261
 275
 257
 264
 281
 257
 285
 294
 252
 262
 277
 293
 228
 243
 281
 259
 276
 252
 252
 250
 252
 223
 275
 258
 232
 268
 252
 255
 246
 261
 233
 269
 209
 275
 289
 244
 258
 272
 260
 225
 283
 272
 264
 245
 282
 271
 243
 239
 245
 268
 259
 220
 240
 239
 233
 256
 248
 248
 243
 269
 290
 259
 258
 249
 244
 255
 237
 242
 253
 267
 235
 273
 220
 244
 251
 225
 238
 239
 213
 221
 236
 244
 244
 230
 214
 249
 226
 215
 238
 208
 220
 224
 230
 225
 254
 256
 220
 246
 230
 227
 205
 228
 218
 202
 215
 203
 228
 218
 241
 225
 226
 224
 218
 223
 230
 220
 221
 207
 220
 222
 213
 226
 242
 221
 197
 248
 210
 214
 209
 203
 217
 214
 208
 214
 199
 218
 217
 218
 198
 218
 215
 217
 234
 233
 206
 214
 192
 211
 210
 204
 208
 206
 202
 216
 199
 189
 201
 195
 218
 197
 210
 208
 233
 196
 205
 205
 213
 205
 198
 189
 214
 203
 200
 212
 196
 197
 213
 206
 201
 202
 202
 212
 207
 199
 208
 200
 177
 187
 198
 190
 182
 208
 199
 177
 202
 205
 196
 210
 185
 192
 182
 183
 188
 195
 158
 199
 201
 186
 179
 185
 193
 187
 195
 192
 182
 219
 171
 167
 195
 198
 170
 185
 185
 171
 209
 199
 184
 187
 177
 184
 191
 175
 176
 178
 199
 204
 156
 169
 159
 161
 201
 161
 199
 182
 179
 188
 155
 196
 163
 178
 182
 159
 186
 193
 185
 160
 225
 216
 214
 207
 223
 212
 229
 238
 221
 199
 204
 196
 212
 177
 228
 197
 189
 199
 206
 191
 173
 172
 186
 192
 175
 185
 187
 153
 177
 159
 163
 149
 182
 175
 144
 179
 160
 166
 164
 165
 146
 170
 159
 160
 203
 158
 170
 143
 187
 153
 166
 146
 159
 150
 176
 170
 167
 177
 164
 145
 142
 171
 169
 164
 165
 158
 149
 157
 155
 152
 135
 147
 164
 135
 140
 138
 151
 141
 149
 147
 138
 158
 143
 173
 132
 165
 140
 144
 160
 147
 140
 147
 145
 152
 131
 131
 137
 137
 158
 147
 147
 144
 140
 150
 178
 126
 149
 135
 158
 134
 131
 118
 150
 137
 137
 135
 138
 135
 136
 148
 149
 139
 135
 140
 141
 143
 134
 145
 163
 132
 143
 148
 142
 139
 151
 145
 126
 132
 138
 154
 166
 143
 138
 151
 124
 134
 132
 131
 125
 150
 123
 124
 134
 128
 107
 145
 128
 119
 112
 109
 113
 126
 133
 125
 125
 128
 124
 121
 112
 155
 129
 139
 144
 120
 139
 135
 110
 153
 135
 139
 97
 117
 124
 112
 123
 124
 131
 123
 136
 129
 125
 116
 112
 123
 143
 115
 119
 118
 107
 118
 138
 145
 115
 112
 132
 123
 114
 106
 96
 120
 105
 97
 121
 108
 111
 102
 112
 134
 119
 134
 122
 119
 116
 136
 86
 124
 127
 106
 118
 116
 114
 102
 115
 100
 102
 102
 100
 98
 99
 117
 109
 125
 119
 105
 134
 127
 125
 132
 121
 102
 107
 106
 130
 122
 104
 112
 96
 114
 111
 105
 101
 126
 109
 102
 103
 117
 103
 110
 116
 109
 122
 89
 104
 121
 103
 111
 124
 118
 108
 119
 106
 97
 107
 99
 117
 97
 94
 109
 100
 117
 116
 103
 108
 118
 108
 94
 106
 124
 101
 97
 113
 110
 103
 126
 113
 101
 114
 104
 122
 115
 99
 93
 130
 142
 131
 134
 148
 135
 144
 135
 150
 133
 126
 128
 155
 147
 161
 179
 181
 166
 151
 171
 149
 156
 174
 143
 155
 140
 131
 141
 145
 129
 136
 128
 147
 112
 111
 113
 117
 94
 94
 94
 103
 121
 104
 91
 90
 103
 106
 109
 105
 120
 83
 91
 132
 104
 97
 99
 93
 74
 93
 89
 116
 97
 94
 101
 100
 107
 92
 98
 108
 120
 111
 112
 98
 101
 103
 96
 115
 113
 89
 106
 112
 113
 112
 111
 124
 139
 114
 113
 134
 132
 167
 184
 175
 185
 210
 255
 243
 274
 312
 373
 352
 385
 382
 435
 421
 447
 491
 445
 467
 442
 459
 431
 426
 366
 387
 337
 315
 303
 296
 252
 239
 217
 198
 178
 168
 138
 129
 139
 140
 111
 104
 109
 103
 107
 95
 110
 132
 98
 80
 107
 100
 119
 83
 78
 86
 109
 90
 89
 80
 98
 64
 99
 101
 79
 110
 95
 96
 93
 76
 78
 110
 109
 106
 108
 105
 102
 103
 92
 88
 101
 104
 106
 103
 105
 114
 103
 105
 102
 101
 88
 91
 105
 110
 109
 88
 101
 92
 99
 106
 88
 84
 83
 104
 84
 79
 82
 87
 94
 88
 87
 83
 96
 88
 102
 80
 91
 87
 92
 99
 79
 99
 80
 97
 95
 90
 93
 97
 94
 88
 86
 87
 90
 98
 83
 88
 108
 82
 97
 86
 78
 88
 82
 89
 92
 85
 79
 76
 74
 87
 80
 76
 86
 73
 90
 89
 83
 95
 64
 91
 91
 71
 82
 68
 89
 83
 83
 87
 98
 82
 85
 84
 85
 74
 92
 94
 66
 74
 74
 92
 75
 74
 85
 67
 75
 73
 69
 88
 68
 83
 84
 88
 84
 79
 82
 85
 86
 76
 86
 91
 83
 64
 83
 72
 77
 81
 81
 58
 79
 67
 72
 68
 66
 87
 81
 101
 78
 74
 67
 71
 71
 58
 88
 70
 71
 78
 89
 68
 76
 80
 76
 72
 73
 68
 86
 63
 74
 83
 75
 68
 67
 69
 94
 82
 79
 74
 75
 80
 64
 70
 65
 74
 78
 69
 74
 86
 76
 57
 62
 71
 74
 66
 62
 65
 66
 82
 58
 56
 74
 68
 54
 62
 53
 73
 55
 69
 80
 79
 63
 73
 81
 74
 62
 63
 70
 72
 77
 63
 68
 67
 60
 64
 61
 59
 70
 77
 69
 62
 62
 71
 59
 66
 57
 58
 75
 68
 53
 58
 66
 52
 69
 67
 67
 71
 70
 41
 61
 56
 64
 61
 56
 57
 55
 72
 59
 50
 75
 63
 59
 69
 81
 60
 59
 73
 61
 59
 75
 53
 77
 63
 54
 62
 69
 70
 55
 72
 62
 71
 60
 59
 52
 58
 64
 48
 51
 51
 57
 40
 56
 54
 52
 56
 59
 51
 46
 58
 61
 65
 51
 59
 56
 48
 63
 56
 54
 57
 63
 51
 57
 62
 60
 41
 50
 63
 43
 57
 54
 56
 53
 51
 60
 44
 50
 70
 54
 53
 59
 51
 62
 57
 48
 49
 48
 50
 52
 51
 55
 61
 57
 62
 55
 56
 46
 56
 43
 60
 62
 51
 58
 60
 45
 50
 50
 38
 57
 51
 49
 55
 39
 67
 54
 49
 42
 48
 43
 48
 59
 55
 40
 44
 46
 54
 32
 47
 45
 56
 49
 51
 41
 54
 49
 46
 65
 48
 43
 47
 55
 50
 53
 54
 57
 53
 43
 57
 44
 59
 48
 53
 45
 53
 47
 46
 37
 41
 43
 47
 53
 49
 50
 43
 62
 56
 43
 45
 51
 52
 49
 43
 54
 61
 55
 62
 49
 60
 52
 53
 52
 54
 59
 59
 75
 63
 64
 73
 54
 50
 68
 44
 56
 63
 60
 42
 63
 51
 60
 47
 60
 36
 49
 50
 48
 41
 51
 41
 43
 37
 40
 57
 40
 39
 33
 51
 44
 41
 57
 46
 44
 31
 50
 38
 47
 47
 48
 42
 44
 39
 37
 41
 36
 40
 31
 31
 44
 48
 39
 40
 23
 50
 37
 44
 33
 42
 41
 38
 44
 34
 36
 46
 30
 33
 32
 40
 43
 49
 46
 38
 44
 33
 31
 40
 32
 47
 31
 45
 34
 40
 35
 41
 38
 34
 44
 30
 44
 27
 42
 52
 42
 37
 39
 35
 37
 34
 35
 40
 35
 43
 26
 35
 38
 32
 39
 30
 50
 28
 37
 36
 43
 35
 33
 37
 43
 32
 38
 29
 27
 29
 35
 50
 36
 32
 39
 45
 40
 37
 42
 46
 35
 37
 39
 41
 38
 39
 34
 26
 46
 27
 26
 38
 40
 43
 34
 29
 40
 27
 28
 32
 39
 31
 29
 37
 34
 33
 36
 36
 44
 26
 29
 40
 42
 29
 31
 31
 24
 31
 24
 22
 46
 36
 26
 21
 37
 31
 30
 29
 28
 39
 40
 45
 25
 30
 46
 33
 28
 34
 32
 31
 27
 40
 30
 46
 23
 31
 24
 29
 37
 26
 21
 34
 41
 38
 16
 22
 26
 36
 41
 27
 33
 25
 29
 20
 29
 30
 37
 29
 32
 27
 32
 27
 30
 37
 28
 30
 30
 41
 31
 21
 27
 30
 30
 35
 22
 23
 41
 39
 26
 22
 31
 35
 27
 34
 29
 28
 28
 31
 39
 26
 34
 28
 26
 29
 29
 27
 36
 35
 29
 32
 35
 21
 29
 26
 31
 28
 19
 31
 33
 32
 33
 22
 23
 30
 33
 24
 35
 31
 23
 28
 32
 33
 34
 31
 30
 25
 23
 24
 26
 31
 28
 22
 30
 29
 31
 31
 21
 34
 31
 27
 35
 30
 29
 27
 25
 25
 34
 40
 32
 28
 30
 19
 29
 39
 29
 30
 38
 36
 29
 44
 26
 24
 36
 24
 35
 24
 25
 32
 34
 28
 23
 34
 25
 23
 32
 33
 35
 26
 25
 25
 19
 33
 27
 19
 29
 20
 35
 26
 26
 21
 28
 20
 22
 18
 18
 26
 24
 35
 22
 15
 21
 25
 25
 27
 24
 26
 25
 19
 24
 23
 28
 36
 19
 28
 22
 25
 24
 21
 18
 26
 20
 24
 25
 18
 33
 27
 23
 24
 25
 29
 22
 29
 23
 14
 15
 19
 24
 16
 25
 33
 38
 22
 16
 36
 27
 21
 23
 21
 26
 17
 28
 24
 21
 21
 27
 27
 23
 19
 18
 20
 28
 34
 29
 21
 23
 23
 26
 22
 22
 22
 29
 29
 23
 29
 24
 28
 19
 23
 29
 27
 18
 25
 25
 13
 18
 27
 27
 31
 10
 20
 24
 22
 14
 15
 23
 13
