VERSION:    3.1
ELEMENTS:              1
DATE:       MAR 11, 2010 00:05:56.231
CHANNELS:           4000
ROIS:        0
REAL_TIME:   449.5100098
LIVE_TIME:   400.4400024
CAL_OFFSET:  8.8112198e-002
CAL_SLOPE:   3.1493530e-002
CAL_QUAD:    0.0000000e+000
TWO_THETA:   9.9946346
DATA: 
 0
 0
 0
 0
 0
 0
 0
 0
 0
 0
 0
 0
 0
 0
 0
 0
 0
 0
 0
 0
 0
 0
 0
 0
 0
 0
 0
 0
 0
 0
 0
 0
 0
 0
 0
 0
 0
 0
 0
 0
 0
 0
 0
 0
 0
 0
 0
 0
 0
 0
 0
 0
 0
 0
 0
 0
 0
 0
 0
 0
 0
 0
 0
 0
 0
 0
 0
 0
 0
 0
 0
 47
 78
 65
 78
 63
 62
 58
 64
 52
 67
 65
 49
 57
 79
 64
 54
 55
 62
 69
 66
 57
 64
 64
 71
 62
 59
 57
 57
 68
 57
 60
 64
 62
 67
 48
 50
 53
 71
 59
 61
 59
 59
 48
 65
 67
 76
 63
 74
 56
 45
 54
 64
 62
 53
 51
 51
 61
 69
 61
 63
 55
 53
 68
 54
 67
 65
 53
 54
 64
 63
 61
 60
 60
 73
 68
 67
 63
 61
 54
 63
 64
 74
 69
 64
 56
 85
 70
 61
 65
 52
 54
 76
 74
 63
 66
 45
 66
 83
 81
 75
 63
 75
 67
 68
 90
 66
 75
 82
 77
 87
 87
 87
 71
 83
 111
 85
 80
 83
 88
 84
 86
 84
 91
 90
 108
 80
 94
 94
 80
 96
 92
 99
 90
 94
 105
 104
 95
 107
 102
 106
 118
 103
 104
 108
 113
 101
 128
 98
 108
 112
 113
 111
 115
 145
 129
 116
 129
 136
 106
 129
 138
 119
 127
 161
 133
 121
 111
 135
 117
 139
 135
 110
 134
 147
 131
 133
 135
 135
 120
 136
 155
 145
 148
 126
 159
 162
 140
 155
 149
 136
 142
 156
 137
 135
 154
 161
 182
 172
 155
 163
 148
 140
 169
 180
 153
 155
 160
 161
 170
 167
 161
 163
 163
 171
 186
 173
 181
 170
 197
 174
 189
 190
 197
 194
 155
 200
 210
 167
 202
 186
 219
 194
 219
 202
 194
 209
 201
 191
 189
 206
 212
 199
 213
 215
 182
 200
 226
 205
 209
 209
 252
 216
 213
 209
 222
 258
 226
 228
 223
 275
 271
 234
 243
 247
 251
 249
 255
 237
 232
 231
 257
 273
 239
 271
 260
 262
 261
 288
 285
 284
 274
 305
 271
 294
 282
 281
 274
 314
 287
 304
 287
 302
 288
 317
 327
 314
 312
 322
 319
 336
 336
 348
 333
 319
 294
 352
 327
 340
 327
 340
 318
 321
 344
 332
 325
 324
 340
 328
 339
 354
 343
 367
 342
 328
 307
 319
 313
 334
 396
 337
 356
 374
 360
 386
 384
 368
 364
 359
 314
 355
 373
 409
 372
 391
 371
 403
 382
 397
 394
 368
 411
 377
 388
 365
 431
 374
 409
 399
 433
 406
 383
 407
 386
 391
 394
 403
 393
 411
 421
 391
 429
 410
 448
 418
 398
 402
 421
 402
 434
 421
 401
 452
 452
 415
 457
 443
 440
 447
 430
 427
 454
 446
 436
 439
 450
 447
 488
 431
 460
 403
 430
 415
 409
 444
 424
 428
 433
 448
 438
 460
 472
 420
 482
 486
 464
 467
 461
 481
 451
 484
 491
 486
 523
 533
 517
 537
 564
 581
 577
 528
 513
 525
 528
 513
 511
 519
 516
 499
 497
 520
 518
 506
 537
 541
 507
 512
 538
 535
 584
 514
 575
 558
 530
 527
 571
 579
 597
 595
 542
 567
 581
 611
 637
 612
 590
 602
 587
 619
 663
 576
 663
 677
 667
 651
 672
 687
 736
 737
 754
 708
 754
 759
 783
 737
 761
 796
 749
 760
 805
 767
 793
 765
 765
 807
 762
 798
 812
 846
 819
 874
 894
 810
 889
 885
 918
 882
 872
 909
 948
 902
 959
 945
 951
 955
 975
 951
 1043
 1022
 1072
 1021
 1034
 1028
 1116
 1085
 1134
 1084
 1155
 1094
 1102
 1115
 1214
 1221
 1209
 1241
 1279
 1236
 1263
 1305
 1355
 1357
 1392
 1290
 1364
 1404
 1354
 1485
 1410
 1541
 1545
 1528
 1531
 1558
 1513
 1577
 1588
 1638
 1619
 1644
 1646
 1743
 1733
 1748
 1713
 1728
 1834
 1817
 1905
 1836
 1829
 1933
 1872
 1883
 1875
 2017
 2024
 1952
 2049
 2001
 2062
 2123
 2135
 2168
 2178
 2132
 2213
 2301
 2261
 2338
 2344
 2429
 2402
 2352
 2456
 2466
 2545
 2529
 2585
 2607
 2658
 2574
 2643
 2782
 2747
 2763
 2754
 2807
 3022
 2789
 2938
 2903
 3090
 3014
 3088
 3034
 3155
 3190
 3147
 3190
 3301
 3289
 3307
 3338
 3418
 3548
 3466
 3498
 3633
 3575
 3572
 3518
 3654
 3673
 3751
 3611
 3858
 3725
 3803
 3831
 3834
 3911
 3950
 4061
 4059
 4145
 4120
 4069
 4157
 4215
 4342
 4263
 4083
 4296
 4306
 4415
 4494
 4415
 4507
 4523
 4520
 4680
 4629
 4624
 4639
 4791
 4690
 4765
 4804
 4881
 4979
 4911
 4973
 4958
 4951
 5039
 4986
 4966
 5103
 4985
 5093
 5074
 5266
 5266
 5117
 5198
 5278
 5289
 5525
 5327
 5378
 5387
 5313
 5481
 5395
 5563
 5513
 5401
 5389
 5462
 5617
 5520
 5677
 5587
 5637
 5428
 5697
 5604
 5798
 5552
 5565
 5644
 5764
 5673
 5701
 5631
 5727
 5697
 5807
 5764
 5794
 5770
 5846
 5821
 5652
 5842
 5718
 5819
 5741
 5774
 5985
 5797
 5769
 5938
 5781
 5912
 5781
 5810
 5850
 5780
 5908
 5756
 5791
 5801
 5786
 5617
 5874
 5660
 5643
 5748
 5674
 5729
 5632
 5588
 5557
 5668
 5635
 5717
 5588
 5674
 5489
 5417
 5618
 5566
 5622
 5588
 5518
 5646
 5411
 5526
 5487
 5563
 5533
 5428
 5518
 5539
 5460
 5491
 5404
 5382
 5255
 5389
 5207
 5357
 5173
 5393
 5305
 5481
 5317
 5255
 5185
 5120
 5131
 5206
 5153
 5177
 5017
 5108
 4905
 5198
 4828
 4993
 5072
 4973
 5091
 4998
 4948
 4953
 4870
 4884
 4746
 4928
 4754
 4969
 4778
 4660
 4747
 4739
 4666
 4682
 4674
 4705
 4700
 4576
 4630
 4580
 4579
 4482
 4450
 4447
 4538
 4441
 4463
 4399
 4444
 4427
 4471
 4327
 4398
 4464
 4390
 4328
 4284
 4269
 4345
 4342
 4090
 4233
 4253
 4171
 4270
 4128
 4078
 4067
 4023
 4161
 4084
 4027
 4138
 4007
 4050
 3995
 3957
 4057
 4013
 4020
 4051
 3989
 3883
 3883
 3927
 3981
 3826
 3844
 3870
 3717
 3825
 3814
 3763
 3773
 3821
 3781
 3737
 3607
 3757
 3747
 3736
 3713
 3709
 3734
 3641
 3879
 3887
 3817
 3744
 3911
 3815
 3656
 3739
 3714
 3579
 3630
 3553
 3595
 3452
 3519
 3245
 3384
 3377
 3375
 3225
 3346
 3285
 3191
 3281
 3366
 3325
 3127
 3380
 3188
 3234
 3225
 3164
 3257
 3217
 3153
 3144
 3260
 3175
 3179
 3111
 3161
 3114
 3110
 3098
 3077
 3061
 2991
 3001
 2921
 3042
 2941
 3046
 2962
 2962
 2935
 2880
 2899
 2901
 2939
 2913
 2843
 2855
 2931
 2842
 2909
 2837
 2873
 2921
 2837
 2776
 2804
 2894
 2805
 2733
 2722
 2836
 2751
 2787
 2804
 2761
 2753
 2683
 2697
 2673
 2759
 2652
 2735
 2678
 2629
 2634
 2687
 2666
 2646
 2721
 2697
 2667
 2632
 2589
 2648
 2622
 2624
 2534
 2520
 2589
 2521
 2552
 2543
 2555
 2517
 2531
 2521
 2404
 2431
 2495
 2442
 2504
 2535
 2521
 2430
 2441
 2434
 2431
 2389
 2424
 2423
 2373
 2422
 2336
 2303
 2480
 2231
 2385
 2403
 2411
 2380
 2425
 2249
 2381
 2341
 2370
 2338
 2405
 2314
 2324
 2361
 2283
 2313
 2309
 2322
 2304
 2201
 2300
 2239
 2221
 2237
 2279
 2262
 2105
 2261
 2199
 2270
 2107
 2187
 2133
 2265
 2275
 2162
 2254
 2087
 2216
 2226
 2121
 2138
 2129
 2190
 2196
 2110
 2228
 2156
 2114
 2102
 1985
 2182
 2092
 2076
 2097
 2096
 2121
 2100
 2081
 2081
 2147
 2058
 2143
 2166
 2018
 2055
 2053
 1972
 2026
 2017
 2029
 2065
 2061
 1979
 2058
 1980
 1967
 2019
 2046
 2059
 1975
 1982
 1934
 1999
 2004
 1966
 2026
 1993
 1907
 1895
 1934
 1937
 2008
 1876
 1936
 1896
 1972
 1855
 1881
 1938
 1906
 1911
 1905
 1908
 1937
 1872
 1875
 1911
 1868
 1841
 1829
 1884
 1883
 1841
 1892
 1821
 1805
 1833
 1877
 1833
 1768
 1935
 1812
 1752
 1878
 1857
 1780
 1818
 1779
 1797
 1771
 1827
 1759
 1630
 1806
 1730
 1857
 1864
 1761
 1744
 1810
 1821
 1698
 1726
 1704
 1668
 1755
 1710
 1660
 1652
 1733
 1710
 1670
 1762
 1682
 1726
 1700
 1727
 1694
 1621
 1657
 1677
 1707
 1639
 1620
 1684
 1619
 1603
 1743
 1615
 1659
 1681
 1692
 1646
 1653
 1582
 1714
 1518
 1580
 1596
 1617
 1697
 1539
 1555
 1588
 1552
 1606
 1540
 1561
 1610
 1571
 1569
 1576
 1577
 1595
 1536
 1554
 1537
 1548
 1551
 1579
 1429
 1611
 1555
 1501
 1483
 1515
 1548
 1501
 1493
 1498
 1550
 1421
 1434
 1456
 1426
 1492
 1527
 1502
 1395
 1498
 1409
 1437
 1475
 1427
 1410
 1423
 1456
 1337
 1448
 1396
 1445
 1473
 1363
 1441
 1360
 1395
 1388
 1354
 1304
 1419
 1387
 1402
 1437
 1361
 1346
 1367
 1270
 1343
 1272
 1319
 1358
 1339
 1383
 1371
 1317
 1409
 1338
 1278
 1323
 1339
 1296
 1292
 1279
 1269
 1233
 1277
 1295
 1319
 1239
 1326
 1257
 1284
 1293
 1242
 1255
 1178
 1236
 1174
 1181
 1290
 1248
 1214
 1250
 1233
 1245
 1219
 1142
 1200
 1270
 1180
 1192
 1174
 1170
 1160
 1161
 1192
 1149
 1201
 1200
 1162
 1121
 1089
 1146
 1127
 1157
 1198
 1133
 1158
 1148
 1162
 1102
 1153
 1109
 1094
 1093
 1156
 1091
 1111
 1177
 1159
 1104
 1132
 1058
 1117
 1118
 1082
 1152
 1039
 1026
 1060
 1044
 1130
 1037
 1129
 1072
 1022
 1045
 1013
 1089
 1052
 1093
 1088
 1050
 1047
 1040
 1057
 1102
 1099
 1053
 1018
 1029
 1072
 1038
 1064
 1099
 992
 1058
 1037
 1039
 1088
 1052
 1009
 1072
 1029
 1063
 1023
 1048
 1008
 1022
 1003
 1018
 1034
 1031
 1021
 1016
 1004
 996
 1034
 989
 1026
 1002
 989
 1014
 1000
 1020
 1033
 1049
 1043
 1039
 997
 1014
 1049
 977
 966
 1054
 1010
 1050
 1037
 1062
 1056
 1045
 999
 951
 1012
 1042
 1001
 1024
 1031
 980
 1018
 1042
 1036
 1007
 1033
 1014
 1033
 1023
 1017
 1102
 1008
 1037
 987
 987
 998
 1012
 977
 975
 1021
 1057
 982
 1022
 1051
 981
 1036
 1029
 1001
 988
 1035
 1034
 968
 1026
 1007
 977
 923
 1024
 985
 1031
 974
 978
 1034
 992
 926
 1020
 984
 972
 986
 990
 1040
 954
 1050
 958
 947
 977
 969
 968
 974
 987
 998
 984
 911
 1012
 992
 948
 935
 969
 990
 1042
 979
 909
 994
 956
 1004
 982
 901
 943
 977
 1023
 952
 950
 954
 986
 966
 955
 974
 937
 935
 915
 962
 908
 948
 941
 889
 928
 907
 986
 922
 1004
 907
 942
 923
 937
 933
 935
 923
 928
 860
 956
 957
 868
 1000
 934
 965
 912
 884
 924
 965
 922
 928
 925
 860
 901
 881
 914
 917
 894
 925
 891
 939
 906
 898
 946
 863
 855
 923
 945
 917
 922
 847
 931
 882
 911
 936
 906
 867
 916
 848
 829
 860
 879
 852
 954
 851
 910
 862
 887
 889
 889
 842
 881
 917
 841
 868
 854
 861
 869
 905
 873
 802
 863
 834
 814
 849
 862
 886
 876
 822
 871
 892
 859
 814
 853
 876
 864
 846
 801
 820
 838
 827
 835
 797
 827
 820
 802
 886
 846
 785
 812
 855
 819
 845
 813
 803
 792
 821
 836
 802
 830
 790
 841
 831
 789
 835
 856
 828
 767
 826
 831
 836
 813
 760
 780
 792
 776
 888
 808
 815
 815
 788
 780
 755
 727
 804
 774
 752
 776
 713
 784
 763
 768
 843
 816
 770
 770
 755
 773
 811
 769
 779
 701
 784
 769
 712
 821
 767
 817
 764
 744
 740
 781
 815
 752
 795
 718
 726
 776
 820
 791
 728
 728
 711
 746
 734
 765
 760
 752
 732
 709
 768
 773
 777
 728
 723
 777
 763
 721
 736
 753
 727
 704
 741
 709
 749
 718
 736
 720
 742
 723
 722
 724
 705
 707
 695
 725
 686
 686
 709
 743
 730
 718
 710
 782
 682
 699
 761
 717
 712
 682
 696
 710
 741
 693
 681
 708
 725
 683
 758
 713
 711
 718
 742
 704
 766
 686
 718
 697
 695
 730
 674
 636
 699
 698
 709
 672
 694
 659
 693
 702
 703
 655
 693
 657
 663
 711
 693
 675
 725
 634
 669
 635
 704
 696
 686
 674
 649
 689
 668
 686
 670
 678
 646
 695
 650
 642
 649
 743
 715
 628
 595
 679
 681
 647
 689
 683
 671
 692
 686
 678
 670
 685
 655
 671
 655
 688
 678
 635
 690
 639
 603
 622
 598
 644
 672
 701
 630
 638
 626
 641
 670
 636
 677
 651
 635
 640
 582
 630
 659
 660
 652
 634
 667
 633
 591
 665
 631
 641
 623
 624
 640
 654
 670
 652
 628
 667
 682
 619
 682
 661
 606
 670
 596
 648
 618
 645
 604
 647
 611
 605
 652
 612
 618
 622
 664
 636
 578
 632
 594
 589
 611
 644
 661
 652
 627
 604
 600
 633
 670
 599
 612
 609
 600
 591
 589
 604
 648
 609
 587
 638
 615
 630
 595
 612
 647
 594
 628
 627
 587
 619
 571
 584
 529
 660
 577
 622
 629
 609
 612
 590
 635
 654
 606
 560
 622
 601
 584
 634
 577
 643
 547
 585
 582
 587
 599
 629
 613
 604
 593
 574
 598
 618
 562
 640
 610
 573
 566
 605
 590
 542
 538
 605
 611
 600
 560
 626
 623
 575
 588
 594
 548
 570
 555
 590
 610
 553
 583
 536
 605
 578
 579
 652
 608
 574
 580
 603
 591
 590
 580
 566
 554
 558
 564
 601
 555
 565
 602
 590
 571
 558
 589
 574
 546
 606
 590
 579
 586
 599
 571
 560
 591
 575
 578
 662
 555
 593
 571
 580
 582
 584
 611
 645
 604
 519
 546
 583
 566
 616
 588
 529
 603
 564
 585
 599
 573
 603
 597
 604
 639
 609
 558
 583
 551
 557
 533
 586
 633
 584
 569
 607
 594
 590
 583
 601
 614
 591
 573
 620
 571
 612
 597
 610
 610
 583
 600
 585
 635
 539
 583
 539
 559
 565
 575
 554
 544
 531
 569
 573
 554
 578
 542
 545
 569
 555
 603
 570
 582
 541
 557
 579
 559
 563
 532
 519
 550
 543
 532
 536
 534
 616
 509
 538
 557
 567
 550
 524
 589
 558
 596
 563
 538
 584
 514
 556
 594
 522
 511
 559
 560
 535
 571
 548
 505
 524
 518
 529
 489
 506
 530
 481
 469
 486
 468
 457
 458
 447
 467
 456
 394
 410
 380
 383
 374
 405
 390
 397
 388
 365
 377
 376
 343
 383
 394
 361
 364
 422
 342
 349
 373
 367
 394
 361
 384
 344
 314
 339
 377
 356
 378
 382
 414
 380
 365
 365
 360
 371
 373
 343
 360
 337
 379
 360
 381
 349
 388
 371
 366
 344
 370
 375
 369
 373
 354
 369
 345
 342
 372
 344
 358
 346
 344
 376
 341
 322
 355
 332
 359
 341
 349
 346
 313
 341
 352
 366
 379
 322
 317
 340
 363
 319
 341
 365
 357
 323
 315
 310
 300
 334
 320
 337
 338
 393
 332
 350
 351
 326
 338
 362
 319
 328
 344
 348
 344
 309
 302
 323
 341
 338
 328
 331
 321
 314
 327
 331
 333
 319
 325
 336
 347
 288
 284
 330
 307
 336
 328
 298
 329
 323
 309
 348
 327
 334
 278
 333
 308
 318
 336
 307
 294
 319
 317
 328
 337
 286
 304
 289
 304
 337
 305
 298
 323
 274
 271
 296
 288
 322
 302
 306
 276
 306
 275
 295
 270
 305
 305
 306
 319
 323
 295
 309
 291
 292
 274
 279
 299
 289
 333
 291
 286
 286
 270
 301
 279
 255
 284
 297
 298
 294
 281
 291
 285
 287
 268
 304
 309
 289
 271
 258
 301
 279
 311
 266
 276
 270
 285
 289
 275
 261
 302
 275
 310
 299
 293
 267
 285
 251
 283
 265
 250
 267
 272
 272
 257
 250
 266
 270
 247
 291
 257
 276
 243
 251
 292
 276
 272
 281
 284
 238
 254
 266
 307
 253
 245
 266
 251
 283
 266
 235
 268
 256
 239
 279
 249
 254
 249
 243
 272
 251
 263
 263
 257
 254
 239
 253
 259
 262
 226
 261
 256
 239
 249
 238
 250
 244
 223
 243
 245
 236
 244
 241
 251
 248
 255
 257
 249
 256
 271
 212
 232
 251
 243
 214
 254
 255
 261
 252
 251
 222
 247
 224
 247
 234
 274
 231
 217
 228
 228
 242
 256
 237
 228
 223
 237
 236
 225
 219
 251
 238
 235
 227
 225
 226
 236
 225
 220
 230
 203
 219
 206
 225
 219
 218
 215
 207
 218
 230
 232
 223
 240
 215
 260
 220
 239
 222
 237
 225
 233
 237
 247
 198
 239
 224
 231
 248
 249
 213
 183
 260
 242
 225
 225
 215
 250
 209
 228
 206
 233
 234
 202
 225
 206
 203
 213
 213
 197
 243
 197
 224
 200
 218
 187
 226
 203
 229
 218
 176
 204
 221
 188
 213
 220
 217
 210
 252
 184
 220
 195
 208
 227
 207
 210
 229
 231
 206
 216
 216
 210
 217
 203
 202
 197
 188
 197
 210
 202
 191
 192
 182
 194
 199
 218
 220
 202
 212
 211
 214
 177
 194
 207
 192
 210
 172
 187
 211
 186
 214
 211
 181
 199
 179
 164
 184
 179
 187
 195
 195
 168
 189
 220
 163
 173
 166
 201
 157
 188
 175
 199
 153
 161
 205
 178
 168
 179
 204
 173
 162
 188
 192
 198
 172
 167
 192
 179
 191
 182
 158
 183
 172
 181
 176
 167
 144
 181
 161
 182
 195
 176
 183
 186
 173
 184
 159
 176
 153
 166
 167
 180
 131
 176
 151
 166
 133
 150
 154
 160
 164
 151
 148
 153
 154
 139
 164
 135
 153
 151
 171
 146
 155
 157
 157
 145
 152
 142
 146
 144
 161
 150
 119
 149
 160
 143
 151
 152
 169
 143
 146
 141
 146
 161
 163
 149
 145
 157
 168
 116
 155
 151
 132
 116
 124
 159
 137
 139
 135
 124
 122
 144
 131
 129
 116
 135
 122
 125
 111
 121
 124
 140
 137
 146
 138
 128
 112
 127
 139
 130
 115
 109
 110
 128
 105
 120
 133
 123
 110
 117
 130
 116
 110
 111
 111
 116
 113
 135
 113
 121
 105
 121
 120
 111
 105
 91
 130
 112
 102
 122
 101
 104
 106
 101
 106
 108
 113
 106
 100
 103
 104
 97
 104
 108
 85
 111
 84
 107
 120
 97
 98
 90
 88
 101
 90
 97
 106
 111
 87
 108
 94
 104
 102
 91
 98
 107
 92
 79
 85
 111
 82
 107
 79
 80
 83
 84
 90
 94
 88
 84
 75
 85
 104
 96
 85
 88
 97
 86
 93
 76
 83
 102
 82
 91
 86
 90
 93
 87
 86
 78
 82
 92
 95
 83
 78
 72
 95
 89
 77
 74
 81
 97
 96
 105
 76
 82
 86
 64
 76
 68
 82
 82
 75
 59
 79
 86
 75
 76
 90
 52
 65
 69
 77
 74
 82
 90
 73
 64
 75
 65
 76
 70
 64
 57
 62
 86
 77
 68
 69
 66
 75
 63
 70
 79
 56
 74
 58
 67
 64
 70
 59
 71
 67
 90
 61
 64
 67
 64
 54
 58
 62
 81
 82
 75
 57
 60
 59
 71
 67
 85
 67
 87
 55
 53
 65
 71
 73
 44
 73
 65
 50
 67
 60
 59
 51
 73
 53
 76
 70
 63
 74
 81
 60
 66
 73
 58
 59
 68
 61
 54
 55
 62
 62
 62
 59
 60
 69
 63
 51
 56
 70
 62
 56
 63
 73
 61
 63
 66
 68
 62
 56
 68
 58
 56
 50
 50
 52
 48
 65
 65
 60
 59
 58
 49
 54
 72
 62
 63
 47
 64
 56
 68
 60
 55
 55
 51
 65
 57
 58
 49
 49
 50
 57
 54
 45
 57
 42
 43
 48
 56
 56
 59
 53
 56
 55
 65
 64
 57
 48
 57
 53
 58
 50
 35
 52
 51
 49
 59
 62
 40
 59
 49
 54
 56
 60
 60
 53
 67
 56
 58
 60
 48
 62
 69
 61
 52
 53
 44
 47
 61
 61
 52
 35
 48
 57
 51
 42
 59
 45
 51
 39
 61
 56
 64
 46
 53
 47
 62
 47
 49
 62
 53
 49
 53
 43
 47
 27
 47
 47
 52
 54
 57
 49
 47
 56
 55
 47
 52
 40
 46
 46
 58
 45
 51
 41
 54
 55
 47
 49
 41
 46
 43
 39
 33
 43
 48
 49
 44
 48
 48
 50
 52
 44
 46
 67
 44
 48
 44
 54
 62
 58
 58
 47
 45
 33
 46
 51
 52
 55
 34
 53
 49
 49
 46
 37
 40
 44
 34
 39
 45
 40
 45
 46
 32
 37
 39
 40
 43
 60
 54
 44
 41
 45
 44
 31
 49
 45
 40
 43
 30
 51
 33
 56
 34
 41
 49
 37
 35
 54
 36
 37
 49
 34
 43
 41
 38
 40
 40
 42
 50
 46
 41
 49
 30
 38
 45
 44
 31
 30
 34
 51
 26
 33
 38
 49
 31
 37
 46
 27
 40
 44
 44
 34
 38
 44
 35
 55
 44
 36
 37
 49
 43
 31
 37
 42
 43
 38
 37
 33
 49
 33
 24
 35
 42
 35
 43
 41
 41
 41
 51
 30
 32
 43
 37
 42
 46
 36
 44
 31
 35
 41
 37
 45
 26
 39
 33
 50
 39
 41
 40
 36
 32
 33
 44
 37
 34
 35
 41
 28
 34
 36
 27
 31
 50
 32
 45
 34
 30
 40
 42
 31
 40
 38
 33
 31
 28
 40
 27
 37
 32
 29
 42
 42
 38
 39
 29
 33
 28
 31
 33
 43
 31
 26
 38
 34
 38
 28
 28
 35
 36
 34
 26
 29
 34
 30
 34
 20
 31
 40
 22
 31
 38
 27
 35
 36
 42
 29
 35
 31
 26
 37
 36
 36
 41
 33
 52
 32
 30
 31
 30
 28
 27
 33
 39
 30
 35
 20
 31
 35
 32
 26
 35
 37
 31
 33
 32
 29
 41
 41
 28
 26
 29
 35
 32
 21
 33
 39
 35
 31
 35
 37
 32
 22
 32
 32
 31
 33
 25
 26
 25
 35
 26
 29
 26
 22
 28
 28
 22
 21
 31
 26
 37
 37
 33
 24
 23
 22
 20
 15
 30
 27
 21
 36
 22
 18
 20
 38
 25
 31
 23
 33
 29
 25
 28
 27
 25
 30
 20
 22
 29
 24
 31
 19
 29
 32
 36
 21
 33
 28
 25
 32
 10
 34
 22
 24
 16
 18
 24
 23
 16
 15
 19
 25
 26
 19
 32
 28
 20
 28
 28
 10
 18
 24
 27
 29
 21
 25
 27
 30
 32
 19
 24
 25
 20
 18
 23
 30
 23
 34
 24
 31
 18
 34
 19
 16
 25
 22
 23
 21
 27
 21
 28
 22
 25
 29
 18
 25
 20
 34
 25
 32
 17
 26
 23
 18
 31
 23
 27
 24
 24
 21
 21
 18
 24
 20
 15
 21
 29
 27
 23
 26
 21
 23
 10
 19
 18
 14
 22
 19
 19
 18
 20
 31
 26
 20
 19
 23
 28
 22
 27
 22
 19
 32
 21
 13
 18
 23
 18
 12
 19
 25
 16
 13
 16
 17
 19
 19
 23
 18
 20
 24
 23
 25
 21
 20
 22
 16
 22
 13
 22
 20
 17
 20
 26
 20
 19
 27
 15
 22
 26
 24
 20
 24
 23
 14
 18
 15
 19
 20
 19
 16
 20
 19
 23
 18
 13
 16
 12
 22
 10
 21
 12
 18
 21
 14
 22
 15
 22
 18
 16
 17
 8
 19
 16
 17
 15
 13
 21
 17
 17
 18
 19
 13
 11
 21
 19
 17
 20
 11
 15
 18
 14
 29
 17
 15
 18
 21
 18
 16
 9
 14
 11
 16
 20
 16
 9
 14
 21
 21
 16
 20
 17
 12
 20
 15
 12
 16
 15
 21
 17
 14
 14
 14
 21
 17
 17
 21
 13
 17
 11
 15
 20
 26
 12
 18
 18
 13
 7
 16
 22
 15
 16
 11
 16
 17
 12
 11
 14
 24
 10
 17
 15
 13
 12
 16
 13
 16
 17
 15
 12
 11
 13
 12
 13
 15
 11
 12
 15
 13
 13
 19
 11
 16
 14
 11
 17
 18
 10
 12
 12
 16
 15
 12
 20
 11
 15
 18
 16
 12
 10
 15
 14
 14
 14
 20
 14
 15
 15
 9
 17
 9
 4
 18
 12
 16
 12
 13
 11
 14
 9
 8
 7
 8
 13
 20
 11
 15
 9
 19
 12
 16
 12
 13
 19
 15
 10
 14
 7
 13
 14
 13
 12
 5
 14
 14
 12
 11
 15
 11
 5
 9
 11
 15
 12
 9
 7
 14
 16
 10
 22
 17
 11
 13
 9
 9
 14
 9
 8
 10
 11
 17
 10
 15
 8
 16
 15
 16
 14
 12
 4
 11
 10
 11
 11
 9
 10
 13
 10
 13
 15
 16
 14
 15
 15
 12
 9
 9
 13
 18
 17
 10
 14
 16
 8
 9
 8
 14
 16
 13
 15
 12
 13
 12
 9
 12
 11
 16
 9
 10
 9
 9
 6
 11
 13
 15
 11
 15
 17
 15
 11
 13
 10
 8
 11
 4
 11
 10
 11
 9
 7
 11
 10
 12
 11
 8
 15
 12
 13
 13
 16
 11
 14
 12
 10
 8
 10
 10
 8
 18
 8
 9
 14
 10
 7
 13
 11
 10
 8
 9
 10
 15
 10
 8
 7
 10
 8
 11
 14
 16
 8
 13
 14
 14
 10
 6
 10
 12
 19
 9
 14
 12
 14
 5
 11
 11
 12
 11
 9
 8
 12
 11
 9
 10
 14
 7
 14
 14
 10
 9
 8
 9
 12
 16
 9
 11
 14
 8
 12
 5
 5
 10
 9
 9
 9
 13
 8
 12
 11
 12
 11
 8
 11
 12
 5
 12
 8
 18
 11
 3
 9
 10
 13
 11
 9
 5
 8
