VERSION:    3.1
ELEMENTS:              1
DATE:       MAR 11, 2010 06:03:42.644
CHANNELS:           4000
ROIS:        0
REAL_TIME:   464.4299927
LIVE_TIME:   400.6000061
CAL_OFFSET:  8.8112198e-002
CAL_SLOPE:   3.1493530e-002
CAL_QUAD:    0.0000000e+000
TWO_THETA:   9.9946346
DATA: 
 0
 0
 0
 0
 0
 0
 0
 0
 0
 0
 0
 0
 0
 0
 0
 0
 0
 0
 0
 0
 0
 0
 0
 0
 0
 0
 0
 0
 0
 0
 0
 0
 0
 0
 0
 0
 0
 0
 0
 0
 0
 0
 0
 0
 0
 0
 0
 0
 0
 0
 0
 0
 0
 0
 0
 0
 0
 0
 0
 0
 0
 0
 0
 0
 0
 0
 0
 0
 0
 0
 0
 70
 115
 109
 104
 116
 125
 139
 104
 102
 118
 97
 111
 133
 113
 112
 127
 98
 105
 116
 106
 121
 104
 121
 133
 132
 125
 112
 107
 103
 121
 110
 127
 121
 118
 137
 113
 111
 105
 128
 88
 119
 122
 110
 126
 130
 128
 119
 101
 129
 125
 113
 119
 111
 128
 114
 123
 129
 110
 108
 119
 127
 138
 125
 124
 110
 110
 135
 139
 127
 143
 131
 136
 123
 122
 130
 130
 130
 124
 136
 137
 142
 133
 154
 152
 143
 116
 144
 132
 130
 144
 119
 132
 144
 141
 128
 149
 133
 136
 145
 122
 133
 131
 165
 143
 131
 117
 153
 163
 146
 143
 165
 157
 149
 167
 141
 156
 157
 127
 130
 170
 138
 157
 142
 148
 144
 175
 131
 154
 150
 138
 160
 149
 183
 126
 139
 162
 165
 159
 155
 132
 167
 160
 158
 135
 167
 171
 132
 191
 144
 163
 165
 166
 134
 144
 170
 142
 153
 160
 171
 155
 168
 177
 166
 167
 147
 168
 191
 157
 171
 174
 177
 186
 146
 140
 165
 171
 196
 176
 155
 170
 176
 154
 182
 182
 156
 163
 159
 182
 169
 149
 173
 161
 158
 173
 193
 179
 186
 162
 180
 183
 164
 175
 166
 175
 174
 205
 167
 182
 153
 181
 186
 192
 170
 174
 163
 185
 201
 164
 153
 180
 160
 186
 174
 183
 183
 172
 163
 180
 180
 190
 205
 182
 193
 191
 174
 176
 187
 177
 184
 176
 173
 188
 178
 178
 166
 182
 170
 185
 203
 155
 167
 185
 168
 201
 199
 163
 185
 165
 184
 180
 183
 213
 193
 196
 192
 184
 186
 217
 193
 193
 210
 181
 200
 177
 211
 210
 171
 186
 183
 191
 210
 190
 198
 189
 214
 210
 183
 203
 205
 195
 172
 207
 203
 199
 203
 198
 207
 207
 182
 163
 184
 205
 215
 212
 191
 211
 219
 187
 209
 176
 208
 222
 192
 191
 232
 205
 213
 206
 192
 218
 206
 214
 206
 194
 210
 199
 226
 225
 220
 199
 189
 222
 234
 220
 191
 219
 213
 198
 215
 206
 228
 221
 179
 218
 212
 212
 240
 228
 207
 213
 226
 232
 220
 228
 208
 228
 217
 214
 189
 216
 206
 227
 225
 215
 217
 233
 222
 236
 214
 246
 216
 231
 219
 237
 229
 254
 249
 247
 216
 229
 230
 229
 264
 231
 233
 248
 249
 260
 238
 236
 259
 221
 265
 240
 261
 224
 255
 264
 240
 253
 258
 265
 242
 272
 240
 263
 304
 274
 271
 304
 309
 276
 288
 272
 292
 250
 288
 283
 321
 341
 310
 331
 379
 380
 370
 339
 324
 395
 374
 359
 365
 369
 363
 325
 343
 343
 339
 327
 337
 349
 334
 379
 320
 357
 321
 329
 351
 344
 383
 380
 392
 371
 360
 365
 342
 363
 358
 395
 420
 372
 416
 439
 413
 414
 427
 428
 406
 405
 409
 409
 428
 421
 411
 437
 442
 473
 464
 479
 506
 515
 519
 526
 567
 489
 525
 543
 496
 543
 469
 483
 453
 528
 505
 488
 500
 504
 527
 472
 513
 499
 537
 546
 564
 555
 512
 523
 508
 540
 589
 531
 575
 569
 552
 589
 581
 535
 539
 611
 542
 565
 614
 583
 587
 591
 582
 600
 607
 584
 664
 597
 633
 583
 663
 653
 622
 637
 664
 620
 627
 673
 625
 678
 636
 666
 655
 716
 720
 673
 716
 717
 702
 709
 646
 704
 753
 662
 758
 734
 735
 720
 736
 745
 744
 732
 760
 726
 753
 768
 773
 768
 771
 784
 764
 879
 781
 785
 806
 784
 818
 831
 842
 794
 812
 852
 799
 833
 855
 813
 827
 866
 886
 820
 865
 835
 884
 852
 934
 891
 952
 884
 881
 926
 852
 894
 847
 931
 854
 945
 895
 918
 912
 916
 940
 914
 884
 1000
 961
 959
 995
 965
 952
 938
 954
 1048
 946
 996
 1032
 1002
 992
 993
 1014
 981
 998
 980
 1010
 1014
 1007
 1022
 1010
 1082
 1058
 1065
 1056
 1031
 1063
 1032
 1123
 1131
 1106
 1075
 1093
 1067
 1088
 1101
 1069
 1073
 1129
 1109
 1152
 1136
 1141
 1097
 1169
 1056
 1136
 1217
 1144
 1096
 1119
 1095
 1141
 1092
 1163
 1194
 1129
 1139
 1198
 1182
 1164
 1135
 1142
 1178
 1186
 1213
 1161
 1231
 1205
 1228
 1213
 1192
 1176
 1232
 1237
 1187
 1242
 1231
 1281
 1240
 1190
 1214
 1242
 1272
 1236
 1266
 1252
 1273
 1235
 1242
 1320
 1243
 1314
 1248
 1268
 1243
 1281
 1206
 1300
 1268
 1336
 1287
 1365
 1330
 1268
 1316
 1233
 1328
 1279
 1318
 1358
 1258
 1305
 1367
 1324
 1375
 1414
 1317
 1363
 1310
 1410
 1306
 1373
 1407
 1367
 1379
 1398
 1415
 1345
 1359
 1401
 1370
 1441
 1418
 1421
 1438
 1453
 1514
 1439
 1367
 1386
 1406
 1410
 1459
 1408
 1372
 1413
 1432
 1439
 1473
 1428
 1482
 1493
 1435
 1503
 1447
 1402
 1405
 1424
 1448
 1505
 1436
 1449
 1444
 1523
 1531
 1553
 1507
 1472
 1477
 1411
 1447
 1495
 1511
 1508
 1519
 1539
 1476
 1567
 1549
 1564
 1463
 1559
 1551
 1487
 1433
 1533
 1568
 1569
 1527
 1477
 1594
 1483
 1575
 1535
 1534
 1627
 1564
 1523
 1543
 1505
 1575
 1581
 1547
 1553
 1572
 1653
 1537
 1532
 1554
 1596
 1600
 1551
 1566
 1609
 1608
 1601
 1600
 1565
 1591
 1618
 1512
 1680
 1620
 1522
 1614
 1651
 1590
 1595
 1636
 1537
 1674
 1751
 1606
 1587
 1605
 1654
 1659
 1652
 1635
 1616
 1620
 1630
 1701
 1696
 1681
 1621
 1686
 1647
 1632
 1632
 1616
 1672
 1728
 1729
 1677
 1756
 1638
 1683
 1674
 1651
 1672
 1685
 1763
 1695
 1692
 1737
 1648
 1666
 1681
 1685
 1706
 1743
 1749
 1745
 1674
 1662
 1747
 1698
 1734
 1801
 1814
 1621
 1719
 1732
 1751
 1721
 1688
 1816
 1713
 1779
 1714
 1767
 1761
 1785
 1682
 1776
 1739
 1776
 1757
 1796
 1759
 1709
 1696
 1738
 1761
 1738
 1760
 1798
 1816
 1832
 1714
 1769
 1808
 1740
 1716
 1765
 1771
 1855
 1757
 1922
 1694
 1787
 1756
 1811
 1858
 1870
 1840
 1802
 1806
 1869
 1805
 1788
 1899
 1841
 1829
 1802
 1861
 1831
 1831
 1856
 1784
 1866
 1828
 1868
 1777
 1883
 1784
 1785
 1814
 1837
 1804
 1843
 1812
 1807
 1870
 1823
 1833
 1910
 1782
 1851
 1819
 1846
 1888
 1897
 1863
 1909
 1874
 1832
 1841
 1820
 1941
 1882
 1818
 1905
 1856
 1834
 1934
 1861
 1865
 1840
 1906
 1922
 1884
 1942
 1930
 1794
 1894
 1962
 1856
 1873
 1844
 1953
 1956
 1876
 1878
 1937
 1966
 1960
 1819
 1899
 1928
 1941
 1971
 1983
 1874
 1910
 1888
 1932
 1928
 1884
 1918
 1908
 1995
 1982
 1962
 1988
 1999
 1999
 1911
 1884
 1907
 1939
 1975
 1904
 1945
 1967
 1921
 1998
 1916
 2031
 1955
 2031
 1960
 1997
 1985
 1958
 1988
 1949
 2026
 1985
 1982
 2003
 1988
 1940
 1912
 2023
 2022
 1938
 1994
 1990
 2058
 1971
 2047
 1990
 1908
 1993
 1897
 2001
 1976
 1973
 1987
 2084
 1967
 1996
 1976
 1995
 1939
 1995
 2014
 2013
 2097
 2019
 2069
 2005
 2096
 1981
 2071
 2012
 2065
 2017
 2061
 2000
 2027
 2037
 2003
 1957
 2018
 2047
 1985
 2060
 2046
 1913
 2056
 2043
 2022
 2099
 2114
 2038
 1975
 2011
 2028
 2041
 1967
 2014
 1997
 2083
 2071
 2065
 2107
 2015
 2081
 1995
 1934
 2095
 2053
 1993
 2040
 2070
 2045
 2094
 2079
 2136
 2081
 2098
 2054
 1989
 2082
 2043
 2094
 2048
 2115
 2065
 2086
 2088
 2079
 2066
 2174
 2189
 2077
 2042
 2007
 2052
 2086
 2074
 2133
 2094
 2043
 2041
 2106
 2060
 1977
 2099
 2094
 2137
 2073
 2066
 2089
 2124
 2108
 2075
 2049
 2124
 2087
 2092
 2046
 2097
 2124
 2132
 2046
 2131
 2110
 2020
 2009
 2204
 2095
 2095
 2067
 2029
 2147
 2110
 2036
 2144
 2134
 2179
 2105
 2115
 2153
 2069
 2149
 2134
 2187
 2125
 2165
 2073
 2189
 2035
 2150
 2090
 2116
 2117
 2125
 2146
 2073
 2089
 2131
 2061
 2018
 2005
 2153
 2055
 2063
 2177
 2143
 2137
 2240
 2198
 2202
 2085
 2129
 2163
 2146
 2172
 2099
 2147
 2141
 2107
 2171
 2019
 2190
 2166
 2119
 2100
 2133
 2089
 2112
 2086
 2122
 2182
 2137
 2076
 2098
 2107
 2119
 2231
 2102
 2148
 2115
 2173
 2213
 2141
 2184
 2047
 2189
 2192
 2096
 2087
 2086
 2149
 2167
 2138
 2103
 2153
 2090
 2103
 2171
 2090
 2105
 2097
 2099
 2165
 2137
 2186
 2092
 2183
 2204
 2159
 2143
 2181
 2133
 2159
 2098
 2093
 2174
 2109
 2058
 2106
 2159
 2131
 2165
 2121
 2222
 2195
 2141
 2093
 2102
 2124
 2098
 2192
 2137
 2097
 2161
 2181
 2132
 2102
 2138
 2074
 2113
 2207
 2169
 2170
 2095
 2129
 2191
 2163
 2174
 2129
 2165
 2145
 2201
 2256
 2271
 2214
 2168
 2149
 2242
 2162
 2145
 2192
 2156
 2193
 2161
 2232
 2281
 2161
 2237
 2215
 2202
 2200
 2162
 2182
 2247
 2202
 2134
 2213
 2220
 2088
 2118
 2261
 2160
 2164
 2183
 2146
 2135
 2217
 2175
 2200
 2152
 2203
 2155
 2271
 2193
 2092
 2169
 2216
 2236
 2222
 2156
 2124
 2142
 2128
 2177
 2113
 2124
 2100
 2187
 2126
 2171
 2151
 2216
 2122
 2182
 2041
 2090
 2122
 2084
 2064
 2115
 2141
 2156
 2081
 2157
 2075
 2086
 2113
 2086
 2100
 2060
 2085
 2124
 2171
 2069
 2061
 2009
 2117
 2123
 2093
 2064
 2103
 2101
 2009
 2162
 1972
 2092
 2034
 2086
 1982
 2099
 2091
 2098
 2086
 2081
 2066
 2028
 2148
 2030
 2078
 2087
 2045
 2059
 2162
 2048
 2000
 2005
 2128
 2066
 1997
 2043
 2060
 1995
 2157
 1970
 2027
 1975
 1963
 2053
 2070
 2082
 2037
 2044
 2065
 2012
 1995
 2055
 1972
 2058
 1991
 1957
 1974
 2050
 2119
 1974
 1986
 2037
 2028
 2008
 1921
 2079
 2140
 1965
 2000
 1951
 1985
 1963
 1945
 1953
 2009
 1965
 1935
 2091
 1982
 1922
 2030
 2021
 2046
 1926
 2009
 2023
 1996
 2034
 2007
 2014
 1990
 2001
 1894
 1980
 1982
 1944
 1967
 1970
 2013
 1980
 1974
 1932
 1928
 1980
 1926
 1962
 1984
 1967
 1979
 2052
 1925
 1962
 1954
 2022
 1882
 1955
 2019
 1929
 1976
 1936
 1912
 1940
 1955
 1933
 1944
 1929
 1938
 1995
 1915
 1884
 1884
 1912
 1959
 1878
 1914
 2004
 1849
 1901
 1996
 1970
 2020
 1948
 1890
 1936
 1891
 1989
 1862
 1893
 1868
 1942
 1874
 1924
 1881
 1863
 1980
 1947
 1913
 1950
 2040
 1890
 1809
 1940
 1892
 1854
 1899
 1834
 1884
 1842
 1943
 1953
 1882
 1986
 1904
 1894
 1888
 1855
 1892
 1881
 1906
 1877
 1911
 1795
 1892
 1900
 1872
 1923
 1876
 1889
 1878
 1833
 1854
 1808
 1807
 1862
 1876
 1926
 1884
 1841
 1837
 1858
 1850
 1916
 1824
 1821
 1798
 1854
 1927
 1835
 1978
 1883
 1866
 1886
 1944
 1790
 1833
 1823
 1813
 1886
 1872
 1906
 1859
 1812
 1875
 1800
 1873
 1873
 1836
 1888
 1805
 1852
 1893
 1833
 1887
 1852
 1799
 1862
 1872
 1811
 1902
 1836
 1856
 1872
 1806
 1890
 1869
 1816
 1792
 1817
 1847
 1865
 1748
 1909
 1772
 1790
 1902
 1903
 1791
 1882
 1854
 1812
 1868
 1858
 1842
 1890
 1751
 1796
 1848
 1870
 1844
 1829
 1838
 1877
 1842
 1820
 1812
 1786
 1783
 1809
 1849
 1824
 1793
 1815
 1820
 1857
 1770
 1848
 1744
 1835
 1838
 1831
 1792
 1800
 1850
 1807
 1738
 1794
 1831
 1783
 1784
 1738
 1849
 1842
 1837
 1836
 1808
 1858
 1751
 1777
 1818
 1802
 1854
 1822
 1791
 1742
 1782
 1708
 1783
 1795
 1806
 1817
 1899
 1778
 1732
 1750
 1777
 1719
 1751
 1856
 1726
 1744
 1847
 1743
 1852
 1802
 1782
 1766
 1804
 1838
 1787
 1756
 1792
 1818
 1832
 1773
 1732
 1838
 1788
 1898
 1880
 1794
 1817
 1794
 1792
 1816
 1873
 1866
 1825
 1845
 1793
 1914
 1921
 1874
 1892
 1830
 1888
 1799
 1842
 1862
 1851
 1865
 1919
 1903
 1932
 1881
 1865
 1895
 1862
 1909
 1797
 1903
 1782
 1873
 1824
 1819
 1850
 1760
 1794
 1810
 1843
 1884
 1882
 1808
 1850
 1806
 1811
 1790
 1788
 1823
 1824
 1821
 1847
 1788
 1866
 1804
 1798
 1816
 1765
 1875
 1809
 1814
 1787
 1788
 1863
 1855
 1806
 1724
 1809
 1846
 1854
 1850
 1756
 1820
 1930
 1870
 1826
 1787
 1801
 1760
 1795
 1841
 1875
 1766
 1822
 1707
 1787
 1741
 1698
 1801
 1710
 1785
 1762
 1763
 1799
 1814
 1756
 1720
 1761
 1771
 1771
 1801
 1766
 1791
 1800
 1756
 1759
 1711
 1799
 1882
 1788
 1805
 1681
 1701
 1756
 1784
 1809
 1835
 1752
 1775
 1766
 1728
 1719
 1733
 1769
 1698
 1763
 1746
 1796
 1730
 1778
 1789
 1801
 1764
 1770
 1742
 1776
 1775
 1776
 1837
 1802
 1790
 1752
 1804
 1819
 1743
 1727
 1760
 1690
 1833
 1768
 1765
 1794
 1792
 1732
 1762
 1694
 1789
 1792
 1750
 1839
 1866
 1836
 1803
 1802
 1837
 1771
 1789
 1816
 1787
 1788
 1798
 1793
 1776
 1769
 1811
 1797
 1747
 1803
 1765
 1796
 1822
 1786
 1811
 1839
 1845
 1910
 1823
 1839
 1865
 1910
 1788
 1781
 1775
 1838
 1770
 1855
 1856
 1855
 1814
 1862
 1828
 1879
 1815
 1908
 1837
 1895
 1766
 1807
 1886
 1861
 1891
 1861
 1797
 1865
 1908
 1859
 1867
 1731
 1896
 1829
 1824
 1903
 1784
 1881
 1851
 1886
 1821
 1832
 1851
 1828
 1930
 1826
 1903
 1789
 1839
 1851
 1910
 1846
 1746
 1789
 1867
 1887
 1797
 1885
 1806
 1843
 1768
 1843
 1856
 1929
 1907
 1896
 1834
 1797
 1861
 1842
 1835
 1848
 1808
 1872
 1849
 1844
 1887
 1916
 1851
 1808
 1858
 1901
 1890
 1896
 1840
 1822
 1857
 1837
 1832
 1831
 1802
 1907
 1814
 1861
 1923
 1797
 1872
 1856
 1862
 1780
 1896
 1906
 1822
 1936
 1837
 1835
 1845
 1942
 1854
 1955
 1961
 1806
 1848
 1805
 1868
 1861
 1932
 1876
 1827
 1859
 1884
 1849
 1914
 1829
 1878
 1872
 1869
 1852
 1840
 1856
 1844
 1938
 1834
 1963
 1825
 1875
 1805
 1922
 1872
 1900
 1944
 1860
 1956
 1905
 1945
 1926
 1917
 1954
 1957
 1896
 1910
 1881
 1807
 1934
 1880
 1856
 1862
 1869
 1890
 1895
 1809
 1931
 1933
 1928
 1920
 1911
 1889
 1816
 1878
 1835
 1834
 1838
 1762
 1773
 1728
 1637
 1635
 1713
 1593
 1617
 1609
 1576
 1549
 1478
 1514
 1569
 1485
 1404
 1532
 1470
 1496
 1514
 1532
 1443
 1483
 1458
 1530
 1483
 1440
 1497
 1480
 1523
 1515
 1445
 1453
 1500
 1532
 1454
 1400
 1524
 1465
 1475
 1528
 1396
 1485
 1443
 1487
 1417
 1420
 1426
 1396
 1454
 1414
 1317
 1464
 1396
 1404
 1381
 1493
 1406
 1451
 1443
 1461
 1466
 1376
 1435
 1440
 1388
 1341
 1394
 1486
 1363
 1455
 1326
 1383
 1487
 1389
 1344
 1391
 1383
 1386
 1451
 1388
 1421
 1378
 1401
 1359
 1376
 1388
 1375
 1365
 1351
 1413
 1402
 1386
 1350
 1350
 1394
 1408
 1409
 1390
 1413
 1392
 1387
 1347
 1349
 1425
 1419
 1456
 1438
 1403
 1421
 1336
 1444
 1377
 1409
 1436
 1378
 1380
 1397
 1394
 1456
 1495
 1409
 1421
 1401
 1431
 1433
 1455
 1417
 1410
 1369
 1436
 1400
 1439
 1391
 1394
 1416
 1356
 1385
 1400
 1368
 1396
 1404
 1383
 1337
 1341
 1361
 1431
 1386
 1409
 1435
 1414
 1392
 1370
 1490
 1358
 1414
 1397
 1459
 1383
 1417
 1480
 1356
 1395
 1422
 1369
 1399
 1350
 1392
 1365
 1348
 1419
 1353
 1361
 1422
 1390
 1388
 1393
 1418
 1387
 1368
 1351
 1464
 1406
 1368
 1395
 1440
 1388
 1346
 1374
 1433
 1400
 1380
 1456
 1352
 1394
 1426
 1443
 1414
 1392
 1362
 1422
 1452
 1382
 1407
 1473
 1371
 1453
 1461
 1449
 1468
 1453
 1506
 1452
 1462
 1474
 1445
 1465
 1481
 1533
 1451
 1470
 1528
 1481
 1469
 1460
 1497
 1420
 1455
 1429
 1431
 1461
 1458
 1396
 1433
 1434
 1348
 1381
 1327
 1434
 1487
 1457
 1393
 1397
 1403
 1385
 1394
 1339
 1403
 1416
 1349
 1369
 1407
 1358
 1359
 1452
 1421
 1400
 1366
 1335
 1422
 1407
 1406
 1388
 1372
 1324
 1285
 1370
 1394
 1450
 1318
 1357
 1371
 1398
 1348
 1369
 1363
 1393
 1405
 1385
 1358
 1364
 1330
 1376
 1369
 1407
 1404
 1365
 1337
 1359
 1362
 1378
 1311
 1339
 1399
 1388
 1384
 1355
 1381
 1349
 1388
 1402
 1373
 1340
 1303
 1388
 1278
 1315
 1378
 1367
 1371
 1374
 1326
 1367
 1331
 1319
 1410
 1376
 1314
 1376
 1360
 1352
 1319
 1401
 1311
 1307
 1319
 1360
 1329
 1315
 1372
 1353
 1395
 1343
 1305
 1312
 1274
 1350
 1289
 1405
 1331
 1382
 1425
 1336
 1299
 1316
 1314
 1324
 1321
 1338
 1355
 1284
 1331
 1313
 1369
 1295
 1310
 1323
 1338
 1284
 1293
 1288
 1312
 1351
 1271
 1333
 1314
 1310
 1295
 1300
 1292
 1297
 1286
 1260
 1290
 1243
 1277
 1331
 1289
 1346
 1266
 1254
 1279
 1267
 1223
 1307
 1281
 1316
 1227
 1305
 1238
 1308
 1261
 1226
 1308
 1249
 1260
 1241
 1298
 1323
 1268
 1319
 1234
 1233
 1195
 1264
 1245
 1223
 1230
 1267
 1243
 1300
 1271
 1277
 1238
 1297
 1251
 1226
 1214
 1203
 1237
 1204
 1250
 1239
 1322
 1223
 1275
 1239
 1199
 1235
 1200
 1224
 1265
 1200
 1223
 1147
 1206
 1143
 1185
 1248
 1152
 1221
 1209
 1239
 1208
 1227
 1221
 1217
 1136
 1217
 1169
 1215
 1196
 1155
 1192
 1255
 1168
 1193
 1188
 1232
 1183
 1177
 1117
 1175
 1103
 1174
 1193
 1130
 1093
 1090
 1143
 1162
 1171
 1162
 1218
 1201
 1144
 1155
 1108
 1195
 1148
 1109
 1140
 1095
 1171
 1090
 1112
 1094
 1168
 1160
 1111
 1123
 1105
 1066
 1139
 1133
 1066
 1034
 1122
 1109
 1091
 1060
 1090
 1127
 1091
 1113
 1060
 1141
 1038
 1028
 1146
 1072
 1115
 1054
 1014
 1098
 1048
 1059
 1128
 1031
 1055
 1060
 1002
 1009
 1116
 1065
 1018
 1033
 1083
 1039
 1040
 1083
 1047
 973
 1019
 1021
 1031
 979
 1044
 1039
 1005
 1002
 995
 1040
 951
 1089
 1002
 1005
 1014
 1027
 1040
 1020
 998
 983
 1000
 1013
 921
 948
 1005
 972
 1034
 986
 978
 916
 921
 987
 980
 912
 987
 972
 932
 958
 978
 937
 1006
 922
 943
 963
 964
 914
 970
 959
 961
 950
 982
 938
 915
 923
 977
 923
 884
 969
 900
 940
 900
 936
 919
 876
 971
 916
 901
 907
 859
 944
 882
 868
 894
 916
 917
 895
 872
 852
 857
 887
 899
 881
 903
 862
 883
 875
 846
 861
 867
 870
 918
 856
 895
 854
 843
 898
 848
 841
 828
 874
 862
 820
 819
 849
 890
 767
 818
 814
 853
 826
 786
 859
 824
 775
 842
 847
 777
 843
 834
 816
 805
 793
 772
 765
 793
 808
 795
 763
 788
 766
 809
 784
 826
 691
 790
 807
 780
 805
 762
 785
 763
 772
 792
 761
 740
 747
 737
 726
 766
 788
 720
 766
 682
 707
 709
 728
 793
 691
 704
 663
 708
 725
 730
 676
 663
 710
 662
 705
 727
 672
 742
 657
 687
 717
 705
 760
 687
 659
 694
 667
 678
 688
 658
 674
 715
 642
 723
 672
 637
 683
 703
 652
 628
 706
 662
 652
 617
 641
 638
 636
 680
 696
 667
 672
 652
 663
 669
 627
 629
 609
 626
 608
 628
 623
 620
 603
 620
 598
 581
 661
 645
 671
 642
 623
 655
 593
 606
 573
 651
 541
 601
 611
 619
 600
 624
 549
 599
 600
 568
 589
 558
 578
 599
 553
 546
 583
 616
 542
 589
 582
 592
 553
 557
 540
 556
 558
 554
 559
 564
 536
 549
 551
 524
 563
 526
 551
 504
 557
 537
 526
 515
 525
 492
 539
 552
 555
 483
 586
 540
 520
 511
 505
 513
 501
 575
 538
 484
 478
 496
 499
 497
 511
 511
 494
 516
 509
 456
 493
 496
 475
 522
 469
 528
 485
 465
 495
 465
 485
 494
 495
 462
 477
 467
 446
 489
 499
 518
 474
 462
 485
 455
 449
 483
 473
 472
 504
 447
 484
 487
 448
 474
 460
 492
 445
 440
 419
 446
 420
 471
 450
 455
 446
 434
 424
 467
 434
 416
 473
 427
 433
 452
 415
 443
 447
 449
 425
 442
 433
 437
 390
 417
 421
 430
 409
 412
 418
 403
 428
 428
 399
 451
 392
 413
 405
 396
 404
 412
 389
 393
 382
 411
 381
 368
 411
 409
 450
 391
 379
 397
 388
 350
 352
 407
 376
 399
 390
 376
 384
 411
 384
 368
 379
 399
 373
 342
 379
 378
 387
 370
 394
 383
 375
 345
 387
 399
 384
 349
 386
 348
 343
 372
 368
 327
 358
 344
 349
 340
 327
 400
 371
 348
 340
 350
 358
 323
 313
 327
 325
 351
 313
 345
 342
 342
 338
 346
 342
 339
 336
 333
 328
 297
 316
 318
 312
 312
 294
 323
 326
 351
 320
 336
 305
 290
 321
 296
 309
 310
 322
 326
 296
 332
 300
 311
 335
 293
 300
 324
 323
 275
 287
 317
 299
 317
 299
 316
 271
 303
 293
 308
 324
 304
 281
 303
 312
 266
 291
 346
 307
 312
 285
 314
 307
 285
 323
 277
 301
 268
 282
 303
 305
 311
 297
 284
 301
 321
 281
 289
 289
 310
 273
 263
 306
 300
 295
 267
 268
 326
 295
 320
 328
 315
 281
 304
 268
 286
 290
 292
 323
 286
 268
 293
 312
 284
 327
 322
 326
 310
 299
 336
 352
 324
 347
 321
 343
 298
 319
 314
 317
 361
 346
 346
 350
 337
 357
 354
 343
 359
 359
 380
 395
 373
 388
 388
 430
 385
 404
 427
 415
 432
 408
 483
 436
 457
 426
 424
 456
 445
 504
 467
 492
 439
 488
 480
 469
 500
 528
 517
 537
 501
 535
 498
 544
 549
 527
 572
 555
 504
 522
 512
 536
 562
 577
 503
 484
 564
 537
 525
 578
 553
 553
 538
 493
 535
 524
 520
 529
 573
 575
 577
 621
 627
 635
 635
 690
 733
 712
 807
 765
 772
 873
 876
 904
 880
 907
 916
 913
 903
 930
 935
 842
 889
 900
 871
 862
 871
 805
 780
 754
 734
 749
 715
 676
 636
 526
 545
 518
 510
 467
 400
 410
 413
 343
 351
 323
 295
 306
 286
 246
 244
 254
 202
 227
 205
 219
 189
 211
 194
 185
 185
 176
 164
 192
 195
 181
 177
 176
 176
 150
 167
 171
 172
 161
 157
 165
 199
 170
 180
 174
 158
 175
 176
 189
 165
 165
 149
 176
 178
 152
 162
 155
 168
 163
 158
 148
 154
 148
 134
 159
 166
 162
 164
 157
 162
 136
 135
 171
 154
 157
 149
 144
 151
 150
 180
 150
 143
 136
 165
 156
 137
 142
 160
 171
 165
 144
 146
 153
 164
 141
 124
 142
 158
 146
 138
 142
 131
 135
 137
 151
 145
 145
 131
 133
 167
 125
 171
 151
 136
 149
 135
 121
 139
 149
 141
 133
 135
 143
 142
 137
 133
 140
 118
 127
 133
 137
 149
 132
 148
 141
 129
 135
 139
 127
 134
 133
 145
 135
 138
 137
 129
 122
 121
 135
 136
 135
 132
 109
 127
 120
 126
 125
 131
 121
 127
 141
 128
 122
 113
 122
 116
 125
 130
 141
 130
 139
 98
 118
 127
 135
 122
 117
 127
 115
 128
 112
 131
 107
 147
 115
 112
 140
 137
 97
 125
 134
 111
 124
 99
 121
 111
 103
 100
 95
 105
 108
 111
 108
 116
 110
 120
 123
 123
 122
 121
 97
 98
 114
 107
 97
 112
 108
 95
 115
 89
 121
 94
 105
 108
 119
 96
 105
 115
 99
 117
 102
 97
 125
 110
 97
 94
 91
 117
 131
 103
 114
 107
 113
 97
 87
 84
 83
 101
 85
 108
 103
 111
 91
 91
 101
 99
 83
 94
 101
 96
 94
 78
 104
 102
 98
 106
 82
 83
 103
 93
 103
 87
 103
 89
 78
 98
 107
 92
 93
 98
 91
 90
 105
 109
 95
 102
 112
 94
 92
 112
 96
 97
 84
 93
 85
 103
 81
 79
 75
 115
 103
 100
 96
 88
 96
 92
 84
 112
 97
 80
 76
 91
 90
 91
 76
 80
 91
 84
 87
 72
 110
 84
 83
 88
 93
 91
 74
 73
 88
 85
 90
 86
 98
 76
 99
 86
 67
 91
 74
 77
 76
 71
 94
 96
 99
 83
 78
 83
 80
 67
 79
 88
 77
 79
 89
 70
 82
 84
 71
 68
 85
 80
 73
 79
 79
 75
 69
 72
 65
 77
 78
 83
 89
 77
 83
 82
 92
 88
 87
 83
 66
 69
 63
 68
 76
 91
 69
 81
 71
 79
 91
 72
 70
 75
 73
 75
 65
 68
 71
 82
 72
 76
 77
 77
 85
 78
 80
 78
 60
 68
 71
 53
 71
 81
 70
 69
 66
 77
 63
 68
 73
 76
 73
 84
 66
 90
 67
 80
 99
 57
 90
 71
 69
 84
 63
 89
 71
 73
 84
 66
 73
 76
 80
 70
 75
 71
 68
 52
 58
 73
 76
 69
 66
 75
 72
 75
 80
 69
 73
 76
 65
 65
 77
 73
 79
 58
 70
 78
 72
 65
 66
 66
 78
 71
 58
 79
 64
 61
 48
 68
 67
 58
 74
 57
 85
 73
 55
 68
 67
 69
 58
 58
 68
 63
 63
 51
 54
 67
 60
 67
 53
 71
 62
 70
 60
 59
 66
 65
 64
 66
 63
 62
 74
 77
 77
 60
 64
 66
 74
 53
 70
 81
 73
 65
 56
 60
 77
 65
 59
 72
 69
 44
 55
 60
 55
 74
 57
 46
 58
 59
 64
 51
 61
 59
 65
 63
 57
 64
 56
 65
 76
 58
 49
 61
 62
 46
 66
 62
 53
 53
 60
 63
 67
 65
 57
 45
 48
 67
 70
 70
 70
 57
 56
 67
 68
 49
 56
 52
 53
 68
 60
 74
 66
 63
 58
 62
 61
 64
 73
 67
 54
 55
 52
 55
 65
 55
 61
 59
 59
 51
 67
 56
 54
 58
 50
 58
