VERSION:    3.1
ELEMENTS:              1
DATE:       MAR 11, 2010 00:27:51.253
CHANNELS:           4000
ROIS:        0
REAL_TIME:   826.0200195
LIVE_TIME:   800.4400024
CAL_OFFSET:  8.8112198e-002
CAL_SLOPE:   3.1493530e-002
CAL_QUAD:    0.0000000e+000
TWO_THETA:   9.9946346
DATA: 
 0
 0
 0
 0
 0
 0
 0
 0
 0
 0
 0
 0
 0
 0
 0
 0
 0
 0
 0
 0
 0
 0
 0
 0
 0
 0
 0
 0
 0
 0
 0
 0
 0
 0
 0
 0
 0
 0
 0
 0
 0
 0
 0
 0
 0
 0
 0
 0
 0
 0
 0
 0
 0
 0
 0
 0
 0
 0
 0
 0
 0
 0
 0
 0
 0
 0
 0
 0
 0
 0
 3
 22
 36
 28
 38
 27
 37
 27
 31
 35
 41
 38
 33
 30
 36
 30
 41
 42
 31
 26
 39
 29
 33
 44
 38
 38
 32
 38
 33
 37
 41
 37
 40
 30
 37
 29
 40
 57
 49
 32
 40
 47
 42
 40
 36
 31
 50
 42
 31
 42
 48
 38
 51
 51
 38
 31
 54
 41
 39
 42
 50
 48
 56
 44
 42
 63
 43
 51
 46
 65
 52
 55
 42
 51
 57
 59
 50
 63
 58
 46
 57
 59
 53
 62
 59
 53
 58
 67
 52
 50
 71
 44
 38
 55
 63
 46
 54
 60
 59
 53
 63
 47
 63
 71
 70
 54
 63
 69
 66
 71
 72
 77
 72
 73
 72
 69
 75
 50
 81
 68
 67
 70
 61
 60
 70
 57
 62
 66
 75
 58
 73
 77
 77
 78
 60
 73
 80
 78
 69
 76
 77
 82
 84
 71
 77
 67
 75
 87
 87
 89
 93
 64
 71
 72
 95
 71
 76
 61
 78
 80
 87
 76
 80
 84
 79
 105
 91
 96
 98
 87
 86
 108
 94
 90
 96
 104
 110
 83
 72
 85
 93
 97
 97
 89
 68
 91
 85
 94
 86
 85
 100
 107
 86
 106
 91
 90
 81
 104
 95
 93
 100
 82
 82
 99
 85
 111
 99
 95
 96
 99
 93
 104
 95
 104
 102
 96
 82
 119
 108
 91
 95
 106
 91
 86
 122
 102
 106
 102
 88
 94
 104
 102
 113
 112
 118
 122
 96
 102
 129
 117
 101
 116
 103
 114
 93
 116
 123
 104
 99
 118
 104
 104
 104
 99
 91
 122
 104
 103
 107
 103
 106
 116
 116
 104
 102
 103
 117
 110
 123
 101
 105
 117
 121
 115
 125
 112
 113
 116
 127
 112
 102
 113
 110
 117
 118
 104
 123
 112
 113
 102
 98
 102
 111
 110
 102
 117
 115
 114
 95
 118
 110
 88
 124
 131
 124
 113
 127
 129
 115
 112
 128
 110
 104
 133
 109
 137
 118
 121
 127
 121
 126
 111
 136
 105
 118
 114
 122
 125
 118
 116
 140
 144
 115
 138
 135
 125
 123
 131
 126
 137
 137
 117
 123
 110
 143
 133
 130
 134
 134
 133
 115
 149
 157
 168
 126
 162
 147
 156
 149
 141
 155
 179
 187
 133
 160
 177
 159
 176
 190
 192
 204
 161
 174
 162
 175
 188
 170
 191
 194
 191
 196
 204
 212
 222
 189
 216
 218
 209
 223
 210
 220
 195
 206
 191
 223
 226
 236
 209
 248
 230
 265
 251
 268
 246
 246
 284
 223
 256
 273
 270
 272
 271
 289
 286
 269
 300
 295
 313
 284
 319
 295
 335
 330
 373
 399
 394
 402
 424
 423
 380
 411
 368
 374
 375
 378
 356
 335
 370
 380
 377
 364
 361
 328
 401
 344
 363
 401
 393
 380
 383
 431
 421
 424
 447
 426
 422
 436
 406
 432
 491
 403
 470
 447
 429
 480
 454
 459
 473
 464
 451
 440
 492
 549
 539
 532
 549
 551
 599
 570
 592
 613
 630
 655
 615
 632
 660
 662
 571
 644
 597
 626
 529
 624
 558
 586
 608
 604
 603
 562
 623
 593
 626
 596
 632
 588
 647
 640
 616
 661
 668
 692
 707
 666
 718
 677
 679
 692
 652
 669
 694
 701
 683
 728
 749
 719
 748
 696
 713
 736
 720
 755
 746
 759
 778
 771
 800
 790
 810
 763
 726
 750
 778
 813
 828
 805
 855
 862
 868
 824
 898
 873
 914
 927
 842
 859
 877
 911
 861
 877
 881
 848
 891
 982
 909
 925
 918
 897
 862
 858
 883
 930
 933
 921
 886
 946
 920
 915
 935
 947
 924
 958
 921
 932
 973
 907
 960
 953
 969
 914
 956
 988
 947
 1020
 1028
 980
 938
 959
 991
 972
 1051
 947
 995
 1028
 984
 1018
 1017
 988
 1031
 1010
 986
 977
 1009
 1032
 1000
 1000
 1010
 1039
 1018
 972
 1015
 1088
 1066
 1027
 993
 1041
 1016
 1094
 999
 1059
 993
 1009
 1052
 1073
 1094
 1048
 1028
 1060
 1088
 1036
 1044
 1056
 992
 1071
 1058
 1062
 1076
 1075
 1045
 1037
 1082
 1067
 1094
 1130
 1136
 1068
 1071
 1122
 1085
 1149
 1141
 1120
 1042
 1153
 1139
 1094
 1151
 1205
 1134
 1172
 1161
 1185
 1168
 1231
 1190
 1203
 1140
 1190
 1259
 1146
 1258
 1230
 1188
 1226
 1249
 1223
 1228
 1240
 1318
 1197
 1231
 1279
 1266
 1226
 1307
 1272
 1273
 1316
 1294
 1323
 1371
 1326
 1266
 1409
 1351
 1306
 1383
 1367
 1369
 1285
 1326
 1277
 1348
 1359
 1318
 1392
 1393
 1327
 1437
 1404
 1323
 1385
 1402
 1397
 1353
 1390
 1369
 1418
 1407
 1446
 1375
 1358
 1401
 1401
 1474
 1429
 1395
 1384
 1388
 1403
 1461
 1408
 1454
 1404
 1446
 1393
 1416
 1373
 1418
 1464
 1447
 1475
 1472
 1409
 1470
 1442
 1427
 1473
 1508
 1458
 1472
 1476
 1446
 1511
 1484
 1444
 1492
 1480
 1508
 1512
 1442
 1484
 1502
 1482
 1540
 1470
 1489
 1530
 1460
 1530
 1451
 1519
 1488
 1491
 1573
 1448
 1533
 1510
 1474
 1561
 1500
 1478
 1527
 1554
 1547
 1531
 1502
 1457
 1498
 1556
 1543
 1560
 1525
 1622
 1488
 1532
 1471
 1605
 1533
 1511
 1563
 1546
 1542
 1530
 1533
 1482
 1613
 1521
 1559
 1553
 1573
 1552
 1603
 1513
 1526
 1509
 1522
 1414
 1576
 1498
 1572
 1569
 1555
 1594
 1530
 1534
 1526
 1598
 1512
 1545
 1590
 1559
 1578
 1579
 1593
 1500
 1614
 1586
 1611
 1537
 1582
 1564
 1569
 1576
 1617
 1615
 1593
 1557
 1512
 1622
 1608
 1629
 1618
 1517
 1625
 1594
 1569
 1571
 1640
 1624
 1530
 1564
 1581
 1597
 1630
 1565
 1619
 1528
 1619
 1624
 1607
 1628
 1618
 1634
 1615
 1638
 1673
 1557
 1567
 1707
 1706
 1646
 1617
 1694
 1670
 1617
 1603
 1587
 1653
 1619
 1689
 1638
 1625
 1547
 1622
 1572
 1614
 1613
 1641
 1668
 1648
 1680
 1695
 1592
 1587
 1637
 1665
 1660
 1689
 1679
 1651
 1674
 1572
 1646
 1582
 1606
 1636
 1583
 1687
 1616
 1674
 1667
 1637
 1744
 1607
 1658
 1656
 1640
 1677
 1712
 1739
 1703
 1680
 1706
 1696
 1748
 1681
 1680
 1679
 1644
 1686
 1667
 1735
 1720
 1675
 1657
 1675
 1720
 1733
 1714
 1763
 1700
 1636
 1736
 1694
 1689
 1725
 1682
 1663
 1777
 1792
 1702
 1793
 1712
 1748
 1816
 1698
 1799
 1753
 1701
 1734
 1769
 1772
 1710
 1718
 1791
 1820
 1773
 1743
 1777
 1729
 1787
 1774
 1821
 1803
 1746
 1797
 1707
 1849
 1808
 1825
 1850
 1783
 1858
 1760
 1757
 1741
 1687
 1866
 1821
 1823
 1842
 1862
 1750
 1854
 1816
 1878
 1837
 1833
 1795
 1786
 1715
 1765
 1802
 1843
 1716
 1878
 1793
 1676
 1859
 1811
 1803
 1854
 1834
 1831
 1823
 1828
 1772
 1914
 1806
 1845
 1849
 1875
 1858
 1795
 1839
 1861
 1806
 1867
 1768
 1830
 1791
 1746
 1854
 1770
 1925
 1773
 1878
 1856
 1795
 1804
 1732
 1858
 1853
 1898
 1827
 1832
 1746
 1821
 1875
 1734
 1778
 1797
 1729
 1771
 1837
 1707
 1775
 1861
 1827
 1801
 1856
 1823
 1748
 1751
 1739
 1746
 1819
 1717
 1858
 1836
 1798
 1786
 1783
 1772
 1759
 1755
 1820
 1777
 1732
 1717
 1756
 1632
 1705
 1779
 1786
 1752
 1758
 1670
 1770
 1684
 1761
 1719
 1708
 1756
 1815
 1680
 1706
 1748
 1740
 1676
 1773
 1703
 1711
 1717
 1656
 1690
 1727
 1712
 1681
 1661
 1765
 1690
 1630
 1697
 1696
 1790
 1757
 1714
 1715
 1828
 1719
 1666
 1626
 1638
 1663
 1626
 1646
 1679
 1717
 1638
 1675
 1709
 1667
 1642
 1641
 1656
 1617
 1662
 1663
 1653
 1660
 1718
 1680
 1654
 1559
 1691
 1631
 1637
 1656
 1616
 1608
 1638
 1631
 1621
 1700
 1639
 1626
 1668
 1546
 1613
 1680
 1599
 1684
 1546
 1684
 1611
 1677
 1676
 1614
 1658
 1709
 1703
 1763
 1720
 1740
 1664
 1611
 1599
 1569
 1633
 1596
 1608
 1642
 1673
 1618
 1657
 1582
 1662
 1619
 1574
 1604
 1601
 1624
 1616
 1614
 1565
 1654
 1608
 1634
 1547
 1589
 1606
 1606
 1554
 1691
 1580
 1667
 1579
 1592
 1672
 1672
 1582
 1597
 1588
 1555
 1538
 1674
 1598
 1588
 1549
 1524
 1612
 1565
 1558
 1533
 1601
 1606
 1625
 1596
 1630
 1528
 1513
 1563
 1574
 1490
 1585
 1536
 1569
 1514
 1472
 1575
 1535
 1534
 1546
 1555
 1449
 1491
 1463
 1536
 1495
 1456
 1454
 1485
 1494
 1456
 1500
 1418
 1360
 1409
 1424
 1398
 1400
 1388
 1405
 1353
 1321
 1412
 1428
 1377
 1451
 1334
 1389
 1315
 1316
 1376
 1347
 1306
 1269
 1278
 1284
 1311
 1358
 1293
 1334
 1278
 1301
 1236
 1279
 1229
 1212
 1211
 1139
 1164
 1198
 1212
 1177
 1170
 1208
 1150
 1172
 1143
 1122
 1109
 1074
 1114
 1104
 1101
 1115
 1069
 1077
 1049
 1057
 1064
 1076
 1019
 1062
 1056
 964
 1029
 998
 1021
 1035
 983
 988
 1001
 963
 951
 906
 957
 971
 944
 931
 950
 965
 978
 917
 965
 867
 885
 924
 907
 893
 819
 865
 829
 845
 873
 862
 845
 897
 855
 851
 840
 798
 831
 845
 794
 782
 829
 762
 817
 879
 800
 858
 825
 822
 782
 813
 788
 801
 773
 779
 753
 720
 809
 763
 788
 724
 770
 722
 816
 754
 749
 715
 759
 768
 720
 718
 740
 783
 753
 709
 672
 762
 737
 708
 726
 665
 695
 757
 715
 689
 738
 702
 713
 678
 692
 712
 702
 694
 679
 704
 761
 701
 678
 678
 725
 677
 704
 713
 744
 660
 748
 676
 715
 679
 693
 665
 673
 647
 686
 660
 690
 677
 651
 701
 676
 648
 675
 663
 684
 679
 700
 654
 674
 675
 639
 668
 658
 693
 635
 666
 682
 613
 643
 613
 652
 655
 646
 640
 646
 669
 618
 608
 628
 674
 643
 638
 628
 656
 617
 671
 632
 621
 647
 665
 607
 590
 675
 654
 683
 608
 590
 635
 616
 616
 614
 623
 593
 598
 633
 656
 585
 630
 665
 638
 578
 643
 620
 632
 650
 602
 611
 607
 612
 618
 632
 592
 618
 582
 617
 600
 566
 591
 629
 621
 610
 612
 681
 609
 605
 583
 606
 624
 610
 561
 621
 614
 637
 597
 595
 573
 566
 601
 585
 631
 590
 624
 555
 608
 635
 577
 578
 566
 611
 595
 592
 572
 565
 538
 558
 606
 577
 589
 589
 590
 566
 583
 589
 549
 592
 586
 530
 582
 581
 603
 579
 570
 537
 527
 551
 565
 587
 557
 581
 580
 539
 575
 553
 520
 518
 559
 560
 527
 593
 594
 561
 538
 575
 539
 518
 566
 550
 585
 547
 528
 521
 524
 543
 584
 557
 526
 558
 557
 545
 555
 529
 559
 575
 507
 542
 535
 520
 539
 502
 535
 518
 558
 485
 534
 533
 546
 469
 523
 527
 523
 516
 518
 526
 495
 480
 499
 515
 514
 503
 503
 526
 517
 487
 520
 490
 488
 503
 527
 488
 465
 463
 465
 436
 479
 540
 511
 478
 487
 443
 486
 448
 442
 457
 461
 434
 439
 445
 460
 447
 503
 464
 469
 469
 468
 436
 440
 467
 490
 484
 398
 464
 434
 482
 466
 475
 448
 438
 444
 456
 426
 423
 482
 434
 409
 440
 440
 467
 450
 410
 404
 442
 402
 442
 453
 418
 432
 423
 405
 397
 398
 410
 429
 398
 430
 387
 440
 403
 422
 398
 425
 410
 392
 407
 398
 403
 380
 369
 411
 390
 383
 441
 439
 401
 374
 383
 405
 368
 373
 411
 375
 394
 387
 344
 387
 358
 423
 365
 410
 373
 411
 391
 376
 403
 356
 353
 416
 360
 400
 390
 415
 402
 367
 366
 377
 354
 383
 346
 379
 375
 376
 364
 394
 351
 381
 338
 367
 372
 324
 345
 354
 347
 377
 337
 397
 382
 358
 385
 381
 376
 394
 373
 345
 372
 389
 349
 402
 382
 369
 363
 372
 321
 356
 320
 339
 321
 338
 335
 319
 325
 336
 335
 370
 393
 311
 323
 332
 287
 347
 333
 316
 340
 315
 317
 341
 360
 336
 322
 325
 332
 337
 325
 374
 330
 306
 354
 321
 343
 339
 337
 340
 305
 333
 318
 290
 359
 331
 312
 346
 368
 351
 328
 346
 306
 340
 303
 316
 353
 332
 363
 324
 342
 341
 348
 329
 332
 334
 353
 340
 332
 305
 326
 322
 337
 319
 349
 336
 358
 345
 330
 340
 303
 304
 326
 325
 348
 365
 324
 372
 313
 310
 292
 345
 366
 356
 318
 332
 329
 314
 341
 319
 330
 342
 336
 330
 351
 313
 335
 330
 293
 311
 334
 317
 315
 320
 283
 309
 335
 303
 319
 341
 307
 319
 305
 317
 296
 343
 311
 330
 346
 315
 284
 371
 316
 337
 351
 302
 303
 309
 291
 299
 365
 295
 334
 314
 355
 316
 307
 349
 297
 330
 333
 313
 309
 315
 320
 284
 323
 293
 320
 304
 329
 332
 337
 335
 312
 329
 312
 307
 332
 295
 296
 311
 326
 285
 332
 328
 326
 295
 277
 318
 320
 331
 323
 322
 307
 296
 301
 336
 339
 301
 305
 287
 307
 280
 301
 285
 307
 328
 299
 319
 320
 311
 307
 304
 324
 336
 276
 293
 318
 299
 272
 278
 280
 305
 322
 273
 308
 294
 301
 315
 278
 290
 272
 304
 295
 322
 302
 322
 297
 320
 302
 279
 298
 302
 320
 317
 310
 296
 292
 286
 297
 281
 270
 260
 279
 280
 280
 279
 277
 261
 277
 278
 287
 280
 287
 292
 306
 274
 275
 279
 251
 272
 263
 311
 258
 275
 272
 305
 277
 273
 258
 281
 280
 288
 219
 262
 268
 260
 249
 246
 262
 257
 267
 262
 262
 244
 276
 290
 306
 278
 245
 268
 284
 254
 239
 247
 270
 267
 260
 249
 277
 246
 283
 301
 263
 248
 244
 247
 261
 266
 233
 226
 233
 221
 248
 203
 210
 223
 197
 192
 205
 192
 186
 199
 208
 180
 200
 179
 162
 171
 160
 174
 168
 192
 174
 168
 170
 158
 175
 195
 166
 170
 207
 168
 160
 193
 138
 179
 141
 157
 145
 164
 188
 154
 186
 149
 166
 158
 159
 162
 167
 160
 163
 176
 156
 159
 156
 159
 145
 169
 142
 176
 149
 168
 159
 175
 155
 163
 175
 183
 161
 134
 186
 145
 140
 156
 175
 151
 144
 141
 153
 152
 141
 160
 141
 143
 146
 152
 155
 134
 128
 138
 140
 150
 150
 134
 146
 153
 155
 141
 140
 148
 155
 149
 124
 156
 135
 161
 143
 129
 124
 148
 142
 127
 129
 148
 124
 120
 163
 111
 131
 130
 125
 160
 147
 140
 140
 134
 163
 132
 126
 115
 149
 147
 115
 157
 147
 134
 145
 140
 127
 140
 131
 129
 118
 109
 121
 115
 132
 141
 129
 120
 129
 120
 134
 127
 126
 120
 125
 119
 128
 128
 123
 132
 125
 110
 131
 143
 130
 115
 127
 112
 110
 117
 119
 122
 114
 131
 135
 122
 114
 111
 123
 141
 112
 122
 132
 103
 139
 109
 127
 124
 133
 130
 109
 104
 122
 115
 125
 143
 124
 107
 118
 112
 104
 115
 101
 108
 93
 110
 103
 118
 104
 111
 113
 94
 100
 110
 117
 129
 91
 125
 101
 105
 128
 102
 115
 94
 103
 109
 97
 92
 93
 105
 100
 116
 95
 88
 112
 118
 90
 97
 85
 95
 106
 102
 92
 105
 96
 104
 103
 108
 106
 89
 101
 96
 96
 74
 88
 108
 99
 87
 99
 104
 94
 110
 90
 98
 89
 103
 94
 95
 86
 96
 99
 91
 106
 108
 102
 89
 77
 83
 80
 85
 93
 118
 81
 92
 87
 89
 92
 103
 86
 91
 110
 84
 82
 107
 101
 81
 110
 98
 79
 84
 84
 88
 83
 90
 91
 86
 87
 94
 80
 82
 81
 87
 79
 75
 77
 100
 76
 84
 82
 93
 114
 86
 74
 69
 79
 82
 71
 89
 79
 79
 81
 84
 79
 84
 97
 83
 73
 74
 73
 77
 81
 72
 92
 72
 84
 77
 78
 93
 63
 79
 82
 76
 83
 77
 72
 79
 72
 93
 64
 78
 77
 77
 81
 67
 73
 77
 81
 68
 68
 65
 63
 79
 78
 63
 81
 69
 75
 58
 77
 76
 70
 78
 78
 79
 72
 88
 77
 73
 80
 55
 73
 71
 69
 80
 88
 59
 74
 72
 71
 71
 82
 77
 62
 74
 56
 67
 83
 68
 66
 71
 67
 57
 69
 73
 67
 71
 67
 68
 82
 76
 73
 77
 76
 70
 55
 68
 66
 64
 70
 67
 70
 68
 79
 83
 86
 70
 59
 61
 65
 65
 60
 48
 67
 67
 78
 65
 58
 62
 74
 58
 72
 79
 74
 63
 67
 70
 71
 81
 69
 55
 61
 63
 70
 55
 60
 68
 58
 69
 64
 56
 57
 66
 62
 67
 61
 69
 56
 63
 47
 57
 57
 66
 65
 62
 67
 66
 69
 58
 71
 68
 64
 49
 62
 64
 65
 71
 59
 58
 60
 67
 48
 60
 67
 69
 66
 49
 56
 48
 64
 71
 48
 62
 53
 53
 70
 57
 74
 65
 64
 65
 55
 53
 59
 51
 47
 44
 64
 54
 51
 61
 50
 45
 63
 48
 50
 49
 63
 50
 67
 58
 51
 55
 55
 56
 72
 61
 51
 52
 57
 62
 51
 50
 43
 50
 65
 53
 74
 56
 56
 62
 43
 46
 57
 49
 55
 37
 60
 64
 58
 53
 62
 60
 53
 58
 47
 47
 52
 58
 57
 54
 51
 39
 37
 45
 52
 53
 57
 63
 48
 58
 55
 50
 50
 44
 33
 63
 59
 49
 68
 49
 51
 35
 51
 46
 44
 50
 49
 58
 48
 49
 37
 43
 51
 37
 48
 47
 44
 30
 44
 45
 52
 51
 45
 34
 47
 51
 42
 45
 42
 34
 46
 47
 31
 35
 39
 38
 50
 39
 41
 41
 44
 41
 40
 50
 54
 37
 41
 43
 42
 46
 59
 39
 44
 39
 41
 34
 43
 49
 43
 42
 47
 49
 43
 53
 45
 46
 48
 38
 30
 40
 45
 38
 37
 38
 47
 35
 33
 47
 50
 49
 46
 45
 33
 39
 40
 40
 36
 37
 37
 45
 42
 38
 37
 55
 40
 41
 60
 44
 33
 37
 35
 37
 30
 50
 49
 41
 42
 40
 31
 34
 34
 38
 46
 36
 32
 29
 42
 45
 33
 38
 39
 34
 38
 25
 27
 46
 34
 39
 29
 34
 37
 28
 41
 25
 34
 33
 26
 32
 26
 41
 40
 38
 33
 35
 30
 35
 26
 38
 34
 33
 45
 35
 33
 42
 28
 41
 35
 33
 39
 29
 29
 27
 28
 32
 26
 44
 31
 47
 32
 33
 34
 31
 41
 31
 40
 38
 38
 40
 34
 28
 41
 26
 27
 26
 33
 25
 34
 33
 39
 32
 37
 32
 30
 35
 24
 45
 32
 35
 31
 27
 28
 28
 35
 28
 29
 31
 37
 37
 31
 23
 17
 26
 37
 17
 31
 41
 29
 28
 33
 33
 28
 28
 26
 32
 17
 36
 39
 25
 25
 33
 36
 23
 31
 35
 37
 27
 27
 34
 25
 30
 28
 29
 27
 35
 23
 34
 21
 32
 31
 23
 26
 25
 34
 23
 31
 25
 32
 30
 30
 32
 37
 34
 25
 22
 31
 28
 37
 29
 31
 23
 30
 34
 38
 27
 25
 24
 31
 36
 27
 27
 27
 28
 25
 27
 24
 31
 25
 27
 29
 26
 20
 32
 25
 19
 25
 31
 34
 19
 28
 32
 23
 22
 25
 23
 34
 24
 24
 27
 23
 21
 26
 26
 35
 26
 22
 28
 27
 29
 24
 24
 26
 25
 28
 29
 19
 30
 30
 29
 26
 23
 26
 26
 28
 25
 29
 29
 21
 32
 23
 21
 36
 33
 21
 30
 17
 21
 24
 23
 23
 33
 21
 31
 22
 29
 18
 31
 26
 21
 25
 19
 24
 29
 18
 23
 22
 20
 33
 32
 34
 23
 22
 37
 22
 38
 20
 26
 19
 26
 21
 32
 20
 19
 31
 18
 17
 22
 24
 25
 20
 28
 34
 19
 23
 18
 24
 26
 23
 22
 31
 20
 25
 28
 25
 22
 17
 29
 18
 36
 26
 21
 26
 21
 27
 23
 24
 21
 22
 16
 20
 25
 20
 25
 26
 22
 25
 18
 28
 21
 27
 19
 23
 17
 17
 29
 26
 31
 27
 25
 22
 30
 18
 29
 23
 22
 16
 22
 11
 23
 22
 22
 18
 26
 14
 22
 28
 19
 16
 32
 18
 25
 19
 26
 24
 17
 17
 22
 20
 27
 13
 26
 19
 21
 15
 18
 19
 26
 25
 28
 18
 21
 18
 14
 27
 22
 19
 20
 13
 26
 28
 25
 21
 20
 20
 25
 17
 14
 15
 19
 19
 21
 12
 19
 28
 25
 18
 16
 10
 16
 19
 14
 12
 20
 14
 18
 23
 15
 23
 10
 12
 22
 16
 19
 21
 16
 14
 12
 16
 17
 15
 17
 16
 17
 16
 18
 24
 13
 9
 20
 21
 20
 18
 20
 16
 17
 13
 17
 25
 16
 12
 19
 16
 19
 11
 13
 19
 16
 11
 10
 26
 10
 10
 8
 16
 12
 9
 15
 15
 14
 15
 10
 14
 13
 15
 19
 20
 15
 17
 14
 15
 24
 15
 12
 15
 9
 15
 16
 17
 22
 16
 15
 16
 15
 24
 17
 11
 16
 22
 16
 12
 13
 7
 14
 21
 19
 22
 10
 11
 12
 19
 16
 14
 21
 16
 13
 16
 14
 12
 9
 14
 14
 18
 17
 14
 16
 15
 21
 17
 20
 8
 8
 15
 11
 10
 11
 19
 15
 12
 16
 15
 12
 23
 21
 14
 14
 16
 15
 17
 18
 8
 4
 10
 14
 10
 10
 16
 26
 12
 12
 16
 16
 18
 13
 12
 9
 17
 19
 17
 5
 12
 11
 12
 8
 10
 12
 14
 17
 13
 11
 22
 13
 6
 12
 13
 10
 11
 8
 14
 14
 12
 15
 10
 12
 6
 12
 11
 14
 11
 10
 8
 13
 9
 13
 14
 9
 19
 11
 18
 14
 8
 15
 13
 17
 9
 5
 13
 14
 11
 8
 13
 13
 18
 5
 11
 7
 18
 22
 8
 10
 6
 6
 10
 11
 7
 11
 13
 14
 16
 12
 11
 10
 4
 8
 10
 6
 11
 13
 12
 12
 10
 6
 5
 16
 10
 8
 13
 7
 6
 5
 16
 12
 17
 9
 11
 13
 10
 12
 11
 6
 19
 13
 7
 7
 7
 5
 9
 9
 13
 8
 8
 19
 12
 9
 3
 11
 11
 14
 8
 5
 11
 9
 15
 9
 11
 11
 9
 6
 8
 13
 9
 9
 12
 14
 14
 14
 12
 9
 12
 13
 10
 8
 5
 19
 17
 11
 13
 13
 9
 10
 19
 6
 13
 10
 11
 8
 9
 11
 8
 14
 8
 2
 4
 16
 8
 10
 13
 11
 5
 6
 10
 7
 5
 10
 8
 13
 4
 12
 15
 11
 11
 7
 10
 13
 7
 14
 11
 6
 8
 10
 12
 11
 16
 7
 8
 10
 8
 4
 14
 10
 10
 10
 10
 8
 8
 7
 7
 10
 11
 5
 8
 5
 9
 7
 10
 10
 5
 7
 6
 8
 7
 7
 11
 6
 7
 12
 9
 10
 9
 10
 9
 4
 5
 3
 9
 3
 5
 7
 16
 6
 3
 8
 12
 3
 5
 5
 4
 9
 7
 18
 7
 6
 3
 9
 11
 5
 6
 8
 8
 9
 8
 10
 8
 12
 13
 9
 7
 10
 6
 9
 9
 5
 9
 6
 9
 4
 5
 6
 6
 8
 9
 7
 2
 8
 6
 10
 7
 12
 4
 7
 8
 4
 6
 12
 8
 5
 14
 6
 5
 9
 8
 9
 4
 7
 10
 6
 6
 11
 5
 8
 7
 11
 9
 8
 11
 15
 7
 5
 5
 5
 6
 9
 8
 10
 6
 6
 2
 14
 2
 8
 6
 8
 4
 7
 7
 10
 6
 9
 4
 6
 6
 6
 4
 12
 8
 4
 5
 5
 6
 6
 9
 12
 6
 10
 7
 6
 10
 5
 8
 5
 6
 2
 6
 4
 6
 6
 5
 5
 5
 6
 5
 7
 3
 10
 5
 8
 4
 3
 9
 7
 4
 12
 3
 8
 4
 8
 4
 6
 6
 5
 7
 6
 9
 4
 9
 9
 10
 8
 8
 4
 8
 6
 8
 5
 5
 9
 6
 8
 5
 3
 3
 10
 5
 6
 9
 2
 5
 4
 5
 6
 2
 7
 9
 4
 6
 9
 8
 4
 4
 8
 7
 5
 3
 8
 5
 5
 11
 4
 12
 3
 5
 10
 3
 8
 8
 6
 9
 9
 3
 6
 8
 6
 6
 5
 9
 5
 4
 7
 2
 5
 8
 5
 6
 6
 7
 8
 4
 7
 4
 9
 4
 5
 4
 6
 3
 5
 4
 3
 2
 9
 5
 2
 4
 6
 6
 3
 5
 5
 8
 5
 7
 5
 9
 6
 6
 4
 5
 4
 10
 2
 2
 4
 6
 3
 4
 8
 4
 6
 7
 4
 5
 4
 6
 4
 5
 5
 7
 4
 7
 5
 8
 5
 2
 2
 6
 7
 5
 6
 5
 5
 6
 9
