VERSION:    3.1
ELEMENTS:              1
DATE:       MAR 10, 2010 20:39:47.853
CHANNELS:           4000
ROIS:        0
REAL_TIME:   463.8999939
LIVE_TIME:   400.5599976
CAL_OFFSET:  8.8112198e-002
CAL_SLOPE:   3.1493530e-002
CAL_QUAD:    0.0000000e+000
TWO_THETA:   9.9946346
DATA: 
 0
 0
 0
 0
 0
 0
 0
 0
 0
 0
 0
 0
 0
 0
 0
 0
 0
 0
 0
 0
 0
 0
 0
 0
 0
 0
 0
 0
 0
 0
 0
 0
 0
 0
 0
 0
 0
 0
 0
 0
 0
 0
 0
 0
 0
 0
 0
 0
 0
 0
 0
 0
 0
 0
 0
 0
 0
 0
 0
 0
 0
 0
 0
 0
 0
 0
 0
 0
 0
 0
 4
 65
 112
 114
 95
 116
 102
 89
 113
 108
 111
 115
 102
 103
 118
 98
 119
 103
 119
 119
 115
 93
 110
 112
 112
 105
 136
 114
 109
 113
 115
 101
 123
 129
 132
 98
 123
 127
 112
 112
 124
 123
 135
 134
 106
 129
 111
 129
 113
 112
 102
 125
 139
 116
 115
 109
 117
 109
 136
 121
 104
 121
 118
 110
 128
 144
 146
 148
 130
 139
 134
 134
 110
 130
 114
 140
 122
 136
 135
 148
 147
 131
 123
 136
 150
 153
 135
 129
 138
 126
 120
 146
 146
 138
 144
 141
 134
 145
 140
 143
 152
 147
 126
 139
 141
 146
 136
 135
 142
 127
 140
 146
 163
 159
 154
 127
 148
 167
 143
 139
 144
 165
 175
 144
 157
 144
 151
 164
 142
 155
 157
 162
 146
 166
 141
 138
 122
 167
 152
 139
 162
 165
 159
 178
 140
 150
 134
 164
 156
 145
 161
 181
 143
 154
 155
 168
 142
 160
 174
 166
 167
 154
 178
 179
 160
 175
 157
 175
 167
 175
 151
 169
 186
 161
 198
 165
 149
 155
 171
 155
 185
 153
 173
 157
 152
 145
 174
 180
 180
 182
 183
 150
 182
 173
 187
 186
 159
 174
 192
 173
 167
 152
 169
 156
 151
 195
 181
 164
 171
 159
 181
 182
 169
 188
 183
 156
 157
 199
 171
 157
 204
 185
 199
 166
 187
 184
 178
 200
 169
 177
 163
 166
 174
 177
 188
 173
 185
 205
 190
 204
 174
 197
 195
 184
 199
 207
 162
 186
 180
 197
 176
 175
 187
 186
 191
 179
 222
 212
 184
 186
 184
 178
 179
 190
 177
 204
 225
 191
 191
 206
 191
 185
 227
 203
 187
 195
 200
 202
 192
 202
 188
 224
 188
 194
 203
 210
 224
 200
 198
 192
 207
 208
 175
 202
 210
 179
 199
 172
 198
 201
 201
 189
 209
 183
 191
 231
 184
 186
 189
 218
 176
 201
 203
 193
 194
 183
 206
 193
 205
 181
 216
 200
 220
 211
 222
 224
 221
 218
 218
 193
 209
 217
 200
 211
 191
 193
 192
 198
 223
 216
 199
 209
 212
 241
 207
 205
 194
 204
 218
 198
 199
 208
 199
 236
 218
 220
 210
 211
 232
 238
 215
 207
 223
 207
 222
 235
 211
 182
 224
 229
 214
 231
 232
 218
 218
 232
 245
 244
 243
 222
 246
 244
 217
 243
 241
 212
 218
 231
 252
 241
 250
 260
 269
 254
 257
 257
 246
 248
 227
 237
 257
 252
 231
 251
 298
 274
 271
 281
 294
 306
 269
 255
 298
 288
 296
 295
 278
 295
 276
 286
 305
 344
 325
 337
 352
 362
 385
 336
 401
 365
 369
 320
 361
 353
 306
 338
 336
 283
 316
 298
 351
 331
 310
 360
 363
 344
 362
 362
 342
 333
 386
 387
 367
 366
 369
 362
 399
 384
 393
 373
 406
 385
 380
 408
 430
 424
 394
 421
 408
 409
 437
 455
 449
 401
 438
 474
 488
 459
 488
 508
 456
 464
 550
 486
 473
 512
 568
 525
 499
 486
 539
 480
 519
 489
 477
 473
 507
 479
 519
 512
 486
 550
 550
 532
 552
 502
 545
 570
 502
 543
 556
 527
 561
 574
 563
 553
 574
 577
 591
 604
 578
 587
 559
 602
 627
 612
 562
 641
 618
 587
 632
 613
 639
 640
 633
 637
 649
 638
 644
 670
 642
 655
 675
 668
 638
 728
 673
 694
 707
 700
 751
 734
 725
 756
 739
 724
 745
 766
 683
 723
 742
 790
 806
 799
 734
 787
 854
 755
 747
 852
 788
 793
 813
 792
 757
 784
 794
 839
 862
 838
 826
 817
 888
 786
 904
 821
 841
 868
 789
 884
 890
 891
 846
 892
 882
 886
 842
 887
 902
 873
 947
 925
 897
 920
 885
 936
 947
 942
 937
 963
 952
 903
 941
 968
 936
 1001
 1002
 944
 977
 1054
 1022
 939
 975
 1035
 963
 989
 1036
 998
 931
 962
 1074
 1081
 1061
 1034
 1068
 988
 1069
 1065
 1071
 1060
 1087
 1118
 1108
 1115
 1073
 1082
 1111
 1094
 1044
 1032
 1084
 1055
 1076
 1128
 1099
 1123
 1154
 1067
 1130
 1138
 1176
 1147
 1157
 1148
 1094
 1135
 1109
 1142
 1132
 1159
 1125
 1139
 1128
 1195
 1150
 1179
 1128
 1156
 1220
 1188
 1258
 1237
 1195
 1228
 1218
 1178
 1208
 1164
 1201
 1302
 1240
 1235
 1241
 1224
 1220
 1255
 1289
 1276
 1247
 1276
 1305
 1220
 1285
 1251
 1268
 1238
 1207
 1265
 1289
 1310
 1246
 1332
 1395
 1343
 1324
 1327
 1258
 1279
 1264
 1260
 1334
 1365
 1360
 1353
 1369
 1321
 1315
 1280
 1350
 1369
 1352
 1351
 1361
 1361
 1311
 1291
 1343
 1387
 1335
 1356
 1422
 1356
 1352
 1441
 1354
 1349
 1417
 1385
 1352
 1346
 1394
 1361
 1383
 1422
 1390
 1417
 1422
 1434
 1457
 1403
 1407
 1465
 1486
 1430
 1461
 1433
 1463
 1354
 1414
 1426
 1414
 1449
 1468
 1444
 1442
 1431
 1438
 1520
 1440
 1465
 1403
 1421
 1456
 1575
 1439
 1549
 1502
 1464
 1522
 1476
 1516
 1468
 1493
 1465
 1507
 1518
 1570
 1469
 1533
 1539
 1516
 1504
 1484
 1571
 1570
 1549
 1487
 1484
 1539
 1569
 1530
 1496
 1459
 1475
 1591
 1535
 1539
 1495
 1552
 1516
 1524
 1527
 1484
 1604
 1596
 1517
 1474
 1546
 1613
 1564
 1570
 1576
 1586
 1572
 1567
 1651
 1619
 1569
 1556
 1523
 1538
 1618
 1636
 1543
 1599
 1592
 1638
 1622
 1641
 1620
 1646
 1639
 1666
 1556
 1629
 1601
 1582
 1646
 1641
 1681
 1648
 1641
 1624
 1631
 1707
 1660
 1712
 1638
 1671
 1622
 1595
 1657
 1621
 1646
 1614
 1683
 1639
 1638
 1660
 1664
 1662
 1721
 1670
 1658
 1632
 1720
 1665
 1760
 1638
 1684
 1666
 1708
 1728
 1683
 1612
 1741
 1767
 1710
 1633
 1689
 1707
 1673
 1728
 1715
 1752
 1702
 1707
 1749
 1684
 1704
 1698
 1693
 1743
 1792
 1718
 1738
 1657
 1661
 1825
 1689
 1825
 1732
 1680
 1765
 1762
 1699
 1767
 1674
 1849
 1782
 1783
 1717
 1817
 1861
 1795
 1794
 1780
 1736
 1770
 1755
 1839
 1787
 1822
 1828
 1808
 1734
 1829
 1823
 1835
 1818
 1849
 1781
 1803
 1755
 1757
 1870
 1768
 1832
 1806
 1828
 1714
 1818
 1807
 1893
 1782
 1787
 1765
 1813
 1813
 1868
 1875
 1851
 1799
 1832
 1855
 1828
 1796
 1777
 1883
 1861
 1786
 1800
 1799
 1923
 1913
 1796
 1807
 1864
 1860
 1926
 1812
 1871
 1860
 1889
 1915
 1874
 1884
 1831
 1841
 1783
 1781
 1915
 1838
 1902
 1911
 1916
 1883
 1831
 1902
 1846
 1857
 1896
 1844
 1854
 1914
 1941
 1934
 1952
 1823
 1816
 1858
 1909
 1837
 1851
 1918
 1950
 1890
 1922
 1881
 1829
 1880
 1965
 1921
 1933
 1879
 1907
 1872
 1966
 2022
 1912
 1979
 2015
 1905
 1973
 1862
 2015
 1945
 1923
 1906
 1897
 1897
 1956
 1883
 1959
 1995
 1899
 1936
 1871
 2021
 1895
 1963
 1974
 1933
 1968
 1982
 2025
 1961
 1850
 1890
 1954
 1963
 2032
 2016
 2052
 1982
 1977
 2043
 1961
 1966
 1939
 1992
 1908
 1939
 1974
 1961
 1938
 1954
 2010
 2008
 1959
 2019
 2016
 2070
 1933
 1922
 1913
 2009
 1946
 1976
 1952
 1989
 2008
 2050
 2011
 1940
 1942
 1982
 2073
 1977
 1926
 1927
 2019
 1937
 2005
 2011
 2048
 1974
 2053
 2028
 1993
 2075
 2000
 2065
 1920
 2028
 2016
 2044
 2032
 2038
 2015
 2044
 2046
 2050
 2065
 2002
 2037
 1983
 2084
 1945
 2010
 2159
 2045
 2011
 2038
 2011
 2026
 1996
 2037
 2106
 2028
 2061
 1948
 1991
 2113
 2022
 1975
 2106
 2056
 2056
 2010
 2007
 2079
 2037
 2010
 2053
 2040
 1998
 2032
 1968
 2054
 2081
 2054
 2079
 2032
 2131
 2021
 1941
 2107
 2035
 2022
 1960
 2118
 2034
 2076
 2124
 2133
 2098
 2077
 2048
 2116
 2008
 2097
 1971
 2005
 2101
 2090
 2074
 2171
 2092
 2060
 2055
 2100
 2079
 2013
 2024
 2120
 2142
 2108
 2031
 2046
 2026
 2063
 2149
 2007
 2019
 2073
 2087
 2105
 2068
 2066
 2034
 2041
 2102
 2117
 2045
 2045
 2035
 1933
 2195
 2033
 2104
 2125
 2083
 2034
 2094
 2057
 2126
 2145
 2110
 2123
 2123
 2064
 2027
 2098
 2110
 2069
 2076
 2109
 2049
 2076
 2172
 2078
 2071
 2024
 2091
 2093
 2118
 2159
 2018
 2068
 2095
 2084
 2007
 2041
 2207
 2078
 2061
 2136
 2164
 2078
 2108
 2132
 2077
 2152
 2051
 2120
 2156
 2100
 2118
 2079
 2080
 2079
 2078
 2053
 2109
 2104
 2109
 2058
 2063
 2134
 2088
 2069
 2037
 2149
 2228
 2055
 2037
 2064
 2143
 2090
 2128
 2217
 2169
 2168
 2095
 2092
 2182
 2158
 2104
 2138
 2146
 2109
 2046
 2138
 2108
 2102
 2041
 2117
 2141
 2143
 2071
 2150
 2051
 2128
 2110
 2110
 2071
 2087
 2126
 2124
 2136
 2058
 2235
 2097
 2165
 2134
 2224
 2196
 2165
 2143
 2060
 2151
 2095
 2149
 2174
 2217
 2173
 2231
 2212
 2115
 2145
 2071
 2141
 2145
 2168
 2151
 2151
 2187
 2178
 2122
 2120
 2081
 2255
 2196
 2149
 2222
 2143
 2147
 2133
 2178
 2159
 2185
 2193
 2111
 2136
 2109
 2165
 2138
 2225
 2184
 2123
 2122
 2186
 2071
 2176
 2128
 2176
 2042
 2092
 2110
 2095
 2168
 2183
 2080
 2124
 2072
 2221
 2084
 2124
 2077
 2077
 2159
 2059
 2128
 2131
 2151
 2016
 2049
 2108
 2080
 2051
 2138
 2129
 2089
 2040
 2063
 2077
 1970
 2090
 2098
 2082
 2016
 2059
 2092
 2056
 2068
 2046
 2023
 1971
 2114
 2024
 2001
 2009
 1990
 1993
 1994
 2048
 2114
 2018
 2040
 2094
 2013
 1942
 1955
 1933
 2061
 2068
 1978
 2025
 2052
 1977
 1959
 2008
 1945
 1975
 2075
 2034
 1966
 1934
 1965
 1997
 1987
 1991
 2023
 2035
 1974
 2064
 1982
 1926
 2016
 1966
 1972
 2091
 1989
 1950
 2076
 1965
 1957
 2038
 1929
 1989
 1936
 2033
 2064
 1969
 1931
 1963
 1914
 2022
 1978
 1889
 2034
 1866
 1987
 1970
 1901
 1941
 1980
 2031
 2036
 1998
 1937
 1971
 2003
 1996
 1880
 2052
 1952
 1911
 2003
 1909
 2016
 1839
 2016
 1936
 2009
 1992
 1897
 1907
 1970
 1967
 1949
 1961
 1896
 1927
 2000
 2013
 1935
 2002
 1884
 1951
 1936
 1969
 2021
 1879
 1841
 1942
 1959
 1939
 1923
 1963
 1862
 1947
 1955
 1842
 1941
 1974
 1934
 1884
 1898
 1903
 1823
 1912
 1919
 1923
 1930
 1862
 1894
 1972
 1943
 1900
 1852
 1900
 1880
 1885
 1884
 1858
 1889
 1824
 1849
 1886
 1890
 1959
 1808
 1927
 1861
 1883
 1846
 1947
 1867
 1908
 1872
 1960
 1844
 1941
 1915
 1790
 1894
 1831
 1866
 1826
 1882
 1847
 1875
 1954
 1925
 1854
 1914
 1869
 1878
 1835
 1895
 1917
 1856
 1803
 1794
 1800
 1897
 1820
 1872
 1927
 1919
 1869
 1836
 1923
 1826
 1877
 1891
 1849
 1849
 1861
 1870
 1892
 1949
 1855
 1874
 1731
 1885
 1867
 1867
 1881
 1808
 1837
 1832
 1893
 1896
 1865
 1828
 1942
 1759
 1856
 1936
 1816
 1850
 1770
 1852
 1885
 1812
 1853
 1784
 1854
 1884
 1842
 1849
 1866
 1858
 1878
 1891
 1828
 1786
 1850
 1827
 1805
 1775
 1816
 1823
 1801
 1841
 1818
 1789
 1800
 1703
 1839
 1902
 1826
 1844
 1795
 1861
 1869
 1776
 1880
 1815
 1741
 1813
 1773
 1828
 1806
 1789
 1749
 1816
 1768
 1876
 1866
 1803
 1786
 1886
 1809
 1825
 1696
 1844
 1795
 1871
 1713
 1764
 1777
 1792
 1729
 1942
 1784
 1838
 1749
 1764
 1829
 1785
 1771
 1799
 1829
 1811
 1839
 1814
 1799
 1821
 1729
 1874
 1783
 1780
 1790
 1770
 1759
 1761
 1758
 1829
 1778
 1783
 1708
 1835
 1751
 1821
 1753
 1728
 1810
 1790
 1833
 1855
 1818
 1820
 1750
 1760
 1759
 1792
 1807
 1802
 1783
 1788
 1724
 1728
 1732
 1700
 1839
 1807
 1750
 1765
 1795
 1744
 1743
 1780
 1772
 1782
 1782
 1736
 1780
 1753
 1765
 1755
 1794
 1785
 1782
 1778
 1789
 1783
 1773
 1789
 1762
 1766
 1732
 1824
 1712
 1780
 1773
 1744
 1824
 1786
 1774
 1713
 1746
 1733
 1753
 1763
 1858
 1817
 1788
 1745
 1799
 1760
 1736
 1837
 1735
 1742
 1745
 1743
 1760
 1784
 1841
 1771
 1721
 1838
 1732
 1753
 1742
 1749
 1791
 1839
 1752
 1850
 1775
 1829
 1750
 1805
 1665
 1753
 1816
 1703
 1737
 1842
 1799
 1769
 1750
 1728
 1732
 1810
 1771
 1779
 1798
 1735
 1848
 1715
 1821
 1760
 1796
 1744
 1811
 1747
 1811
 1747
 1730
 1761
 1821
 1733
 1768
 1720
 1750
 1761
 1751
 1757
 1845
 1794
 1790
 1717
 1763
 1737
 1790
 1796
 1819
 1726
 1750
 1776
 1737
 1820
 1811
 1822
 1793
 1728
 1743
 1768
 1785
 1750
 1675
 1622
 1742
 1790
 1727
 1722
 1776
 1804
 1789
 1826
 1734
 1737
 1808
 1801
 1798
 1729
 1820
 1795
 1783
 1840
 1833
 1689
 1739
 1794
 1755
 1754
 1760
 1739
 1763
 1819
 1770
 1780
 1826
 1724
 1856
 1738
 1769
 1784
 1735
 1842
 1765
 1839
 1784
 1775
 1715
 1782
 1751
 1775
 1686
 1797
 1723
 1773
 1818
 1837
 1838
 1821
 1752
 1767
 1859
 1789
 1767
 1831
 1807
 1766
 1798
 1762
 1848
 1807
 1774
 1809
 1783
 1725
 1735
 1744
 1805
 1787
 1802
 1920
 1855
 1887
 1800
 1802
 1815
 1819
 1796
 1816
 1796
 1788
 1720
 1820
 1893
 1726
 1825
 1805
 1846
 1923
 1789
 1839
 1862
 1834
 1819
 1866
 1902
 1888
 1885
 1847
 1843
 1854
 1859
 1808
 1878
 1846
 1828
 1865
 1873
 1767
 1871
 1869
 1832
 1879
 1844
 1851
 1887
 1849
 1879
 1846
 1866
 1881
 1871
 1879
 1854
 1799
 1894
 1857
 1894
 1811
 1853
 1839
 1847
 1842
 1839
 1834
 1828
 1886
 1911
 1781
 1843
 1868
 1835
 1809
 1854
 1917
 1855
 1867
 1867
 1892
 1879
 1829
 1821
 1814
 1853
 1849
 1887
 1872
 1787
 1870
 1918
 1912
 1900
 1807
 1869
 1814
 1859
 1961
 1855
 1902
 1929
 1837
 1938
 1826
 1870
 1866
 1965
 1846
 1878
 1790
 1901
 1907
 1835
 1882
 1852
 1972
 1826
 1915
 2010
 1931
 1935
 1827
 1892
 1869
 1790
 1905
 1891
 1874
 1817
 1918
 1901
 1822
 1828
 1893
 1878
 1874
 1875
 1910
 1925
 1827
 1843
 1930
 1809
 1904
 1918
 1896
 1904
 1947
 1800
 1989
 2015
 1917
 1895
 1872
 1904
 1905
 1905
 1889
 1861
 1846
 1922
 1848
 1776
 1811
 1799
 1753
 1795
 1750
 1817
 1689
 1666
 1747
 1680
 1603
 1592
 1550
 1551
 1511
 1444
 1452
 1527
 1574
 1472
 1487
 1465
 1453
 1460
 1499
 1484
 1468
 1574
 1521
 1568
 1473
 1479
 1529
 1503
 1481
 1533
 1533
 1501
 1484
 1542
 1440
 1501
 1429
 1486
 1464
 1475
 1474
 1423
 1472
 1485
 1430
 1433
 1407
 1438
 1413
 1442
 1414
 1462
 1403
 1478
 1433
 1487
 1450
 1370
 1378
 1365
 1404
 1486
 1456
 1463
 1401
 1433
 1385
 1468
 1468
 1426
 1438
 1425
 1450
 1404
 1370
 1405
 1461
 1446
 1398
 1369
 1444
 1428
 1428
 1398
 1396
 1375
 1393
 1464
 1451
 1507
 1399
 1406
 1386
 1398
 1458
 1392
 1350
 1389
 1386
 1430
 1409
 1379
 1370
 1373
 1347
 1398
 1438
 1362
 1420
 1369
 1357
 1467
 1367
 1357
 1400
 1428
 1379
 1380
 1402
 1435
 1403
 1345
 1383
 1416
 1426
 1406
 1433
 1484
 1400
 1355
 1404
 1390
 1456
 1438
 1372
 1378
 1411
 1468
 1325
 1499
 1378
 1389
 1434
 1435
 1411
 1364
 1480
 1401
 1350
 1437
 1405
 1390
 1419
 1395
 1381
 1348
 1460
 1370
 1409
 1450
 1406
 1416
 1349
 1397
 1353
 1400
 1497
 1374
 1431
 1400
 1436
 1390
 1431
 1483
 1385
 1410
 1379
 1463
 1381
 1385
 1474
 1437
 1419
 1410
 1427
 1411
 1491
 1438
 1480
 1450
 1326
 1464
 1429
 1453
 1398
 1432
 1433
 1436
 1352
 1399
 1404
 1508
 1431
 1409
 1465
 1549
 1468
 1490
 1497
 1483
 1445
 1440
 1511
 1413
 1498
 1460
 1402
 1458
 1489
 1518
 1451
 1444
 1451
 1427
 1463
 1419
 1480
 1521
 1393
 1429
 1426
 1462
 1382
 1492
 1384
 1375
 1440
 1402
 1358
 1348
 1358
 1432
 1358
 1403
 1357
 1366
 1431
 1388
 1390
 1399
 1358
 1347
 1397
 1291
 1442
 1369
 1362
 1338
 1356
 1398
 1358
 1298
 1376
 1319
 1386
 1360
 1346
 1339
 1348
 1294
 1358
 1369
 1324
 1379
 1301
 1408
 1469
 1320
 1363
 1441
 1286
 1402
 1357
 1367
 1358
 1307
 1388
 1389
 1403
 1343
 1401
 1394
 1372
 1387
 1370
 1354
 1402
 1337
 1382
 1392
 1349
 1366
 1353
 1314
 1379
 1298
 1425
 1392
 1354
 1379
 1371
 1346
 1315
 1324
 1435
 1323
 1346
 1418
 1382
 1364
 1341
 1382
 1361
 1402
 1372
 1352
 1425
 1322
 1303
 1299
 1330
 1307
 1255
 1301
 1301
 1327
 1410
 1360
 1410
 1352
 1302
 1308
 1294
 1317
 1325
 1296
 1341
 1344
 1344
 1344
 1316
 1360
 1281
 1314
 1290
 1299
 1272
 1330
 1316
 1291
 1309
 1333
 1292
 1349
 1309
 1300
 1256
 1287
 1282
 1205
 1307
 1285
 1279
 1183
 1317
 1263
 1277
 1319
 1276
 1285
 1316
 1287
 1283
 1261
 1232
 1301
 1214
 1233
 1248
 1290
 1335
 1248
 1282
 1288
 1244
 1290
 1316
 1277
 1301
 1284
 1269
 1259
 1251
 1329
 1283
 1214
 1289
 1239
 1269
 1256
 1227
 1152
 1323
 1269
 1197
 1265
 1298
 1239
 1243
 1219
 1206
 1225
 1270
 1204
 1228
 1244
 1238
 1242
 1303
 1181
 1136
 1170
 1214
 1190
 1233
 1253
 1206
 1187
 1223
 1192
 1099
 1251
 1163
 1238
 1147
 1191
 1165
 1141
 1148
 1221
 1145
 1185
 1145
 1152
 1145
 1181
 1166
 1174
 1165
 1202
 1170
 1222
 1180
 1184
 1126
 1137
 1136
 1186
 1176
 1135
 1129
 1168
 1161
 1115
 1119
 1139
 1106
 1111
 1141
 1095
 1105
 1141
 1104
 1102
 1091
 1129
 1070
 1129
 1142
 1105
 1115
 1170
 1131
 1065
 1100
 1075
 1078
 1113
 1080
 1129
 1065
 1095
 1145
 1043
 1071
 1051
 1038
 1024
 1095
 1063
 1038
 1068
 1097
 1048
 1061
 1039
 1020
 1160
 1049
 1039
 1008
 1055
 1052
 1080
 1022
 1077
 1046
 1054
 1053
 1020
 1060
 1042
 1008
 1061
 1066
 1054
 1046
 985
 1044
 1049
 1062
 1072
 1035
 1017
 998
 1047
 1076
 1029
 975
 939
 960
 977
 962
 976
 1024
 978
 1001
 969
 977
 902
 965
 982
 973
 952
 1010
 937
 976
 963
 978
 993
 911
 974
 921
 959
 978
 979
 978
 937
 903
 935
 912
 976
 961
 938
 984
 909
 901
 926
 916
 959
 878
 890
 927
 932
 888
 895
 938
 941
 905
 892
 916
 906
 890
 969
 897
 871
 923
 851
 886
 898
 850
 880
 874
 861
 853
 870
 905
 820
 887
 872
 890
 888
 866
 866
 856
 860
 858
 825
 852
 837
 818
 860
 864
 798
 797
 786
 853
 805
 847
 870
 839
 833
 851
 792
 841
 743
 806
 807
 830
 789
 781
 815
 782
 771
 822
 769
 785
 779
 789
 718
 772
 776
 744
 763
 718
 799
 762
 743
 739
 755
 765
 758
 731
 744
 709
 730
 704
 750
 686
 749
 708
 708
 751
 794
 736
 725
 743
 733
 748
 707
 731
 727
 656
 761
 730
 705
 715
 700
 695
 717
 658
 726
 681
 739
 722
 641
 667
 694
 645
 642
 659
 679
 669
 701
 691
 667
 691
 691
 690
 670
 642
 709
 653
 663
 663
 637
 645
 642
 648
 642
 606
 662
 668
 675
 626
 636
 634
 618
 605
 688
 584
 624
 625
 598
 587
 610
 586
 575
 603
 629
 585
 625
 594
 575
 647
 573
 539
 584
 634
 609
 601
 647
 570
 532
 620
 598
 596
 586
 594
 566
 591
 536
 565
 596
 560
 572
 535
 513
 548
 564
 541
 578
 574
 568
 549
 562
 559
 550
 560
 517
 544
 595
 564
 517
 533
 544
 509
 510
 531
 515
 550
 555
 513
 552
 538
 526
 489
 502
 548
 508
 469
 527
 517
 520
 516
 488
 515
 518
 501
 508
 510
 535
 502
 456
 499
 525
 505
 472
 502
 496
 471
 469
 526
 454
 501
 476
 494
 512
 481
 453
 474
 457
 449
 485
 478
 480
 488
 483
 463
 455
 469
 454
 468
 466
 445
 438
 442
 464
 472
 464
 465
 478
 478
 434
 460
 435
 469
 509
 459
 486
 476
 454
 402
 438
 464
 442
 441
 403
 398
 397
 461
 422
 425
 392
 418
 415
 399
 452
 417
 412
 407
 415
 420
 391
 418
 439
 359
 436
 399
 410
 403
 414
 395
 398
 416
 353
 404
 380
 372
 409
 364
 393
 379
 396
 423
 395
 387
 381
 377
 366
 398
 360
 384
 399
 407
 382
 372
 379
 376
 393
 354
 394
 390
 382
 391
 360
 369
 347
 381
 362
 387
 375
 353
 363
 371
 366
 355
 320
 323
 350
 328
 371
 350
 355
 366
 325
 377
 355
 358
 336
 353
 328
 346
 329
 355
 348
 321
 366
 330
 316
 333
 348
 359
 306
 345
 330
 309
 331
 329
 331
 329
 332
 326
 332
 346
 317
 312
 316
 323
 288
 298
 315
 339
 331
 301
 286
 310
 345
 294
 298
 306
 331
 300
 303
 304
 298
 288
 288
 324
 285
 322
 314
 299
 307
 290
 286
 295
 276
 314
 310
 269
 310
 309
 318
 301
 277
 292
 292
 296
 284
 277
 304
 290
 275
 314
 304
 288
 312
 293
 302
 300
 279
 320
 272
 282
 288
 324
 309
 328
 270
 262
 306
 289
 279
 323
 293
 325
 286
 294
 305
 271
 294
 289
 281
 297
 297
 307
 319
 288
 333
 314
 305
 304
 341
 263
 292
 288
 305
 347
 301
 313
 343
 329
 301
 321
 326
 322
 363
 308
 335
 324
 365
 356
 341
 317
 390
 325
 399
 342
 373
 388
 378
 389
 372
 417
 364
 422
 402
 351
 426
 433
 421
 382
 437
 446
 404
 469
 490
 480
 476
 467
 475
 528
 483
 488
 536
 499
 493
 530
 503
 514
 523
 544
 516
 529
 553
 499
 509
 521
 495
 498
 553
 491
 534
 486
 494
 495
 530
 515
 476
 518
 547
 549
 529
 543
 522
 558
 584
 606
 570
 620
 631
 670
 639
 719
 714
 734
 792
 757
 784
 828
 848
 772
 859
 808
 861
 818
 880
 856
 884
 809
 823
 784
 760
 757
 783
 689
 672
 683
 629
 593
 557
 556
 501
 474
 461
 410
 387
 356
 393
 334
 341
 319
 285
 245
 267
 273
 237
 260
 203
 220
 198
 203
 208
 193
 198
 188
 197
 168
 174
 205
 191
 188
 178
 171
 176
 177
 165
 181
 157
 177
 168
 182
 171
 175
 156
 171
 160
 146
 163
 156
 144
 151
 166
 150
 144
 143
 151
 185
 143
 154
 132
 167
 145
 153
 160
 151
 148
 143
 159
 146
 133
 124
 157
 147
 151
 155
 136
 163
 128
 143
 158
 165
 140
 144
 149
 132
 156
 147
 138
 132
 145
 162
 130
 155
 133
 148
 137
 115
 148
 137
 149
 134
 139
 149
 121
 136
 133
 136
 124
 128
 136
 121
 132
 153
 137
 153
 113
 126
 159
 130
 130
 127
 112
 109
 143
 114
 137
 144
 144
 128
 127
 127
 134
 126
 135
 126
 124
 127
 123
 141
 131
 133
 125
 110
 133
 102
 121
 115
 127
 116
 134
 119
 136
 120
 112
 117
 124
 120
 144
 125
 116
 121
 125
 116
 134
 116
 120
 117
 118
 122
 151
 118
 134
 107
 123
 102
 114
 117
 105
 116
 109
 108
 118
 91
 116
 116
 107
 109
 125
 123
 106
 107
 110
 117
 113
 108
 118
 103
 114
 99
 99
 123
 109
 102
 112
 107
 109
 88
 97
 117
 116
 111
 121
 97
 116
 103
 100
 117
 111
 120
 101
 122
 119
 94
 122
 108
 104
 102
 104
 104
 105
 92
 114
 101
 94
 109
 112
 112
 110
 99
 98
 104
 99
 102
 103
 94
 106
 119
 102
 103
 88
 78
 104
 108
 101
 113
 116
 107
 100
 101
 105
 107
 89
 101
 107
 91
 86
 89
 95
 99
 103
 101
 101
 80
 98
 109
 91
 96
 98
 76
 122
 83
 81
 86
 104
 89
 87
 103
 99
 96
 91
 98
 88
 93
 72
 96
 87
 103
 88
 86
 86
 72
 90
 95
 79
 92
 82
 84
 95
 89
 101
 88
 94
 86
 94
 99
 84
 78
 83
 77
 97
 89
 88
 83
 82
 77
 70
 88
 85
 77
 88
 71
 87
 86
 78
 77
 81
 81
 89
 72
 83
 85
 90
 92
 74
 89
 92
 89
 74
 103
 64
 71
 82
 82
 88
 86
 68
 68
 83
 78
 78
 72
 96
 79
 57
 77
 85
 77
 74
 81
 82
 71
 79
 70
 101
 70
 91
 95
 76
 87
 77
 87
 74
 78
 72
 67
 76
 56
 74
 87
 65
 72
 88
 87
 60
 87
 92
 81
 78
 95
 88
 75
 68
 71
 82
 70
 62
 71
 72
 79
 76
 90
 91
 74
 87
 64
 69
 61
 79
 66
 85
 74
 62
 58
 71
 66
 68
 71
 54
 68
 69
 81
 67
 51
 47
 74
 69
 78
 66
 66
 68
 61
 66
 65
 81
 64
 74
 61
 63
 65
 78
 63
 62
 82
 72
 77
 69
 72
 75
 55
 76
 69
 68
 57
 72
 71
 84
 61
 61
 60
 75
 66
 63
 61
 71
 76
 53
 83
 59
 69
 52
 65
 69
 72
 61
 64
 61
 72
 59
 56
 63
 67
 58
 67
 67
 65
 65
 46
 49
 59
 61
 63
 46
 69
 64
 72
 64
 58
 58
 48
 60
 49
 68
 67
 59
 53
 70
 62
 63
 53
 58
 68
 54
 58
 73
 67
 71
 55
 76
 73
 63
 64
 65
 52
 68
 58
 49
 53
 63
 60
 52
 46
 40
 61
 62
 58
 69
 66
 63
 51
 56
 50
 57
 55
 61
 62
 51
 65
 53
 57
 68
 68
 55
 61
 51
 77
 61
 49
 61
 69
 56
 60
 50
 63
 71
 56
 49
 51
 53
 57
 59
 55
 64
 52
 45
 46
 50
 69
 52
 51
 51
 65
 58
 55
 54
 46
 47
 40
 64
 52
 57
 47
 51
 63
 44
 57
 52
 57
