VERSION:    3.1
ELEMENTS:              1
DATE:       JUN 11, 2017 16:05:43.**
CHANNELS:           4000
ROIS:        0
REAL_TIME:   248.1699982
LIVE_TIME:   220.2200012
CAL_OFFSET:  6.7178987e-002
CAL_SLOPE:   3.1603590e-002
CAL_QUAD:    0.0000000e+000
TWO_THETA:   9.0033941
DATA: 
 0
 0
 0
 0
 0
 0
 0
 0
 0
 0
 0
 0
 0
 0
 0
 0
 0
 0
 0
 0
 0
 0
 0
 0
 0
 0
 0
 0
 0
 0
 0
 0
 0
 0
 0
 0
 0
 0
 0
 0
 0
 0
 0
 0
 0
 0
 0
 0
 0
 0
 0
 0
 0
 0
 0
 0
 0
 0
 0
 0
 0
 0
 0
 0
 0
 0
 0
 0
 0
 0
 2
 22
 33
 24
 16
 37
 20
 22
 29
 16
 38
 28
 15
 24
 29
 29
 27
 29
 21
 29
 29
 29
 32
 28
 28
 35
 25
 35
 29
 31
 27
 33
 31
 42
 32
 48
 49
 44
 40
 52
 35
 54
 48
 48
 44
 62
 66
 49
 78
 60
 64
 74
 66
 68
 72
 84
 71
 80
 79
 68
 86
 93
 77
 85
 112
 94
 96
 101
 83
 105
 88
 85
 91
 94
 97
 125
 103
 104
 94
 97
 116
 118
 117
 126
 139
 124
 124
 131
 116
 145
 127
 129
 139
 142
 131
 144
 161
 130
 138
 137
 137
 120
 154
 148
 151
 144
 162
 173
 147
 139
 138
 150
 148
 159
 165
 168
 186
 167
 172
 156
 167
 170
 171
 174
 178
 155
 163
 154
 164
 163
 169
 172
 153
 178
 160
 178
 161
 153
 170
 171
 167
 177
 152
 159
 182
 160
 159
 167
 214
 179
 187
 144
 158
 180
 164
 156
 162
 175
 159
 193
 169
 171
 177
 167
 156
 149
 149
 167
 180
 164
 158
 139
 170
 171
 181
 159
 158
 162
 162
 178
 164
 163
 153
 166
 149
 185
 167
 142
 159
 139
 175
 178
 156
 166
 161
 166
 168
 155
 158
 139
 140
 153
 148
 144
 159
 183
 143
 164
 157
 151
 146
 150
 150
 143
 156
 171
 144
 134
 142
 154
 134
 143
 151
 125
 139
 173
 136
 162
 144
 153
 112
 136
 143
 153
 148
 139
 147
 141
 129
 133
 149
 139
 137
 134
 140
 123
 133
 127
 128
 131
 112
 139
 141
 114
 126
 140
 135
 150
 125
 122
 114
 121
 138
 124
 129
 115
 141
 125
 119
 122
 136
 104
 116
 144
 117
 111
 117
 119
 125
 129
 124
 120
 110
 115
 104
 122
 127
 113
 113
 98
 107
 116
 120
 111
 113
 99
 111
 100
 117
 112
 108
 100
 104
 105
 109
 109
 100
 84
 89
 119
 105
 96
 93
 96
 114
 109
 93
 97
 91
 81
 97
 99
 94
 91
 91
 84
 81
 86
 97
 85
 98
 93
 87
 97
 99
 81
 89
 94
 85
 81
 80
 83
 97
 63
 73
 74
 89
 79
 95
 68
 59
 75
 76
 78
 78
 70
 72
 84
 68
 88
 64
 68
 73
 52
 79
 79
 57
 54
 69
 59
 67
 49
 51
 74
 66
 73
 53
 80
 62
 66
 57
 60
 57
 71
 71
 59
 57
 71
 62
 58
 68
 68
 65
 53
 63
 71
 61
 62
 57
 53
 46
 56
 54
 38
 65
 44
 50
 54
 65
 63
 52
 51
 51
 57
 53
 63
 50
 52
 51
 58
 54
 49
 51
 57
 38
 52
 54
 61
 53
 40
 35
 55
 47
 38
 56
 41
 37
 33
 47
 46
 58
 46
 43
 56
 50
 40
 47
 50
 29
 43
 28
 47
 49
 38
 41
 34
 51
 34
 50
 37
 39
 43
 44
 35
 42
 57
 38
 43
 41
 39
 56
 39
 31
 34
 49
 36
 35
 38
 38
 31
 51
 36
 36
 42
 39
 46
 35
 23
 37
 37
 39
 38
 26
 27
 29
 24
 38
 21
 33
 39
 33
 28
 38
 38
 32
 33
 32
 29
 45
 32
 29
 36
 33
 39
 31
 34
 31
 26
 34
 32
 35
 25
 37
 32
 36
 34
 21
 39
 35
 30
 25
 33
 35
 16
 31
 26
 23
 25
 28
 29
 45
 39
 24
 24
 31
 30
 19
 36
 31
 21
 30
 18
 34
 26
 25
 35
 22
 25
 25
 24
 30
 29
 32
 26
 28
 22
 36
 26
 17
 28
 28
 30
 31
 28
 27
 30
 25
 25
 19
 24
 25
 31
 20
 25
 15
 25
 24
 27
 32
 21
 31
 20
 21
 22
 29
 24
 25
 12
 26
 27
 33
 20
 22
 22
 24
 27
 20
 22
 23
 18
 25
 21
 28
 35
 23
 29
 27
 21
 29
 18
 19
 24
 24
 23
 20
 21
 29
 25
 27
 18
 20
 14
 18
 25
 22
 27
 31
 27
 26
 31
 20
 20
 24
 25
 20
 21
 25
 18
 29
 24
 26
 17
 21
 17
 22
 26
 24
 36
 22
 21
 34
 21
 14
 26
 18
 24
 30
 21
 21
 18
 15
 25
 19
 25
 20
 24
 16
 26
 20
 25
 32
 31
 20
 33
 23
 25
 26
 28
 20
 29
 28
 32
 16
 27
 27
 28
 22
 31
 27
 17
 24
 24
 28
 26
 21
 27
 23
 19
 26
 23
 27
 35
 30
 18
 12
 32
 17
 32
 18
 22
 23
 28
 31
 28
 24
 26
 27
 24
 24
 25
 38
 29
 30
 32
 30
 24
 39
 32
 26
 34
 30
 21
 26
 37
 32
 26
 32
 31
 26
 30
 20
 38
 34
 42
 31
 25
 36
 24
 44
 47
 28
 38
 35
 34
 22
 28
 29
 30
 34
 44
 35
 30
 42
 36
 30
 32
 38
 29
 32
 43
 43
 32
 34
 36
 41
 43
 46
 39
 41
 44
 41
 32
 37
 38
 40
 38
 36
 35
 37
 27
 33
 34
 38
 38
 39
 30
 40
 36
 34
 32
 40
 45
 28
 32
 35
 37
 29
 42
 36
 39
 37
 32
 41
 42
 41
 42
 36
 41
 33
 37
 41
 34
 38
 35
 38
 45
 46
 30
 36
 37
 41
 36
 43
 42
 41
 47
 42
 35
 34
 44
 29
 38
 41
 49
 45
 35
 45
 40
 37
 56
 40
 46
 53
 45
 44
 36
 40
 38
 41
 31
 38
 38
 33
 48
 29
 29
 49
 30
 26
 39
 45
 39
 44
 51
 38
 43
 29
 44
 49
 47
 43
 43
 53
 46
 47
 46
 52
 40
 48
 44
 40
 47
 45
 53
 55
 54
 47
 48
 56
 57
 39
 59
 47
 51
 64
 59
 53
 63
 57
 42
 57
 54
 67
 59
 65
 67
 52
 63
 64
 53
 72
 61
 60
 61
 58
 63
 64
 64
 58
 67
 67
 74
 85
 62
 80
 60
 92
 80
 84
 92
 86
 104
 66
 100
 93
 90
 91
 103
 96
 102
 94
 105
 126
 78
 100
 98
 98
 102
 106
 98
 113
 133
 107
 113
 110
 121
 136
 118
 127
 133
 125
 139
 133
 133
 149
 168
 139
 167
 170
 163
 163
 173
 193
 154
 192
 169
 169
 192
 172
 182
 191
 209
 191
 211
 219
 196
 211
 221
 251
 243
 238
 240
 234
 251
 285
 273
 272
 273
 245
 288
 270
 282
 279
 291
 321
 322
 312
 320
 335
 312
 334
 368
 377
 399
 382
 353
 377
 368
 385
 378
 417
 384
 443
 431
 437
 417
 451
 474
 460
 474
 496
 507
 485
 520
 523
 585
 535
 537
 525
 568
 545
 570
 595
 594
 606
 633
 623
 630
 612
 659
 650
 650
 695
 682
 701
 673
 658
 743
 763
 715
 725
 724
 729
 749
 762
 750
 811
 814
 825
 795
 848
 868
 773
 828
 869
 910
 885
 886
 932
 906
 912
 949
 914
 952
 948
 918
 946
 938
 927
 981
 967
 987
 1007
 1019
 1089
 974
 1003
 1068
 1060
 1083
 1054
 1059
 990
 1037
 998
 1022
 1024
 1099
 1104
 1064
 1057
 1061
 1078
 1081
 1019
 1109
 1064
 1063
 1099
 1103
 1147
 1089
 1168
 1166
 1076
 1100
 1098
 1100
 1069
 1120
 1084
 1130
 1120
 1093
 1157
 1115
 1177
 1099
 1110
 1102
 1082
 1066
 1090
 1081
 1105
 1136
 1089
 1127
 1144
 1128
 1102
 1097
 1105
 1086
 1055
 1155
 1146
 1111
 1083
 1123
 1122
 1067
 1125
 1077
 1084
 1110
 1091
 1057
 1040
 1073
 1113
 1099
 1088
 1106
 1083
 1039
 1148
 986
 1027
 1091
 1101
 1028
 1081
 1017
 1042
 1083
 1087
 1047
 1087
 1018
 1035
 1043
 1099
 1018
 1074
 1025
 1028
 1043
 1075
 1006
 1038
 1049
 1065
 1015
 1069
 1026
 1032
 998
 1096
 1027
 1073
 1008
 973
 1013
 1016
 935
 954
 974
 1024
 1016
 999
 1014
 935
 1077
 1004
 991
 1001
 962
 950
 945
 958
 1014
 959
 990
 926
 956
 957
 957
 980
 955
 940
 1006
 908
 914
 932
 939
 951
 960
 881
 989
 983
 958
 977
 916
 877
 865
 846
 901
 905
 905
 916
 913
 920
 917
 947
 927
 866
 897
 867
 940
 881
 899
 893
 884
 861
 866
 890
 916
 901
 908
 846
 869
 845
 860
 899
 876
 880
 886
 900
 916
 916
 877
 866
 855
 887
 865
 895
 816
 862
 832
 892
 844
 888
 834
 884
 879
 851
 841
 817
 808
 894
 842
 829
 886
 874
 800
 804
 846
 799
 858
 833
 841
 796
 827
 855
 846
 813
 806
 814
 838
 808
 786
 882
 850
 842
 778
 820
 820
 882
 900
 813
 819
 793
 844
 854
 838
 892
 837
 820
 804
 763
 792
 823
 809
 779
 827
 824
 847
 836
 831
 781
 819
 829
 814
 857
 846
 755
 838
 754
 820
 805
 783
 800
 795
 799
 821
 798
 859
 795
 819
 819
 763
 820
 788
 824
 841
 832
 820
 793
 779
 756
 778
 801
 826
 809
 794
 795
 820
 810
 790
 792
 794
 794
 762
 782
 829
 818
 789
 783
 741
 796
 787
 762
 828
 765
 770
 796
 781
 740
 831
 801
 791
 784
 831
 816
 780
 805
 753
 811
 825
 760
 756
 833
 824
 847
 784
 773
 824
 788
 771
 810
 818
 795
 777
 750
 782
 738
 745
 763
 807
 756
 825
 783
 772
 815
 799
 794
 747
 783
 862
 728
 774
 824
 821
 763
 833
 772
 840
 798
 763
 785
 796
 828
 807
 837
 764
 760
 796
 833
 806
 762
 778
 754
 803
 796
 826
 801
 808
 849
 815
 789
 813
 790
 845
 836
 769
 784
 818
 738
 754
 862
 780
 757
 798
 757
 755
 843
 852
 783
 823
 802
 765
 812
 790
 791
 818
 823
 822
 780
 747
 826
 772
 805
 817
 810
 797
 804
 818
 778
 794
 776
 819
 790
 808
 812
 808
 864
 867
 815
 832
 808
 822
 815
 835
 833
 804
 820
 789
 820
 790
 823
 885
 813
 792
 839
 846
 808
 791
 849
 824
 801
 846
 777
 827
 822
 809
 858
 862
 834
 862
 816
 848
 824
 812
 823
 851
 826
 823
 840
 838
 861
 775
 811
 838
 861
 818
 867
 821
 799
 843
 823
 764
 839
 843
 854
 810
 897
 885
 841
 849
 820
 875
 840
 817
 873
 832
 848
 880
 835
 843
 898
 852
 903
 831
 863
 895
 839
 928
 850
 864
 833
 913
 856
 854
 930
 863
 866
 903
 881
 914
 882
 894
 896
 861
 869
 951
 849
 886
 881
 944
 947
 881
 950
 879
 875
 905
 787
 890
 897
 898
 874
 920
 888
 850
 909
 875
 903
 903
 935
 941
 939
 976
 888
 898
 920
 929
 926
 906
 924
 885
 954
 917
 976
 970
 921
 966
 852
 911
 933
 965
 940
 915
 927
 901
 939
 968
 925
 909
 942
 932
 926
 949
 915
 928
 972
 905
 908
 967
 935
 892
 960
 936
 993
 947
 988
 991
 913
 919
 995
 997
 988
 975
 966
 959
 981
 960
 1001
 1000
 979
 1023
 945
 1012
 981
 994
 984
 1028
 921
 1010
 971
 1022
 990
 1051
 1037
 1043
 993
 1082
 1008
 1004
 957
 1042
 1041
 974
 1026
 979
 1053
 1036
 1051
 1002
 1010
 1029
 998
 1063
 1015
 1061
 1028
 1017
 1105
 1003
 992
 1009
 1067
 1064
 1049
 1058
 1003
 1053
 1025
 975
 1033
 1044
 1043
 1087
 1047
 1066
 1092
 1031
 1079
 1073
 1075
 1133
 1053
 1057
 1101
 1055
 1077
 1091
 1114
 1150
 1076
 1033
 1076
 1097
 1086
 1082
 1125
 1088
 1086
 1065
 1093
 1074
 1094
 1058
 1154
 1053
 1087
 1128
 1155
 1186
 1146
 1090
 1103
 1150
 1121
 1122
 1089
 1175
 1133
 1165
 1128
 1183
 1116
 1143
 1115
 1117
 1140
 1164
 1146
 1125
 1149
 1095
 1169
 1182
 1210
 1166
 1188
 1201
 1100
 1147
 1147
 1154
 1109
 1172
 1120
 1150
 1136
 1108
 1168
 1166
 1123
 1168
 1139
 1139
 1144
 1200
 1169
 1145
 1243
 1158
 1198
 1242
 1190
 1176
 1138
 1223
 1153
 1246
 1189
 1226
 1249
 1172
 1117
 1185
 1266
 1257
 1204
 1156
 1236
 1183
 1211
 1185
 1191
 1231
 1155
 1231
 1186
 1302
 1189
 1145
 1203
 1199
 1193
 1326
 1145
 1179
 1205
 1269
 1246
 1250
 1235
 1208
 1241
 1247
 1183
 1208
 1240
 1236
 1235
 1271
 1237
 1195
 1201
 1200
 1246
 1234
 1141
 1294
 1272
 1252
 1175
 1205
 1144
 1277
 1236
 1321
 1275
 1235
 1233
 1260
 1246
 1236
 1240
 1221
 1205
 1297
 1242
 1227
 1304
 1311
 1229
 1220
 1156
 1191
 1253
 1222
 1188
 1208
 1267
 1242
 1239
 1268
 1288
 1223
 1204
 1226
 1234
 1216
 1217
 1245
 1242
 1226
 1231
 1236
 1190
 1225
 1262
 1239
 1214
 1234
 1251
 1196
 1291
 1195
 1134
 1275
 1230
 1213
 1226
 1212
 1205
 1146
 1210
 1161
 1161
 1243
 1215
 1206
 1231
 1164
 1227
 1209
 1197
 1158
 1132
 1207
 1189
 1182
 1243
 1208
 1239
 1183
 1170
 1207
 1162
 1273
 1158
 1124
 1149
 1122
 1223
 1225
 1180
 1216
 1172
 1169
 1173
 1160
 1174
 1136
 1217
 1170
 1188
 1159
 1164
 1164
 1160
 1196
 1151
 1132
 1150
 1085
 1124
 1175
 1151
 1155
 1180
 1187
 1165
 1134
 1108
 1170
 1174
 1058
 1151
 1160
 1125
 1078
 1178
 1106
 1084
 1081
 1117
 1146
 1093
 1080
 1087
 1096
 1101
 1156
 1099
 1047
 1096
 1082
 1038
 1114
 1140
 1002
 1099
 1081
 1105
 1057
 1114
 1087
 1046
 1025
 1125
 1027
 1084
 1070
 1058
 1073
 1059
 1087
 1051
 1064
 1061
 1058
 1068
 1086
 1064
 1069
 1052
 1026
 1024
 1074
 1055
 1080
 1039
 1033
 976
 1038
 1000
 1043
 990
 933
 924
 913
 950
 912
 870
 900
 877
 891
 853
 811
 854
 835
 841
 818
 834
 831
 799
 795
 781
 809
 827
 789
 848
 829
 830
 782
 775
 784
 803
 785
 770
 782
 770
 799
 747
 798
 798
 775
 810
 755
 799
 799
 772
 767
 773
 810
 803
 759
 741
 732
 737
 761
 663
 757
 710
 753
 713
 747
 733
 767
 740
 753
 687
 800
 735
 729
 755
 764
 770
 699
 715
 746
 673
 726
 658
 715
 706
 734
 695
 679
 753
 739
 682
 744
 714
 755
 718
 679
 693
 685
 762
 686
 651
 686
 647
 699
 692
 722
 717
 699
 699
 737
 695
 722
 719
 725
 702
 689
 655
 659
 714
 696
 633
 673
 737
 696
 683
 669
 676
 714
 606
 662
 651
 641
 643
 600
 676
 662
 679
 668
 683
 625
 673
 595
 662
 593
 666
 644
 633
 655
 599
 651
 636
 619
 643
 594
 657
 632
 642
 583
 603
 613
 599
 613
 624
 635
 608
 604
 629
 581
 632
 602
 579
 644
 583
 607
 582
 558
 640
 596
 597
 527
 560
 613
 568
 610
 547
 614
 610
 582
 563
 592
 597
 567
 575
 566
 549
 543
 598
 565
 553
 563
 603
 582
 583
 529
 557
 540
 531
 557
 558
 524
 523
 561
 570
 556
 524
 548
 534
 529
 531
 541
 574
 516
 519
 559
 506
 506
 549
 504
 548
 483
 495
 505
 499
 505
 515
 470
 508
 563
 580
 503
 491
 517
 516
 525
 494
 509
 491
 503
 473
 470
 508
 445
 473
 476
 477
 499
 477
 441
 514
 473
 480
 471
 464
 442
 477
 449
 467
 488
 512
 476
 474
 428
 472
 453
 469
 440
 486
 472
 465
 461
 464
 436
 404
 475
 433
 449
 453
 479
 454
 444
 413
 441
 436
 430
 450
 442
 436
 412
 451
 430
 427
 432
 449
 412
 447
 413
 419
 445
 448
 438
 429
 446
 434
 417
 393
 430
 420
 385
 434
 398
 379
 428
 392
 413
 370
 397
 385
 432
 395
 391
 384
 395
 385
 435
 387
 394
 356
 407
 341
 398
 407
 383
 377
 362
 371
 379
 416
 380
 388
 387
 388
 346
 404
 371
 399
 366
 380
 344
 367
 403
 384
 375
 323
 385
 356
 369
 352
 373
 350
 355
 337
 348
 359
 374
 333
 392
 337
 345
 330
 373
 343
 351
 309
 352
 357
 350
 354
 336
 364
 351
 332
 343
 363
 343
 311
 333
 365
 322
 310
 340
 340
 352
 338
 335
 325
 351
 331
 340
 341
 291
 346
 335
 313
 348
 322
 300
 325
 339
 347
 345
 292
 352
 323
 324
 335
 315
 333
 295
 289
 327
 325
 305
 308
 307
 328
 309
 320
 337
 309
 312
 312
 330
 297
 294
 331
 327
 298
 309
 283
 325
 286
 289
 322
 316
 296
 260
 314
 304
 292
 278
 286
 302
 292
 312
 315
 298
 264
 288
 315
 296
 274
 292
 262
 277
 286
 297
 281
 285
 257
 260
 305
 284
 285
 255
 299
 280
 291
 287
 289
 286
 281
 259
 279
 262
 294
 272
 276
 271
 271
 287
 254
 293
 256
 254
 254
 236
 268
 287
 298
 245
 258
 236
 254
 261
 256
 264
 261
 265
 258
 284
 252
 257
 259
 275
 259
 269
 241
 264
 246
 248
 244
 231
 262
 280
 239
 246
 240
 267
 263
 221
 244
 270
 254
 269
 266
 246
 267
 249
 257
 259
 255
 254
 272
 252
 231
 254
 224
 222
 227
 238
 257
 230
 233
 228
 253
 241
 251
 256
 253
 275
 232
 248
 234
 255
 213
 222
 208
 203
 224
 249
 248
 225
 221
 249
 236
 222
 222
 232
 255
 232
 204
 244
 217
 223
 244
 206
 256
 243
 255
 222
 220
 223
 213
 250
 243
 222
 226
 224
 242
 227
 217
 199
 225
 214
 199
 227
 196
 207
 201
 237
 195
 209
 228
 214
 231
 223
 238
 214
 223
 234
 212
 223
 215
 202
 196
 231
 205
 206
 200
 208
 215
 221
 194
 193
 167
 195
 203
 223
 202
 198
 193
 206
 205
 219
 211
 196
 211
 204
 204
 194
 190
 207
 213
 219
 173
 193
 186
 188
 183
 194
 186
 183
 209
 197
 208
 207
 189
 193
 220
 187
 198
 209
 170
 223
 209
 208
 199
 189
 210
 204
 212
 186
 204
 192
 225
 192
 195
 190
 175
 186
 215
 177
 207
 201
 200
 193
 215
 203
 199
 209
 186
 184
 189
 175
 194
 191
 200
 184
 173
 197
 184
 190
 208
 203
 190
 188
 207
 172
 189
 169
 201
 179
 206
 157
 186
 162
 193
 186
 174
 186
 188
 168
 172
 157
 194
 165
 228
 189
 179
 173
 144
 177
 194
 168
 168
 165
 154
 160
 178
 184
 189
 164
 174
 178
 166
 177
 163
 149
 198
 152
 163
 172
 180
 174
 187
 164
 186
 189
 177
 154
 166
 184
 169
 191
 178
 164
 155
 153
 157
 177
 180
 176
 181
 153
 177
 145
 167
 161
 154
 155
 175
 153
 177
 182
 163
 187
 156
 162
 175
 155
 167
 156
 140
 170
 168
 190
 150
 144
 156
 160
 142
 167
 145
 157
 164
 134
 174
 176
 151
 141
 141
 153
 163
 152
 166
 159
 139
 156
 157
 141
 158
 146
 136
 164
 163
 134
 147
 151
 140
 127
 186
 160
 165
 151
 168
 135
 149
 145
 132
 132
 152
 138
 138
 146
 138
 154
 171
 150
 136
 142
 151
 148
 153
 155
 160
 135
 159
 153
 136
 134
 158
 128
 142
 132
 155
 121
 132
 146
 153
 157
 150
 153
 133
 127
 143
 131
 157
 153
 146
 128
 124
 135
 171
 151
 138
 133
 154
 123
 118
 158
 119
 132
 147
 104
 133
 123
 134
 116
 151
 152
 142
 115
 138
 142
 129
 141
 147
 124
 135
 130
 153
 117
 122
 97
 117
 147
 146
 137
 130
 135
 132
 109
 128
 135
 134
 129
 127
 141
 141
 130
 144
 131
 149
 129
 126
 120
 108
 134
 118
 120
 134
 127
 122
 114
 110
 113
 117
 120
 129
 125
 129
 133
 106
 117
 115
 148
 119
 114
 128
 129
 105
 137
 142
 107
 118
 108
 110
 132
 103
 134
 121
 114
 98
 113
 106
 118
 118
 103
 123
 104
 118
 129
 99
 108
 98
 99
 99
 114
 102
 107
 124
 105
 115
 119
 119
 123
 103
 97
 106
 104
 106
 106
 89
 115
 112
 100
 110
 112
 131
 117
 103
 115
 106
 112
 105
 114
 103
 118
 102
 87
 98
 109
 120
 112
 101
 94
 122
 105
 109
 95
 101
 113
 100
 116
 97
 92
 95
 107
 113
 97
 113
 107
 98
 83
 95
 91
 97
 103
 76
 97
 104
 112
 81
 88
 112
 96
 94
 109
 100
 103
 104
 106
 98
 105
 95
 92
 96
 113
 106
 106
 117
 91
 91
 104
 87
 101
 105
 99
 106
 87
 109
 84
 99
 93
 97
 87
 100
 87
 102
 89
 94
 101
 88
 83
 109
 114
 93
 109
 83
 86
 83
 105
 99
 96
 91
 99
 91
 105
 84
 97
 81
 84
 80
 72
 107
 93
 76
 96
 95
 74
 65
 82
 90
 77
 70
 75
 97
 94
 83
 79
 87
 93
 82
 71
 86
 93
 76
 70
 79
 87
 72
 90
 87
 90
 87
 93
 81
 65
 73
 79
 85
 98
 86
 72
 51
 71
 74
 78
 79
 92
 90
 83
 81
 90
 105
 66
 73
 89
 84
 75
 82
 80
 79
 93
 66
 71
 86
 78
 83
 72
 56
 64
 70
 70
 77
 62
 65
 72
 63
 70
 74
 75
 64
 66
 67
 61
 75
 71
 71
 79
 84
 63
 75
 74
 78
 56
 64
 73
 70
 52
 58
 69
 66
 75
 70
 61
 70
 63
 58
 77
 74
 70
 71
 67
 63
 68
 70
 52
 60
 64
 52
 56
 66
 98
 73
 70
 58
 66
 48
 60
 66
 75
 78
 58
 58
 57
 59
 57
 61
 57
 67
 59
 74
 62
 71
 50
 76
 73
 74
 49
 66
 59
 61
 60
 68
 61
 63
 55
 68
 56
 72
 57
 79
 64
 69
 59
 61
 72
 59
 75
 72
 49
 64
 66
 66
 63
 48
 60
 50
 51
 49
 73
 73
 69
 66
 70
 47
 53
 56
 66
 57
 59
 52
 51
 51
 61
 63
 67
 60
 48
 41
 56
 56
 68
 48
 47
 46
 72
 52
 40
 63
 49
 61
 53
 50
 55
 49
 40
 60
 61
 51
 60
 51
 53
 49
 36
 73
 49
 55
 51
 49
 42
 54
 60
 44
 51
 43
 57
 41
 52
 57
 57
 52
 54
 38
 55
 53
 57
 48
 77
 53
 42
 55
 39
 48
 53
 53
 43
 43
 35
 60
 41
 45
 39
 41
 54
 35
 41
 46
 49
 62
 43
 39
 45
 44
 50
 57
 57
 56
 44
 54
 54
 53
 41
 55
 44
 52
 39
 41
 44
 42
 44
 42
 45
 48
 40
 47
 44
 39
 51
 57
 45
 52
 47
 42
 47
 34
 40
 44
 36
 44
 42
 56
 35
 38
 47
 47
 38
 39
 42
 43
 41
 45
 35
 36
 46
 47
 47
 41
 54
 42
 43
 46
 46
 58
 36
 39
 43
 52
 40
 37
 39
 43
 35
 49
 52
 35
 45
 47
 38
 37
 42
 31
 49
 39
 35
 38
 38
 47
 47
 42
 47
 31
 47
 46
 42
 32
 44
 31
 47
 39
 40
 45
 38
 44
 38
 43
 25
 46
 30
 36
 38
 43
 42
 38
 27
 32
 40
 35
 39
 28
 33
 37
 33
 33
 42
 34
 28
 44
 31
 30
 32
 44
 32
 31
 31
 37
 36
 45
 36
 32
 35
 38
 48
 32
 33
 36
 30
 38
 37
 39
 37
 38
 33
 33
 37
 31
 43
 28
 28
 38
 28
 31
 42
 38
 31
 37
 28
 38
 37
 25
 33
 35
 28
 20
 36
 39
 27
 34
 36
 32
 25
 31
 29
 33
 31
 29
 28
 37
 31
 22
 39
 30
 29
 29
 40
 25
 27
 28
 32
 27
 34
 28
 27
 23
 28
 27
 22
 23
 23
 21
 36
 30
 35
 35
 35
 38
 35
 29
 33
 33
 37
 29
 29
 32
 34
 27
 32
 36
 25
 30
 19
 31
 30
 24
 32
 33
 19
 48
 25
 23
 25
 23
 19
 36
 30
 29
 24
 30
 34
 21
 21
 41
 24
 28
 22
 27
 29
 28
 26
 19
 20
 29
 26
 25
 24
 29
 29
 31
 27
 20
 28
 24
 23
 23
 33
 23
 37
 29
 31
 35
 29
 31
 29
 32
 33
 23
 21
 23
 29
 34
 20
 25
 29
 29
 30
 35
 26
 36
 38
 26
 26
 26
 25
 24
 16
 25
 37
 26
 23
 21
 17
 24
 15
 31
 32
 33
 26
 24
 28
 31
 17
 23
 23
 23
 17
 27
 21
 26
 18
 21
 27
 30
 25
 34
 31
 27
 21
 20
 27
 23
 26
 14
 15
 24
 20
 21
 27
 20
 25
 26
 28
 24
 20
 19
 22
 23
 23
 17
 21
 24
 19
 30
 33
 19
 32
 29
 29
 24
 19
 17
 23
 21
 21
 24
 20
 28
 20
 23
 27
 26
 17
 21
 27
 25
 17
 26
 27
 28
 21
 16
 22
 27
 23
 22
 22
 20
 25
 25
 22
 20
 19
 20
 19
 28
 18
 18
 18
 20
 16
 24
 27
 27
 21
