VERSION:    3.1
ELEMENTS:              1
DATE:       JUN 11, 2017 16:37:18.**
CHANNELS:           4000
ROIS:        0
REAL_TIME:   824.6599731
LIVE_TIME:   800.2600098
CAL_OFFSET:  6.7178987e-002
CAL_SLOPE:   3.1603590e-002
CAL_QUAD:    0.0000000e+000
TWO_THETA:   22.0033941
DATA: 
 0
 0
 0
 0
 0
 0
 0
 0
 0
 0
 0
 0
 0
 0
 0
 0
 0
 0
 0
 0
 0
 0
 0
 0
 0
 0
 0
 0
 0
 0
 0
 0
 0
 0
 0
 0
 0
 0
 0
 0
 0
 0
 0
 0
 0
 0
 0
 0
 0
 0
 0
 0
 0
 0
 0
 0
 0
 0
 0
 0
 0
 0
 0
 0
 0
 0
 0
 0
 0
 0
 1
 32
 34
 13
 29
 32
 31
 15
 27
 22
 27
 29
 27
 25
 34
 21
 22
 24
 22
 41
 35
 32
 20
 24
 29
 20
 27
 31
 33
 35
 27
 32
 31
 30
 35
 28
 28
 37
 32
 32
 44
 27
 32
 28
 27
 44
 46
 50
 51
 56
 43
 39
 50
 49
 41
 47
 43
 60
 54
 58
 41
 72
 69
 56
 62
 61
 46
 68
 85
 79
 51
 79
 81
 81
 91
 87
 93
 89
 72
 99
 83
 94
 74
 96
 98
 95
 117
 101
 113
 109
 113
 101
 133
 100
 118
 126
 108
 109
 117
 120
 116
 135
 114
 121
 113
 87
 130
 111
 131
 148
 129
 117
 147
 124
 156
 144
 129
 143
 124
 141
 118
 146
 141
 152
 153
 151
 144
 152
 163
 142
 137
 160
 163
 148
 124
 152
 167
 141
 167
 144
 144
 144
 162
 146
 141
 152
 165
 141
 144
 155
 158
 169
 176
 160
 138
 153
 150
 169
 141
 151
 137
 185
 163
 158
 148
 144
 195
 155
 152
 143
 152
 133
 151
 147
 152
 157
 141
 155
 165
 153
 133
 162
 142
 137
 168
 130
 169
 154
 151
 131
 126
 150
 127
 137
 138
 142
 155
 142
 134
 157
 122
 133
 132
 131
 127
 150
 126
 140
 137
 157
 131
 142
 153
 128
 127
 117
 139
 130
 121
 128
 141
 144
 138
 120
 131
 132
 134
 129
 132
 129
 122
 139
 120
 108
 135
 115
 119
 142
 124
 111
 121
 131
 121
 107
 118
 123
 98
 149
 122
 110
 105
 109
 111
 118
 120
 113
 124
 110
 112
 98
 104
 105
 124
 127
 105
 105
 110
 95
 103
 106
 116
 117
 110
 129
 107
 106
 110
 104
 101
 107
 119
 92
 104
 97
 99
 114
 110
 102
 93
 107
 113
 81
 101
 85
 91
 71
 85
 90
 90
 80
 93
 102
 81
 97
 77
 84
 82
 90
 86
 89
 87
 84
 74
 81
 90
 78
 79
 80
 73
 85
 89
 75
 91
 81
 84
 67
 71
 78
 70
 64
 93
 75
 82
 82
 69
 87
 64
 58
 56
 80
 70
 71
 74
 73
 62
 75
 50
 78
 75
 79
 67
 76
 91
 72
 64
 75
 70
 68
 60
 73
 73
 57
 69
 76
 67
 69
 74
 72
 51
 76
 63
 59
 61
 48
 64
 63
 61
 53
 65
 67
 46
 57
 55
 73
 59
 59
 67
 52
 56
 55
 55
 53
 50
 60
 60
 58
 43
 58
 60
 45
 65
 71
 63
 58
 50
 58
 61
 61
 65
 77
 73
 54
 56
 56
 39
 52
 54
 61
 47
 62
 51
 53
 71
 60
 58
 59
 48
 52
 48
 58
 40
 54
 64
 45
 54
 61
 49
 40
 51
 43
 40
 33
 58
 42
 45
 59
 41
 40
 46
 38
 43
 48
 42
 53
 44
 44
 55
 35
 40
 41
 56
 42
 44
 36
 41
 37
 51
 41
 37
 39
 37
 43
 37
 47
 33
 35
 39
 53
 39
 46
 46
 38
 46
 45
 49
 52
 35
 39
 38
 35
 40
 39
 33
 37
 32
 39
 40
 40
 41
 37
 41
 35
 39
 45
 27
 38
 34
 35
 42
 27
 37
 42
 32
 48
 40
 36
 32
 34
 37
 30
 36
 44
 39
 35
 37
 28
 42
 37
 34
 41
 26
 37
 38
 43
 37
 41
 39
 41
 42
 39
 38
 43
 38
 45
 42
 28
 42
 29
 47
 34
 27
 33
 26
 30
 33
 32
 37
 40
 34
 31
 27
 36
 30
 31
 42
 31
 31
 27
 28
 27
 32
 25
 46
 36
 35
 30
 36
 22
 39
 32
 33
 38
 29
 38
 30
 37
 28
 31
 34
 32
 26
 32
 25
 27
 33
 30
 35
 36
 32
 31
 39
 37
 31
 26
 27
 38
 29
 24
 30
 17
 28
 25
 41
 26
 29
 37
 31
 34
 25
 37
 37
 29
 24
 34
 27
 27
 23
 31
 32
 27
 28
 35
 32
 29
 35
 35
 30
 31
 33
 25
 29
 22
 40
 31
 28
 28
 41
 28
 32
 29
 38
 25
 26
 28
 29
 31
 27
 30
 25
 32
 39
 23
 33
 30
 27
 29
 31
 30
 25
 36
 32
 25
 32
 42
 34
 30
 32
 29
 29
 32
 25
 27
 27
 33
 31
 38
 34
 51
 33
 33
 34
 35
 36
 33
 33
 38
 33
 45
 34
 27
 32
 34
 35
 35
 32
 33
 33
 29
 30
 34
 27
 27
 36
 23
 32
 32
 31
 36
 35
 30
 26
 28
 41
 30
 29
 27
 31
 32
 34
 33
 30
 27
 25
 34
 32
 37
 28
 38
 23
 37
 36
 33
 41
 36
 31
 31
 31
 37
 27
 30
 28
 29
 24
 35
 39
 47
 42
 24
 43
 39
 34
 41
 32
 40
 31
 30
 31
 24
 46
 33
 38
 34
 40
 38
 28
 30
 28
 38
 28
 27
 46
 37
 39
 30
 43
 41
 42
 30
 33
 44
 35
 41
 42
 44
 33
 43
 35
 33
 41
 41
 41
 39
 46
 47
 31
 40
 40
 49
 40
 34
 32
 43
 48
 34
 39
 48
 29
 38
 36
 33
 44
 39
 31
 44
 44
 42
 40
 39
 43
 41
 47
 51
 49
 41
 42
 55
 39
 52
 44
 34
 43
 50
 37
 57
 47
 45
 53
 53
 47
 58
 50
 47
 52
 32
 45
 41
 46
 43
 53
 42
 60
 57
 38
 49
 49
 53
 54
 38
 42
 43
 59
 47
 50
 48
 53
 61
 55
 46
 53
 57
 45
 72
 58
 56
 61
 59
 55
 44
 65
 56
 56
 49
 75
 51
 52
 59
 68
 74
 70
 60
 57
 67
 66
 56
 62
 69
 77
 69
 69
 70
 61
 82
 76
 79
 96
 70
 70
 81
 82
 85
 80
 82
 76
 92
 93
 80
 73
 80
 74
 90
 90
 89
 97
 92
 95
 100
 86
 90
 70
 78
 80
 124
 102
 88
 88
 95
 92
 100
 89
 109
 113
 101
 99
 98
 92
 108
 104
 96
 102
 102
 107
 116
 102
 108
 105
 109
 100
 98
 118
 114
 109
 109
 110
 97
 115
 108
 95
 129
 119
 140
 115
 109
 116
 130
 130
 116
 112
 126
 139
 133
 135
 118
 149
 145
 123
 118
 140
 125
 131
 141
 119
 154
 121
 148
 165
 160
 127
 154
 147
 149
 158
 146
 150
 170
 161
 182
 148
 170
 165
 141
 148
 153
 176
 161
 162
 182
 175
 163
 153
 183
 166
 163
 172
 188
 146
 177
 193
 205
 179
 177
 161
 195
 206
 190
 196
 219
 207
 192
 207
 192
 205
 219
 183
 200
 199
 202
 223
 237
 234
 197
 222
 225
 217
 199
 240
 228
 252
 190
 244
 230
 225
 268
 237
 223
 250
 252
 216
 235
 229
 255
 245
 246
 276
 271
 245
 245
 229
 273
 278
 296
 284
 234
 275
 263
 256
 255
 291
 295
 265
 280
 311
 298
 301
 276
 281
 299
 293
 293
 315
 325
 305
 312
 296
 304
 340
 312
 342
 376
 310
 306
 300
 269
 340
 332
 337
 336
 358
 343
 324
 338
 336
 345
 366
 389
 349
 369
 391
 363
 368
 396
 383
 344
 357
 387
 375
 381
 399
 415
 398
 381
 401
 414
 405
 424
 403
 405
 403
 425
 415
 376
 433
 390
 461
 432
 451
 427
 451
 438
 432
 449
 420
 467
 455
 425
 491
 439
 439
 465
 486
 453
 458
 417
 451
 481
 461
 486
 518
 462
 489
 518
 502
 486
 539
 477
 532
 538
 514
 475
 509
 524
 514
 546
 557
 535
 561
 547
 516
 552
 544
 515
 513
 527
 520
 555
 565
 599
 548
 548
 555
 566
 529
 556
 556
 585
 578
 576
 586
 593
 529
 580
 581
 612
 562
 568
 629
 587
 638
 570
 552
 616
 627
 602
 642
 599
 609
 626
 620
 652
 590
 660
 611
 717
 664
 627
 591
 616
 636
 680
 641
 650
 605
 627
 671
 639
 684
 678
 639
 691
 670
 717
 660
 682
 679
 688
 648
 682
 661
 661
 649
 639
 724
 661
 712
 663
 683
 698
 744
 691
 753
 716
 696
 697
 711
 698
 721
 717
 706
 709
 726
 743
 709
 733
 687
 734
 688
 721
 760
 753
 741
 734
 773
 762
 667
 738
 744
 737
 740
 703
 741
 733
 782
 700
 748
 785
 700
 712
 748
 735
 751
 800
 777
 749
 805
 758
 790
 735
 781
 747
 728
 783
 767
 759
 803
 789
 774
 725
 764
 885
 770
 788
 795
 774
 802
 788
 768
 779
 792
 819
 795
 758
 812
 835
 817
 852
 824
 782
 818
 809
 791
 819
 825
 813
 816
 844
 798
 824
 866
 898
 788
 872
 818
 915
 837
 813
 834
 831
 834
 876
 838
 786
 862
 861
 918
 870
 867
 836
 949
 823
 853
 837
 859
 833
 857
 812
 884
 800
 847
 890
 908
 868
 839
 832
 841
 868
 907
 858
 874
 887
 912
 850
 819
 849
 802
 929
 850
 860
 924
 931
 860
 898
 904
 868
 914
 852
 817
 874
 903
 888
 860
 915
 886
 874
 886
 905
 867
 913
 908
 855
 881
 872
 915
 907
 908
 906
 894
 923
 870
 886
 925
 869
 897
 931
 862
 900
 918
 887
 896
 923
 919
 877
 985
 949
 927
 925
 947
 951
 953
 914
 895
 938
 966
 951
 875
 950
 968
 926
 926
 933
 955
 954
 937
 976
 931
 942
 976
 904
 930
 944
 963
 921
 935
 930
 1017
 940
 975
 965
 936
 957
 966
 914
 930
 985
 959
 983
 946
 943
 878
 920
 959
 962
 983
 1018
 985
 941
 961
 958
 945
 988
 937
 963
 959
 923
 996
 950
 980
 962
 991
 988
 944
 954
 1018
 948
 957
 1052
 973
 953
 1008
 982
 958
 946
 992
 972
 945
 1003
 999
 993
 1042
 948
 1003
 988
 994
 1009
 1062
 1026
 981
 1010
 1009
 1000
 1019
 1028
 975
 1004
 1022
 1020
 1045
 1033
 1040
 1046
 998
 957
 982
 975
 968
 942
 960
 1035
 991
 971
 1040
 1026
 1025
 1012
 985
 1012
 953
 1011
 1050
 1025
 1056
 1038
 1032
 1043
 1044
 1003
 1048
 1002
 1027
 1057
 957
 1019
 999
 989
 1078
 992
 1032
 1017
 996
 1002
 1002
 1020
 1071
 1048
 1035
 1013
 1037
 1023
 976
 1002
 1034
 1012
 1058
 1000
 1020
 1025
 1042
 995
 1057
 1056
 996
 1023
 1019
 1044
 1024
 1038
 1031
 1049
 1063
 1036
 1015
 1009
 1075
 1031
 1005
 1023
 1046
 1065
 1061
 1017
 1019
 1023
 1082
 1029
 1024
 1073
 1005
 1039
 1014
 1043
 1040
 1015
 1073
 1004
 1081
 1022
 1030
 1012
 998
 983
 1009
 1019
 1027
 1039
 1055
 1081
 1014
 1088
 1013
 1059
 949
 1068
 1073
 1028
 1106
 974
 1034
 1062
 990
 1031
 996
 1057
 1037
 1098
 999
 1017
 1034
 1057
 1066
 990
 1059
 1010
 1067
 1079
 1016
 998
 992
 1098
 1035
 1029
 1078
 1008
 1057
 1018
 1049
 1083
 1015
 975
 1060
 1026
 1028
 1096
 1039
 995
 1024
 1004
 1015
 1055
 1033
 1020
 1053
 1039
 991
 1016
 997
 1035
 1049
 1053
 1073
 1007
 997
 976
 980
 1028
 982
 982
 1004
 1033
 1054
 1029
 1019
 1032
 988
 1000
 1026
 1035
 1042
 1052
 1042
 1042
 979
 1053
 981
 1020
 977
 1016
 972
 974
 1078
 1041
 961
 1002
 1010
 992
 1003
 1030
 1033
 1049
 983
 1010
 964
 986
 1041
 970
 981
 1021
 1032
 1020
 981
 989
 973
 972
 994
 1082
 1030
 999
 1010
 1052
 990
 1031
 995
 982
 1002
 987
 978
 1045
 1048
 949
 944
 971
 1004
 993
 977
 955
 949
 1003
 987
 944
 1040
 976
 921
 954
 1044
 911
 1019
 957
 974
 969
 1009
 948
 966
 991
 983
 958
 1051
 977
 990
 888
 961
 943
 940
 933
 1000
 969
 1051
 964
 952
 925
 971
 959
 954
 1011
 937
 927
 986
 893
 954
 957
 906
 928
 883
 950
 1006
 984
 927
 917
 959
 953
 981
 946
 990
 958
 918
 956
 986
 944
 963
 945
 915
 947
 938
 904
 995
 896
 936
 955
 987
 941
 976
 905
 953
 975
 915
 975
 949
 930
 871
 971
 893
 907
 932
 868
 989
 900
 909
 928
 912
 976
 947
 888
 921
 939
 982
 891
 949
 874
 938
 909
 922
 933
 884
 918
 934
 881
 954
 863
 860
 933
 915
 913
 888
 943
 911
 841
 940
 929
 863
 889
 919
 901
 855
 919
 899
 962
 864
 915
 915
 876
 889
 900
 851
 910
 915
 918
 876
 928
 918
 887
 902
 893
 941
 867
 872
 874
 853
 915
 880
 862
 895
 856
 906
 839
 909
 907
 916
 901
 851
 897
 838
 901
 852
 880
 932
 882
 866
 859
 901
 844
 922
 890
 883
 872
 841
 918
 928
 891
 898
 885
 822
 856
 835
 839
 874
 880
 828
 846
 851
 827
 882
 874
 907
 801
 857
 885
 887
 830
 893
 838
 871
 900
 849
 834
 885
 809
 783
 860
 838
 799
 868
 809
 855
 862
 888
 835
 820
 823
 899
 856
 848
 833
 862
 810
 849
 807
 831
 877
 842
 844
 884
 819
 759
 781
 864
 809
 811
 846
 817
 781
 834
 835
 836
 821
 813
 820
 866
 834
 779
 795
 798
 797
 871
 801
 831
 821
 848
 756
 762
 857
 742
 809
 835
 790
 828
 745
 770
 799
 743
 772
 811
 808
 773
 753
 823
 808
 756
 800
 793
 732
 819
 788
 764
 741
 751
 753
 734
 732
 733
 695
 732
 785
 771
 750
 746
 735
 699
 695
 737
 675
 721
 675
 602
 689
 681
 617
 664
 648
 674
 653
 632
 641
 624
 635
 635
 593
 612
 626
 678
 663
 650
 631
 631
 632
 608
 571
 596
 584
 651
 639
 645
 630
 587
 639
 635
 603
 641
 621
 639
 620
 632
 590
 574
 610
 592
 624
 604
 623
 642
 590
 629
 582
 601
 620
 561
 632
 562
 583
 558
 556
 557
 593
 608
 575
 605
 597
 600
 556
 505
 600
 618
 591
 616
 547
 599
 569
 591
 555
 583
 596
 593
 553
 528
 566
 568
 537
 544
 576
 584
 562
 622
 581
 566
 608
 536
 578
 605
 565
 542
 578
 535
 556
 517
 576
 563
 541
 567
 560
 529
 534
 542
 501
 540
 606
 552
 548
 586
 537
 566
 560
 516
 583
 591
 541
 560
 594
 532
 558
 512
 500
 544
 524
 544
 522
 551
 542
 556
 502
 543
 485
 551
 517
 516
 528
 524
 474
 567
 555
 545
 567
 519
 504
 590
 518
 549
 496
 490
 528
 528
 550
 500
 490
 540
 515
 479
 529
 486
 529
 562
 517
 514
 512
 504
 526
 516
 538
 509
 524
 520
 522
 517
 487
 497
 515
 482
 506
 486
 502
 484
 491
 524
 495
 475
 499
 488
 467
 499
 432
 469
 474
 488
 495
 495
 466
 535
 477
 477
 461
 471
 471
 473
 477
 446
 461
 488
 410
 474
 477
 467
 511
 453
 495
 451
 439
 458
 481
 492
 498
 470
 420
 485
 487
 473
 459
 470
 475
 443
 440
 475
 463
 458
 484
 474
 426
 489
 436
 455
 486
 458
 472
 469
 490
 451
 446
 455
 428
 454
 461
 441
 425
 431
 399
 449
 453
 437
 437
 474
 450
 411
 460
 443
 434
 462
 444
 453
 401
 466
 438
 430
 428
 442
 420
 468
 399
 415
 390
 423
 416
 421
 446
 435
 422
 442
 445
 427
 416
 419
 405
 423
 434
 406
 406
 417
 387
 418
 415
 437
 407
 421
 464
 379
 395
 441
 398
 452
 420
 413
 422
 440
 418
 437
 373
 387
 447
 395
 386
 402
 420
 392
 433
 399
 396
 383
 413
 395
 419
 359
 423
 411
 380
 381
 401
 371
 399
 442
 412
 405
 358
 424
 403
 426
 412
 359
 416
 389
 377
 386
 382
 397
 386
 368
 421
 397
 392
 372
 400
 355
 381
 363
 408
 385
 363
 371
 383
 358
 386
 364
 410
 360
 367
 366
 362
 373
 360
 374
 358
 394
 391
 376
 348
 360
 365
 397
 358
 371
 381
 356
 366
 382
 372
 364
 349
 347
 371
 363
 399
 336
 346
 382
 338
 370
 336
 373
 335
 341
 372
 372
 361
 321
 302
 324
 340
 352
 326
 360
 336
 336
 338
 328
 340
 347
 340
 365
 372
 351
 328
 358
 335
 351
 323
 339
 309
 310
 325
 366
 354
 344
 307
 312
 330
 325
 314
 342
 369
 307
 334
 314
 329
 317
 336
 317
 338
 343
 334
 334
 338
 348
 342
 294
 336
 301
 335
 380
 319
 319
 346
 271
 304
 333
 294
 314
 313
 294
 326
 341
 300
 320
 327
 337
 275
 316
 293
 299
 317
 291
 288
 310
 315
 316
 307
 300
 299
 314
 307
 295
 306
 309
 286
 286
 320
 312
 269
 316
 307
 290
 288
 279
 290
 301
 311
 273
 299
 316
 315
 298
 311
 277
 295
 297
 272
 312
 284
 238
 288
 270
 282
 267
 294
 273
 289
 312
 280
 263
 297
 271
 282
 300
 263
 301
 290
 271
 277
 284
 282
 279
 271
 273
 298
 281
 274
 259
 267
 270
 263
 292
 276
 283
 270
 272
 266
 281
 257
 284
 261
 277
 277
 247
 280
 290
 265
 277
 257
 251
 240
 246
 236
 257
 286
 231
 261
 262
 248
 235
 241
 269
 233
 254
 231
 267
 260
 267
 260
 236
 246
 222
 251
 234
 262
 252
 246
 228
 256
 245
 239
 254
 230
 233
 252
 232
 219
 236
 253
 259
 232
 238
 250
 235
 235
 243
 240
 241
 220
 256
 236
 239
 249
 209
 221
 221
 238
 245
 212
 253
 222
 236
 251
 228
 239
 237
 234
 217
 223
 262
 249
 217
 207
 208
 224
 250
 222
 211
 212
 231
 193
 229
 250
 224
 210
 216
 194
 227
 224
 214
 210
 196
 195
 214
 181
 224
 224
 208
 220
 223
 199
 183
 210
 212
 215
 217
 207
 215
 216
 250
 201
 183
 206
 192
 210
 223
 215
 198
 229
 197
 187
 221
 196
 196
 223
 188
 216
 162
 199
 186
 194
 190
 206
 214
 177
 217
 212
 218
 182
 195
 218
 196
 199
 200
 192
 168
 187
 207
 191
 203
 174
 189
 180
 199
 208
 203
 182
 159
 193
 175
 198
 184
 172
 195
 204
 188
 203
 183
 187
 177
 189
 184
 195
 181
 213
 199
 165
 167
 167
 185
 197
 205
 164
 198
 177
 157
 189
 179
 200
 203
 175
 176
 204
 182
 195
 173
 168
 145
 179
 192
 174
 196
 166
 169
 182
 177
 175
 182
 177
 183
 177
 159
 173
 161
 168
 176
 153
 163
 146
 133
 163
 148
 174
 153
 160
 153
 151
 151
 193
 158
 162
 178
 135
 150
 161
 179
 179
 158
 174
 153
 165
 164
 147
 159
 152
 148
 168
 140
 174
 166
 175
 164
 142
 157
 175
 161
 152
 136
 184
 152
 161
 168
 139
 162
 157
 165
 157
 167
 177
 149
 170
 143
 143
 155
 158
 134
 181
 162
 155
 163
 157
 164
 150
 151
 136
 136
 154
 140
 149
 173
 153
 154
 161
 157
 145
 146
 159
 146
 129
 148
 125
 151
 165
 135
 145
 156
 134
 127
 129
 155
 132
 152
 137
 140
 144
 126
 131
 149
 152
 132
 139
 147
 135
 139
 119
 167
 145
 157
 125
 123
 147
 149
 148
 123
 163
 149
 143
 136
 151
 127
 144
 130
 147
 136
 137
 147
 123
 151
 159
 129
 126
 132
 141
 108
 133
 139
 127
 143
 124
 125
 129
 128
 132
 136
 121
 113
 117
 135
 141
 134
 157
 130
 135
 142
 124
 136
 107
 130
 114
 109
 117
 120
 129
 116
 136
 116
 110
 122
 111
 130
 118
 134
 126
 138
 127
 126
 113
 108
 126
 126
 102
 119
 106
 112
 120
 131
 121
 119
 106
 116
 112
 131
 123
 114
 98
 108
 103
 108
 111
 103
 129
 107
 106
 110
 138
 114
 131
 131
 116
 132
 126
 106
 109
 104
 111
 121
 113
 102
 105
 106
 104
 121
 114
 104
 117
 97
 127
 101
 113
 118
 121
 112
 94
 124
 111
 97
 118
 110
 92
 102
 113
 104
 89
 124
 115
 112
 92
 107
 98
 86
 106
 90
 106
 119
 113
 97
 105
 94
 106
 99
 106
 110
 102
 109
 103
 96
 93
 108
 83
 109
 82
 89
 94
 86
 111
 104
 98
 109
 102
 95
 107
 92
 110
 101
 95
 103
 82
 92
 94
 96
 83
 106
 92
 77
 84
 79
 110
 89
 97
 104
 95
 100
 98
 74
 107
 80
 88
 96
 94
 96
 95
 94
 96
 82
 91
 90
 87
 94
 78
 79
 90
 96
 88
 93
 89
 68
 92
 83
 84
 97
 65
 72
 77
 76
 99
 103
 95
 80
 77
 73
 92
 88
 87
 69
 101
 96
 89
 75
 75
 83
 84
 77
 94
 96
 89
 81
 87
 75
 86
 80
 96
 90
 74
 73
 96
 76
 87
 81
 74
 92
 83
 81
 82
 84
 66
 80
 76
 73
 93
 101
 70
 77
 80
 67
 83
 63
 86
 84
 74
 88
 75
 79
 71
 69
 89
 74
 63
 82
 81
 60
 80
 86
 74
 85
 61
 69
 73
 85
 87
 80
 66
 75
 73
 87
 78
 89
 74
 67
 72
 68
 63
 79
 65
 67
 66
 84
 67
 85
 78
 61
 78
 65
 71
 77
 68
 80
 72
 67
 67
 68
 63
 53
 63
 77
 78
 78
 74
 76
 53
 78
 81
 69
 69
 57
 88
 72
 69
 72
 57
 52
 62
 68
 72
 71
 65
 87
 49
 63
 66
 68
 80
 62
 71
 71
 70
 65
 53
 76
 61
 55
 70
 51
 66
 68
 70
 73
 66
 57
 80
 76
 51
 75
 59
 56
 67
 67
 65
 52
 64
 81
 61
 65
 49
 69
 80
 59
 62
 56
 58
 61
 61
 70
 66
 66
 65
 48
 60
 70
 60
 65
 75
 50
 66
 68
 76
 58
 68
 59
 47
 58
 53
 47
 57
 49
 60
 66
 53
 58
 63
 67
 50
 47
 54
 65
 48
 65
 62
 56
 53
 60
 63
 47
 54
 49
 57
 48
 52
 63
 47
 58
 54
 48
 55
 46
 54
 48
 57
 53
 48
 56
 49
 54
 50
 67
 40
 46
 52
 51
 56
 46
 61
 48
 43
 54
 51
 52
 53
 53
 51
 54
 52
 52
 59
 54
 56
 53
 45
 54
 42
 55
 38
 41
 53
 32
 45
 49
 57
 51
 60
 46
 57
 41
 32
 48
 55
 50
 50
 43
 43
 52
 47
 56
 48
 62
 50
 54
 45
 49
 55
 43
 56
 61
 34
 45
 45
 47
 42
 47
 55
 39
 52
 50
 56
 45
 69
 37
 42
 43
 58
 51
 28
 45
 48
 43
 53
 53
 45
 52
 44
 47
 33
 44
 45
 50
 53
 35
 40
 32
 51
 49
 33
 36
 39
 40
 39
 44
 44
 36
 36
 43
 34
 45
 35
 41
 32
 44
 45
 37
 62
 42
 40
 43
 37
 27
 52
 51
 31
 40
 51
 49
 49
 38
 42
 53
 41
 45
 42
 41
 37
 46
 43
 33
 46
 39
 44
 47
 43
 49
 31
 42
 35
 45
 44
 38
 40
 35
 39
 39
 35
 41
 50
 38
 26
 45
 46
 26
 37
 36
 35
 38
 28
 32
 37
 44
 33
 47
 36
 32
 28
 30
 32
 42
 37
 32
 33
 37
 29
 33
 28
 38
 42
 34
 38
 36
 38
 37
 37
 35
 39
 26
 25
 31
 36
 32
 30
 37
 42
 27
 33
 27
 39
 34
 28
 31
 27
 28
 40
 34
 28
 38
 29
 33
 31
 32
 40
 37
 34
 31
 40
 42
 36
 33
 32
 31
 35
 35
 34
 38
 28
 21
 42
 28
 44
 34
 38
 40
 40
 26
 28
 38
 33
 35
 26
 31
 43
 29
 37
 32
 22
 45
 35
 30
 30
 31
 27
 39
 31
 24
 33
 35
 29
 32
 29
 32
 23
 28
 28
 29
 27
 34
 35
 32
 31
 40
 21
 33
 35
 30
 33
 34
 44
 27
 27
 23
 34
 21
 31
 26
 29
 16
 38
 26
 34
 31
 37
 19
 26
 32
 33
 27
 24
 32
 18
 24
 28
 24
 31
 34
 24
 22
 28
 25
 23
 23
 18
 35
 23
 33
 35
 29
 25
 18
 31
 31
 26
 32
 19
 26
 30
 26
 27
 27
 32
 15
 24
 29
 20
 25
 20
 29
 22
 32
 21
 34
 25
 23
 25
 27
 15
 28
 20
 20
 25
 25
 31
 17
 16
 29
 15
 18
 33
 18
 21
 23
 19
 18
 18
 25
 28
 27
 20
 21
 30
 29
 22
 18
 25
 16
 25
 26
 30
 25
 27
 22
 22
 22
 33
 22
 25
 27
 23
 29
 31
 26
 28
 16
 24
 19
 23
 22
 14
 29
 24
 21
 23
 23
 24
 15
 17
 14
 21
 21
 15
 25
 20
 16
 14
 19
 27
 25
 26
