VERSION:    3.1
ELEMENTS:              1
DATE:       JUN 11, 2017 15:36:42.**
CHANNELS:           4000
ROIS:        0
REAL_TIME:   633.9000244
LIVE_TIME:   560.2899780
CAL_OFFSET:  6.7178987e-002
CAL_SLOPE:   3.1603590e-002
CAL_QUAD:    0.0000000e+000
TWO_THETA:   2.5033941
DATA: 
 0
 0
 0
 0
 0
 0
 0
 0
 0
 0
 0
 0
 0
 0
 0
 0
 0
 0
 0
 0
 0
 0
 0
 0
 0
 0
 0
 0
 0
 0
 0
 0
 0
 0
 0
 0
 0
 0
 0
 0
 0
 0
 0
 0
 0
 0
 0
 0
 0
 0
 0
 0
 0
 0
 0
 0
 0
 0
 0
 0
 0
 0
 0
 0
 0
 0
 0
 0
 0
 1
 11
 231
 262
 240
 249
 221
 245
 212
 240
 219
 234
 240
 243
 256
 217
 205
 253
 236
 212
 245
 253
 234
 248
 258
 215
 228
 230
 242
 237
 232
 247
 264
 259
 218
 247
 246
 232
 249
 234
 253
 237
 247
 256
 262
 248
 221
 237
 245
 239
 268
 286
 256
 238
 274
 262
 249
 280
 242
 230
 258
 275
 236
 257
 267
 238
 274
 279
 287
 269
 301
 264
 272
 280
 264
 268
 304
 280
 315
 304
 295
 302
 291
 274
 303
 315
 292
 286
 315
 284
 293
 315
 306
 317
 306
 350
 336
 330
 295
 297
 328
 318
 320
 339
 338
 349
 309
 317
 350
 331
 319
 313
 362
 353
 339
 325
 349
 358
 340
 374
 359
 388
 367
 370
 373
 350
 370
 371
 374
 330
 381
 388
 388
 380
 357
 384
 448
 402
 417
 399
 379
 402
 399
 407
 397
 402
 404
 409
 422
 465
 428
 432
 466
 433
 487
 415
 471
 423
 460
 444
 429
 435
 472
 486
 467
 417
 460
 414
 455
 434
 430
 482
 411
 456
 447
 471
 452
 463
 445
 478
 481
 465
 504
 506
 432
 497
 452
 486
 441
 487
 449
 462
 489
 460
 436
 475
 482
 489
 453
 448
 506
 499
 478
 454
 453
 460
 448
 474
 492
 477
 462
 494
 459
 518
 462
 468
 491
 461
 467
 479
 472
 467
 473
 466
 465
 483
 449
 475
 494
 461
 432
 494
 464
 494
 483
 492
 477
 495
 502
 478
 488
 452
 496
 509
 462
 470
 500
 496
 517
 503
 502
 494
 510
 510
 516
 490
 508
 480
 515
 500
 506
 480
 454
 525
 491
 459
 493
 517
 441
 468
 511
 477
 484
 505
 492
 523
 438
 498
 497
 500
 459
 476
 420
 500
 499
 478
 481
 492
 484
 474
 523
 477
 466
 512
 485
 465
 475
 482
 470
 519
 490
 501
 463
 455
 496
 487
 463
 509
 491
 447
 508
 462
 444
 446
 526
 469
 460
 458
 493
 466
 525
 497
 473
 447
 480
 500
 457
 429
 461
 468
 461
 480
 499
 494
 403
 463
 498
 441
 481
 476
 494
 472
 484
 487
 494
 470
 462
 446
 474
 458
 457
 438
 425
 452
 430
 471
 451
 443
 433
 453
 446
 469
 440
 413
 443
 437
 461
 443
 412
 439
 429
 441
 420
 414
 405
 445
 441
 420
 455
 460
 432
 433
 425
 447
 418
 459
 451
 426
 433
 427
 436
 440
 446
 411
 420
 430
 433
 449
 415
 408
 405
 430
 410
 437
 403
 418
 434
 382
 400
 395
 417
 385
 380
 419
 405
 405
 387
 420
 379
 388
 411
 412
 443
 406
 438
 361
 418
 415
 437
 399
 383
 412
 415
 409
 440
 404
 386
 405
 416
 377
 363
 377
 393
 387
 379
 366
 386
 408
 379
 360
 394
 365
 386
 342
 353
 368
 368
 355
 360
 361
 341
 354
 380
 356
 336
 347
 364
 354
 342
 351
 400
 365
 330
 355
 335
 339
 340
 345
 313
 330
 348
 322
 349
 342
 340
 333
 402
 348
 324
 315
 362
 352
 334
 325
 361
 315
 372
 315
 303
 330
 347
 311
 321
 333
 313
 356
 314
 328
 283
 296
 314
 317
 330
 334
 347
 287
 326
 316
 301
 325
 328
 321
 290
 302
 285
 304
 295
 313
 322
 310
 299
 306
 334
 298
 278
 283
 280
 289
 322
 289
 308
 310
 291
 311
 296
 281
 280
 292
 286
 313
 273
 269
 291
 290
 270
 287
 271
 265
 301
 284
 294
 267
 260
 265
 249
 275
 291
 256
 294
 257
 293
 284
 243
 244
 237
 256
 255
 256
 292
 281
 281
 242
 283
 271
 279
 275
 257
 249
 229
 255
 242
 245
 246
 263
 273
 255
 257
 255
 237
 268
 217
 277
 253
 254
 259
 250
 267
 250
 253
 272
 227
 252
 256
 260
 236
 236
 257
 252
 250
 222
 237
 239
 230
 244
 261
 250
 237
 227
 230
 246
 219
 229
 249
 230
 254
 256
 230
 247
 227
 255
 214
 219
 218
 201
 258
 243
 238
 258
 237
 248
 256
 230
 238
 232
 247
 240
 236
 225
 242
 244
 238
 220
 239
 209
 228
 228
 236
 213
 230
 224
 221
 239
 217
 226
 215
 232
 217
 219
 234
 214
 230
 204
 217
 232
 213
 242
 242
 210
 240
 237
 210
 221
 227
 223
 202
 227
 236
 226
 238
 229
 242
 204
 218
 176
 201
 209
 235
 242
 193
 213
 219
 202
 210
 203
 192
 192
 201
 206
 227
 212
 215
 214
 224
 210
 210
 214
 203
 219
 216
 203
 179
 200
 200
 206
 200
 193
 192
 207
 207
 176
 182
 214
 207
 183
 233
 191
 178
 187
 185
 188
 210
 211
 202
 205
 218
 209
 207
 196
 211
 189
 184
 197
 189
 217
 200
 206
 202
 212
 193
 171
 171
 190
 198
 183
 196
 193
 179
 194
 208
 201
 194
 187
 204
 184
 188
 209
 185
 212
 193
 211
 196
 199
 205
 200
 193
 194
 197
 197
 190
 182
 176
 222
 204
 174
 199
 188
 187
 205
 183
 184
 190
 194
 195
 175
 193
 205
 189
 204
 172
 166
 186
 211
 230
 193
 189
 197
 181
 196
 183
 210
 200
 179
 165
 171
 187
 220
 196
 178
 194
 191
 162
 199
 188
 156
 171
 210
 171
 200
 197
 169
 182
 171
 205
 175
 185
 174
 189
 160
 197
 198
 209
 191
 156
 183
 187
 175
 206
 193
 184
 204
 186
 181
 185
 189
 183
 172
 158
 190
 185
 201
 200
 197
 194
 177
 184
 189
 190
 192
 165
 175
 182
 187
 170
 212
 176
 193
 195
 195
 185
 200
 189
 198
 199
 193
 200
 195
 218
 174
 208
 183
 198
 198
 201
 195
 197
 199
 199
 192
 204
 214
 173
 204
 191
 179
 212
 202
 195
 199
 179
 193
 193
 235
 201
 199
 192
 215
 192
 191
 192
 217
 174
 197
 186
 194
 207
 199
 197
 212
 207
 181
 180
 209
 222
 186
 205
 203
 209
 210
 187
 201
 201
 202
 218
 203
 216
 202
 213
 230
 211
 181
 214
 211
 226
 200
 189
 212
 207
 216
 214
 224
 229
 228
 202
 237
 222
 244
 232
 230
 217
 222
 209
 237
 234
 227
 223
 228
 204
 219
 217
 222
 244
 227
 223
 207
 220
 225
 223
 209
 245
 212
 225
 244
 231
 257
 218
 234
 231
 236
 254
 254
 242
 226
 278
 278
 247
 229
 264
 220
 236
 257
 260
 235
 256
 267
 250
 266
 267
 233
 238
 241
 236
 275
 259
 248
 266
 277
 249
 273
 276
 253
 276
 257
 272
 267
 271
 244
 282
 258
 279
 325
 287
 290
 290
 281
 272
 272
 293
 271
 268
 312
 280
 299
 287
 302
 293
 276
 301
 294
 281
 305
 292
 300
 286
 330
 307
 329
 313
 301
 328
 280
 284
 310
 325
 320
 328
 328
 305
 306
 308
 377
 363
 308
 338
 326
 366
 329
 342
 303
 346
 326
 349
 319
 322
 344
 324
 305
 361
 343
 312
 339
 369
 357
 370
 339
 356
 370
 345
 323
 366
 371
 353
 319
 344
 361
 339
 377
 375
 381
 376
 362
 378
 370
 387
 388
 368
 368
 380
 408
 389
 383
 414
 435
 343
 417
 405
 405
 390
 390
 388
 380
 412
 427
 393
 411
 374
 384
 389
 384
 386
 403
 421
 390
 399
 415
 442
 438
 454
 401
 417
 433
 438
 381
 422
 430
 451
 456
 414
 428
 451
 461
 422
 407
 438
 457
 437
 444
 457
 482
 447
 439
 437
 493
 449
 466
 415
 458
 470
 469
 489
 484
 469
 479
 462
 470
 479
 481
 461
 476
 466
 485
 451
 505
 457
 533
 515
 485
 496
 475
 471
 505
 521
 487
 490
 503
 449
 486
 527
 475
 521
 517
 482
 528
 519
 506
 563
 527
 480
 503
 503
 516
 527
 560
 519
 510
 533
 517
 553
 538
 550
 512
 517
 589
 552
 560
 583
 571
 547
 585
 571
 581
 591
 542
 610
 595
 524
 562
 529
 578
 592
 570
 575
 598
 568
 559
 592
 593
 564
 592
 593
 570
 577
 552
 605
 587
 585
 609
 573
 621
 634
 574
 606
 574
 620
 614
 619
 628
 649
 651
 593
 629
 589
 612
 669
 637
 620
 652
 641
 651
 666
 637
 621
 624
 630
 611
 608
 617
 652
 647
 667
 632
 645
 628
 635
 633
 641
 655
 594
 679
 637
 648
 658
 630
 665
 666
 669
 652
 712
 701
 717
 697
 652
 655
 691
 688
 684
 720
 716
 688
 697
 670
 694
 710
 780
 701
 717
 703
 695
 706
 697
 750
 662
 714
 694
 746
 710
 699
 719
 706
 671
 728
 724
 703
 739
 718
 705
 768
 729
 776
 752
 760
 738
 773
 729
 738
 740
 724
 734
 754
 763
 735
 768
 724
 765
 811
 732
 814
 806
 713
 841
 752
 774
 761
 724
 804
 772
 786
 767
 804
 763
 741
 799
 764
 786
 782
 812
 790
 812
 764
 790
 807
 813
 799
 818
 859
 799
 749
 771
 826
 769
 811
 791
 798
 856
 805
 785
 780
 808
 827
 836
 778
 817
 834
 805
 808
 849
 836
 813
 840
 814
 849
 821
 830
 866
 828
 816
 872
 828
 854
 847
 817
 906
 851
 863
 860
 842
 902
 884
 842
 920
 889
 887
 821
 901
 854
 873
 890
 909
 872
 899
 825
 853
 842
 831
 920
 836
 921
 836
 912
 883
 847
 900
 884
 920
 908
 946
 914
 904
 915
 872
 939
 853
 921
 864
 906
 889
 911
 885
 955
 907
 882
 926
 907
 904
 959
 915
 872
 904
 932
 912
 894
 851
 883
 1001
 900
 943
 934
 934
 886
 968
 920
 995
 929
 951
 944
 956
 931
 953
 930
 937
 960
 927
 902
 894
 922
 977
 1000
 939
 1013
 1000
 962
 930
 944
 942
 998
 984
 940
 924
 971
 976
 969
 993
 970
 1030
 923
 968
 941
 945
 996
 959
 947
 903
 1010
 950
 1013
 963
 966
 960
 970
 983
 946
 1027
 967
 985
 996
 1007
 959
 991
 951
 991
 990
 1006
 1054
 966
 1014
 968
 987
 988
 960
 1002
 1028
 1036
 1072
 995
 1000
 967
 1037
 1062
 986
 976
 976
 992
 1054
 1007
 984
 1008
 1007
 964
 1008
 1026
 991
 1051
 1034
 1063
 1036
 978
 1009
 1045
 995
 1020
 1005
 1029
 1057
 1058
 970
 1033
 960
 924
 1083
 1043
 1022
 1106
 1047
 1020
 1066
 1094
 1083
 1056
 995
 985
 1064
 1070
 1014
 1066
 1054
 995
 1000
 1100
 1050
 1084
 1076
 1012
 1095
 1008
 1058
 1054
 1096
 1019
 1055
 1067
 1059
 1038
 1095
 1044
 1106
 1077
 1118
 1012
 1061
 1060
 1071
 1055
 1061
 1040
 1085
 1035
 1099
 1077
 1081
 1104
 1090
 1150
 1048
 1081
 1050
 1089
 1115
 1082
 1107
 1102
 1069
 1126
 1105
 1120
 1099
 1068
 1130
 1130
 1067
 1116
 1122
 1046
 1116
 1093
 1062
 1093
 1144
 1100
 1051
 1112
 1031
 1152
 1066
 1127
 1123
 1128
 1118
 1182
 1116
 1140
 1126
 1114
 1161
 1163
 1146
 1109
 1057
 1134
 1102
 1078
 1125
 1153
 1057
 1113
 1178
 1172
 1139
 1109
 1180
 1184
 1114
 1153
 1191
 1175
 1166
 1116
 1182
 1240
 1180
 1226
 1164
 1103
 1178
 1134
 1128
 1090
 1119
 1120
 1131
 1155
 1116
 1152
 1093
 1149
 1153
 1089
 1154
 1178
 1117
 1108
 1149
 1139
 1101
 1142
 1097
 1162
 1066
 1142
 1109
 1216
 1224
 1169
 1198
 1151
 1277
 1240
 1226
 1320
 1197
 1235
 1195
 1197
 1211
 1223
 1219
 1142
 1145
 1193
 1169
 1170
 1174
 1120
 1147
 1172
 1169
 1170
 1178
 1140
 1165
 1163
 1165
 1207
 1080
 1203
 1172
 1183
 1237
 1189
 1205
 1122
 1141
 1113
 1189
 1148
 1139
 1171
 1123
 1158
 1136
 1171
 1122
 1132
 1192
 1141
 1209
 1154
 1192
 1162
 1128
 1203
 1112
 1159
 1214
 1166
 1200
 1205
 1140
 1197
 1209
 1154
 1211
 1098
 1170
 1164
 1165
 1172
 1170
 1148
 1209
 1224
 1177
 1189
 1163
 1167
 1128
 1170
 1174
 1169
 1188
 1189
 1181
 1212
 1155
 1155
 1237
 1201
 1219
 1176
 1165
 1166
 1225
 1168
 1254
 1187
 1168
 1173
 1230
 1215
 1145
 1199
 1131
 1158
 1174
 1162
 1173
 1191
 1190
 1240
 1187
 1216
 1271
 1222
 1123
 1124
 1165
 1209
 1212
 1151
 1167
 1251
 1203
 1178
 1221
 1195
 1228
 1233
 1181
 1222
 1239
 1214
 1214
 1168
 1211
 1162
 1165
 1248
 1172
 1162
 1226
 1189
 1178
 1202
 1227
 1223
 1168
 1248
 1151
 1193
 1230
 1228
 1257
 1167
 1179
 1232
 1188
 1221
 1241
 1190
 1161
 1168
 1231
 1216
 1201
 1210
 1221
 1225
 1177
 1254
 1174
 1249
 1250
 1250
 1206
 1204
 1135
 1176
 1243
 1190
 1228
 1276
 1237
 1156
 1227
 1207
 1162
 1234
 1308
 1220
 1189
 1291
 1127
 1270
 1241
 1186
 1243
 1231
 1163
 1212
 1151
 1240
 1194
 1174
 1196
 1161
 1185
 1296
 1220
 1260
 1220
 1188
 1168
 1239
 1206
 1251
 1144
 1228
 1130
 1231
 1229
 1229
 1232
 1226
 1247
 1244
 1202
 1200
 1220
 1219
 1158
 1262
 1163
 1214
 1240
 1246
 1199
 1259
 1258
 1230
 1280
 1286
 1210
 1209
 1258
 1213
 1206
 1267
 1218
 1275
 1199
 1295
 1219
 1170
 1262
 1242
 1229
 1202
 1229
 1254
 1140
 1186
 1114
 1291
 1202
 1213
 1176
 1252
 1268
 1216
 1221
 1260
 1283
 1191
 1242
 1214
 1231
 1206
 1260
 1231
 1233
 1258
 1302
 1177
 1212
 1237
 1206
 1195
 1253
 1182
 1208
 1236
 1248
 1225
 1235
 1244
 1198
 1205
 1231
 1246
 1271
 1228
 1179
 1203
 1267
 1228
 1239
 1239
 1223
 1280
 1260
 1244
 1187
 1239
 1235
 1168
 1268
 1220
 1219
 1139
 1130
 1033
 1073
 1069
 1091
 1041
 1063
 1037
 1016
 1048
 1053
 984
 1038
 1023
 1005
 1029
 1024
 1064
 1026
 1035
 1021
 1047
 990
 941
 1040
 1024
 1053
 1079
 1008
 992
 1085
 1102
 1047
 1046
 1048
 1024
 1070
 1047
 989
 1013
 1034
 1034
 1004
 1019
 975
 1033
 1075
 1087
 1017
 1004
 1086
 1000
 1045
 1036
 975
 1029
 1010
 1034
 1037
 976
 991
 984
 946
 1031
 997
 993
 1008
 1008
 1044
 1008
 955
 919
 966
 1008
 1010
 945
 1006
 982
 1001
 1009
 932
 949
 1045
 1011
 1034
 998
 1002
 1020
 1000
 945
 1024
 1000
 995
 1051
 1026
 982
 1003
 1014
 1026
 1028
 977
 1012
 1039
 990
 1018
 979
 1050
 1045
 1030
 1034
 990
 1048
 1027
 1039
 1033
 1031
 1029
 1030
 929
 982
 1014
 973
 977
 1017
 1006
 1002
 942
 1004
 970
 986
 970
 986
 1037
 1023
 940
 990
 1004
 1007
 1003
 978
 1005
 1035
 989
 1003
 1020
 971
 1006
 1022
 984
 1070
 1024
 1058
 1056
 1078
 1071
 1017
 1032
 1012
 1029
 1040
 1117
 1022
 1041
 1016
 1073
 1015
 1006
 1007
 1023
 1081
 967
 1013
 1066
 1032
 1094
 1067
 1095
 1025
 1054
 1006
 1048
 1092
 988
 1052
 1065
 1015
 1048
 1093
 1034
 1033
 1001
 1054
 1051
 1056
 1031
 1107
 1032
 1067
 1048
 1105
 1081
 1102
 1097
 1069
 1042
 1094
 1069
 1037
 1096
 1101
 1061
 1063
 1028
 1056
 1100
 1071
 1055
 1086
 1138
 1072
 1050
 1113
 1102
 1064
 1095
 1040
 1133
 1057
 1128
 1094
 1109
 1118
 1072
 1079
 1204
 1107
 1110
 1093
 1060
 1117
 1110
 1105
 1145
 1098
 1131
 1167
 1116
 1177
 1137
 1179
 1145
 1171
 1189
 1078
 1147
 1139
 1208
 1214
 1110
 1159
 1163
 1184
 1245
 1208
 1114
 1189
 1145
 1207
 1195
 1188
 1191
 1204
 1155
 1256
 1260
 1219
 1321
 1250
 1241
 1236
 1309
 1353
 1247
 1347
 1359
 1357
 1401
 1351
 1305
 1373
 1410
 1374
 1490
 1421
 1509
 1450
 1515
 1493
 1523
 1584
 1571
 1661
 1716
 1723
 1798
 1874
 1936
 1992
 2041
 2149
 2355
 2545
 2701
 2799
 3036
 3326
 3583
 3959
 4326
 4731
 5141
 5825
 6281
 6823
 7658
 8324
 8948
 9661
 10496
 11075
 11969
 12781
 13362
 14088
 14641
 15454
 15782
 16572
 16895
 16890
 17285
 17406
 17652
 17587
 17108
 17022
 16909
 16502
 16254
 15740
 14988
 14557
 13940
 13213
 12596
 12023
 11354
 10784
 10026
 9509
 8914
 8434
 7688
 7170
 6812
 6373
 5922
 5469
 5082
 4769
 4448
 4115
 3828
 3715
 3332
 3293
 2947
 2713
 2599
 2482
 2377
 2239
 2089
 1987
 1900
 1914
 1841
 1755
 1620
 1593
 1561
 1585
 1483
 1429
 1446
 1320
 1301
 1322
 1309
 1246
 1260
 1235
 1233
 1184
 1267
 1091
 1159
 1115
 1107
 1184
 1134
 1110
 1154
 1110
 1086
 1085
 1045
 1050
 1041
 1029
 1033
 999
 964
 1004
 967
 995
 1071
 1021
 957
 1010
 1036
 979
 961
 905
 969
 929
 952
 1002
 1005
 983
 956
 993
 1005
 957
 884
 891
 923
 951
 874
 899
 942
 888
 892
 919
 892
 925
 894
 920
 947
 903
 898
 905
 931
 886
 916
 911
 867
 906
 872
 917
 862
 933
 887
 885
 862
 860
 841
 877
 830
 863
 870
 808
 880
 826
 916
 876
 883
 899
 876
 889
 837
 860
 888
 876
 848
 834
 855
 856
 877
 800
 788
 810
 828
 814
 863
 865
 745
 817
 752
 816
 821
 839
 801
 813
 810
 813
 779
 846
 777
 832
 817
 797
 769
 789
 809
 808
 819
 803
 802
 797
 835
 829
 775
 840
 781
 771
 813
 812
 853
 810
 798
 809
 780
 827
 807
 761
 756
 779
 750
 753
 781
 810
 747
 803
 772
 821
 828
 767
 876
 789
 797
 765
 762
 795
 752
 769
 814
 799
 750
 812
 771
 756
 771
 744
 713
 786
 757
 782
 765
 809
 713
 774
 727
 736
 742
 744
 749
 726
 714
 766
 733
 740
 731
 766
 743
 754
 717
 720
 749
 713
 706
 657
 728
 751
 745
 712
 738
 777
 745
 713
 747
 731
 701
 704
 717
 749
 678
 702
 693
 781
 736
 730
 707
 733
 662
 740
 689
 699
 684
 703
 722
 674
 690
 700
 727
 657
 710
 710
 700
 658
 703
 707
 759
 684
 716
 717
 765
 706
 695
 676
 680
 688
 694
 667
 744
 701
 674
 719
 662
 683
 675
 728
 744
 700
 711
 656
 649
 723
 685
 739
 732
 700
 697
 700
 714
 733
 695
 645
 683
 655
 699
 689
 683
 736
 693
 695
 669
 724
 666
 692
 697
 701
 650
 668
 682
 705
 636
 709
 639
 701
 675
 660
 746
 653
 690
 675
 642
 649
 676
 679
 640
 683
 680
 631
 695
 627
 670
 691
 652
 659
 647
 642
 697
 651
 626
 628
 660
 699
 717
 675
 625
 654
 662
 652
 627
 660
 603
 654
 623
 696
 615
 666
 654
 659
 664
 621
 630
 621
 652
 681
 650
 668
 639
 665
 641
 668
 649
 645
 657
 642
 644
 663
 647
 625
 677
 634
 655
 628
 616
 611
 665
 643
 611
 592
 699
 619
 669
 625
 621
 663
 599
 649
 646
 628
 655
 626
 604
 568
 621
 644
 647
 685
 599
 609
 575
 602
 622
 653
 636
 620
 615
 646
 607
 613
 637
 664
 621
 624
 641
 603
 633
 643
 655
 655
 657
 630
 608
 626
 625
 659
 642
 633
 636
 618
 650
 620
 623
 577
 616
 612
 612
 627
 654
 631
 617
 601
 591
 564
 595
 609
 568
 624
 688
 629
 611
 618
 627
 567
 593
 601
 604
 574
 619
 655
 616
 637
 598
 617
 623
 602
 624
 661
 610
 562
 617
 615
 618
 554
 538
 568
 611
 596
 645
 584
 610
 595
 622
 568
 604
 655
 572
 590
 601
 579
 621
 599
 588
 588
 626
 625
 588
 627
 556
 570
 578
 579
 597
 594
 589
 575
 620
 611
 595
 577
 602
 613
 611
 558
 585
 605
 580
 561
 583
 549
 589
 609
 624
 599
 604
 590
 542
 610
 634
 584
 597
 615
 644
 600
 588
 602
 583
 589
 609
 589
 595
 561
 627
 581
 582
 597
 583
 582
 655
 558
 579
 602
 562
 558
 605
 593
 622
 583
 521
 606
 577
 583
 613
 624
 566
 595
 537
 547
 577
 602
 617
 568
 576
 631
 607
 607
 590
 602
 589
 557
 605
 568
 586
 568
 608
 581
 605
 549
 596
 592
 609
 568
 554
 563
 586
 622
 573
 599
 566
 536
 553
 572
 572
 612
 591
 615
 579
 591
 524
 543
 596
 542
 589
 613
 574
 568
 591
 591
 567
 551
 571
 555
 529
 547
 567
 559
 602
 582
 544
 587
 570
 552
 547
 526
 579
 560
 582
 535
 601
 583
 606
 579
 565
 624
 550
 584
 574
 529
 605
 545
 556
 561
 538
 556
 540
 560
 583
 525
 559
 547
 563
 543
 534
 573
 575
 573
 566
 566
 564
 525
 595
 570
 583
 541
 548
 547
 556
 563
 534
 602
 581
 548
 556
 535
 558
 545
 559
 544
 535
 559
 530
 552
 529
 573
 559
 548
 577
 569
 602
 589
 579
 532
 577
 570
 569
 578
 543
 536
 553
 542
 573
 554
 576
 578
 612
 590
 557
 548
 565
 587
 582
 521
 553
 617
 552
 616
 561
 563
 530
 541
 525
 515
 519
 589
 598
 579
 568
 548
 560
 561
 547
 559
 543
 570
 548
 550
 555
 595
 567
 547
 545
 555
 541
 580
 602
 543
 566
 548
 584
 510
 566
 557
 546
 519
 583
 567
 577
 575
 554
 582
 541
 592
 612
 563
 558
 534
 586
 541
 592
 548
 553
 546
 544
 580
 537
 585
 528
 533
 565
 550
 583
 558
 581
 576
 556
 565
 539
 545
 592
 579
 572
 546
 573
 567
 542
 554
 576
 595
 559
 618
 556
 584
 591
 598
 519
 577
 582
 585
 582
 578
 585
 549
 613
 600
 562
 558
 575
 563
 546
 558
 554
 553
 530
 557
 559
 569
 588
 572
 595
 556
 589
 543
 558
 573
 553
 610
 548
 551
 560
 593
 566
 549
 582
 509
 616
 602
 589
 533
 544
 565
 576
 563
 568
 617
 527
 562
 554
 601
 548
 543
 556
 535
 555
 507
 571
 554
 567
 583
 575
 599
 557
 572
 562
 581
 571
 605
 533
 534
 594
 600
 550
 546
 523
 579
 556
 601
 577
 543
 566
 567
 580
 565
 593
 590
 573
 572
 580
 607
 581
 503
 512
 575
 615
 597
 572
 559
 577
 591
 598
 577
 508
 641
 559
 581
 605
 602
 571
 554
 581
 564
 566
 592
 591
 555
 556
 552
 554
 594
 574
 590
 571
 555
 554
 595
 588
 617
 594
 576
 559
 596
 609
 597
 595
 587
 585
 569
 577
 557
 600
 618
 543
 582
 577
 536
 573
 595
 573
 550
 580
 572
 616
 624
 535
 587
 606
 589
 567
 641
 597
 614
 590
 601
 626
 613
 563
 555
 583
 637
 610
 568
 610
 606
 600
 608
 616
 552
 566
 591
 632
 571
 613
 627
 606
 645
 630
 627
 607
 625
 650
 615
 603
 681
 642
 653
 687
 629
 637
 630
 698
 581
 696
 690
 691
 663
 657
 662
 662
 671
 670
 625
 693
 644
 627
 667
 637
 625
 605
 627
 604
 642
 653
 630
 599
 604
 687
 646
 619
 619
 605
 593
 641
 623
 600
 618
 639
 621
 601
 617
 603
 616
 599
 578
 612
 594
 619
 627
 610
 601
 636
 617
 647
 587
 582
 660
 638
 623
 640
 584
 605
 635
 634
 648
 631
 678
 611
 631
 593
 627
 618
 609
 624
 634
 637
 628
 632
 640
 625
 623
 616
 644
 630
 667
 645
 651
 609
 629
 671
 635
 591
 633
 646
 614
 613
 625
 615
 664
 663
 620
 678
 633
 652
 671
 612
 637
 638
 621
 611
 641
 617
 661
 664
 692
 655
 657
 619
 622
 662
 660
 623
 713
 687
 661
 676
 644
 653
 633
 614
 653
 638
 696
 644
 656
 663
 635
 686
 679
 662
 681
 694
 660
 635
 616
 674
 653
 632
 665
 642
 692
 656
 701
 662
 697
 637
 650
 621
 656
 688
 646
 711
 692
 699
 704
 677
 650
 665
 650
 616
 624
 657
 657
 721
 670
 694
 716
 643
 691
 695
 649
 678
 670
 635
 704
 665
 707
 682
 717
 683
 687
 663
 672
 670
 718
 710
 651
 693
 688
 691
 715
 645
 663
 683
 720
 649
 690
 685
 706
 689
 724
 712
 742
 730
 722
 698
 732
 721
 735
 676
 665
 634
 654
 728
 699
 732
 710
 693
 702
 725
 709
 707
 649
 706
 679
 720
 759
 724
 724
 700
 764
 729
 729
 710
 735
 722
 727
 746
 745
 701
 727
 700
 744
 712
 702
 748
 688
 745
 731
 700
 741
 747
 690
 754
 709
 737
 717
 757
 729
 746
 725
 726
 730
 716
 744
 756
 709
 791
 758
 706
 725
 754
 751
 738
 742
 751
 716
 756
 749
 730
 768
 747
 717
 723
 734
 764
 759
 780
 779
 763
 748
 720
 802
 796
 697
 785
 749
 780
 752
 762
 763
 747
 752
 783
 789
 748
 733
 754
 727
 749
 769
 763
 772
 745
 743
 773
 801
 763
 702
 769
 787
 750
 762
 837
 790
 813
 796
 780
 774
 787
 779
 767
 809
 747
 816
 722
 751
 821
 818
 795
 797
 821
 808
 793
 770
 857
 804
 747
 791
 814
 800
 757
 784
 790
 801
 761
 801
 786
 792
 780
 737
 782
 758
 793
 759
 838
 794
 791
 817
 759
 784
 807
 787
 815
 824
 837
 819
 783
 815
 807
 774
 762
 778
