VERSION:    3.1
ELEMENTS:              1
DATE:       MAR 11, 2010 04:41:08.271
CHANNELS:           4000
ROIS:        0
REAL_TIME:   1213.3100586
LIVE_TIME:   1200.4899902
CAL_OFFSET:  8.8112198e-002
CAL_SLOPE:   3.1493530e-002
CAL_QUAD:    0.0000000e+000
TWO_THETA:   9.9946346
DATA: 
 0
 0
 0
 0
 0
 0
 0
 0
 0
 0
 0
 0
 0
 0
 0
 0
 0
 0
 0
 0
 0
 0
 0
 0
 0
 0
 0
 0
 0
 0
 0
 0
 0
 0
 0
 0
 0
 0
 0
 0
 0
 0
 0
 0
 0
 0
 0
 0
 0
 0
 0
 0
 0
 0
 0
 0
 0
 0
 0
 0
 0
 0
 0
 0
 0
 0
 0
 0
 0
 0
 2
 8
 10
 16
 21
 7
 10
 23
 8
 11
 13
 21
 19
 5
 17
 13
 11
 16
 12
 16
 9
 17
 8
 8
 17
 12
 15
 16
 12
 10
 14
 14
 10
 17
 15
 24
 14
 23
 13
 15
 19
 21
 15
 19
 16
 12
 14
 23
 13
 14
 14
 12
 13
 17
 17
 13
 17
 19
 13
 26
 22
 26
 25
 18
 18
 21
 18
 16
 17
 21
 19
 19
 25
 24
 22
 18
 18
 18
 15
 19
 21
 9
 22
 15
 26
 30
 31
 20
 17
 14
 26
 21
 20
 18
 23
 24
 22
 23
 27
 32
 19
 15
 24
 31
 30
 30
 20
 28
 25
 30
 31
 41
 35
 40
 24
 32
 34
 31
 34
 29
 34
 46
 28
 30
 37
 28
 32
 23
 30
 25
 39
 36
 31
 28
 48
 31
 34
 25
 26
 30
 42
 37
 38
 48
 35
 41
 33
 36
 37
 37
 41
 32
 49
 34
 45
 35
 42
 28
 40
 39
 46
 53
 53
 52
 57
 65
 58
 53
 64
 55
 64
 65
 44
 47
 49
 55
 61
 64
 35
 53
 51
 37
 56
 41
 58
 57
 56
 47
 47
 49
 52
 55
 51
 48
 54
 55
 44
 48
 57
 56
 67
 49
 57
 52
 51
 53
 50
 58
 60
 48
 51
 58
 41
 55
 53
 62
 55
 60
 52
 55
 61
 63
 63
 51
 62
 63
 57
 53
 62
 61
 61
 68
 68
 69
 53
 83
 52
 61
 52
 70
 55
 63
 74
 65
 69
 64
 52
 75
 55
 61
 63
 61
 80
 71
 74
 57
 61
 74
 62
 66
 71
 61
 74
 69
 63
 69
 87
 67
 70
 66
 70
 69
 53
 79
 78
 73
 71
 66
 99
 71
 64
 73
 70
 82
 66
 76
 73
 74
 74
 86
 71
 78
 73
 82
 72
 84
 63
 85
 59
 72
 72
 88
 93
 77
 83
 72
 74
 77
 69
 80
 85
 73
 90
 66
 75
 77
 82
 70
 73
 77
 75
 67
 69
 76
 80
 70
 69
 81
 88
 57
 79
 73
 71
 75
 75
 68
 68
 67
 73
 67
 75
 61
 76
 58
 74
 65
 81
 65
 54
 56
 54
 61
 63
 76
 69
 73
 55
 58
 59
 66
 78
 73
 76
 61
 63
 74
 61
 76
 68
 72
 75
 83
 62
 67
 71
 69
 74
 76
 70
 72
 56
 79
 84
 76
 86
 60
 75
 73
 71
 76
 75
 81
 77
 90
 65
 79
 85
 90
 83
 94
 83
 83
 85
 67
 84
 108
 80
 106
 85
 98
 93
 104
 90
 112
 112
 105
 128
 123
 125
 129
 131
 167
 145
 146
 168
 195
 175
 212
 181
 202
 196
 196
 190
 142
 162
 178
 160
 144
 127
 164
 149
 178
 165
 159
 169
 175
 165
 153
 199
 146
 174
 203
 181
 164
 186
 198
 190
 193
 211
 197
 226
 209
 203
 211
 219
 209
 216
 231
 223
 225
 208
 263
 278
 302
 274
 289
 307
 378
 348
 378
 393
 419
 381
 392
 390
 409
 350
 367
 353
 345
 341
 313
 334
 296
 304
 319
 312
 324
 353
 364
 322
 346
 386
 357
 340
 384
 376
 377
 369
 369
 402
 400
 397
 383
 372
 390
 389
 407
 432
 405
 420
 404
 472
 415
 430
 439
 463
 461
 459
 478
 442
 456
 431
 511
 485
 475
 476
 502
 466
 476
 509
 526
 546
 515
 546
 542
 570
 537
 515
 587
 544
 569
 564
 562
 565
 595
 545
 577
 611
 590
 592
 562
 566
 623
 601
 600
 618
 584
 567
 594
 584
 597
 653
 622
 643
 608
 658
 623
 636
 669
 660
 647
 654
 730
 693
 719
 717
 686
 682
 734
 723
 712
 691
 748
 718
 696
 730
 749
 715
 751
 760
 729
 753
 772
 792
 768
 847
 799
 781
 787
 804
 805
 877
 781
 793
 815
 799
 787
 811
 841
 785
 862
 864
 856
 843
 854
 844
 834
 818
 796
 802
 831
 847
 820
 818
 803
 798
 841
 843
 812
 818
 823
 852
 815
 830
 813
 740
 794
 808
 785
 761
 801
 792
 747
 724
 784
 747
 799
 728
 740
 720
 788
 768
 779
 712
 706
 685
 761
 732
 682
 756
 678
 660
 701
 707
 663
 653
 662
 715
 689
 705
 649
 657
 662
 700
 683
 638
 660
 653
 668
 628
 632
 637
 633
 640
 648
 641
 672
 630
 654
 605
 626
 659
 574
 683
 659
 635
 652
 615
 639
 684
 679
 637
 641
 600
 624
 681
 679
 633
 615
 666
 668
 628
 686
 625
 690
 677
 659
 655
 669
 710
 636
 642
 664
 610
 655
 692
 665
 705
 674
 696
 687
 687
 655
 644
 670
 663
 653
 717
 661
 700
 679
 739
 671
 699
 737
 651
 681
 732
 674
 688
 742
 654
 712
 703
 739
 679
 709
 689
 709
 657
 684
 705
 717
 726
 713
 655
 736
 735
 738
 693
 702
 699
 734
 707
 701
 690
 679
 668
 694
 709
 673
 704
 757
 731
 688
 718
 688
 706
 748
 757
 684
 742
 684
 755
 754
 705
 730
 700
 742
 713
 749
 696
 702
 689
 716
 751
 702
 709
 731
 696
 704
 689
 706
 681
 693
 710
 675
 653
 688
 666
 717
 668
 703
 675
 694
 696
 738
 678
 658
 622
 685
 699
 665
 662
 670
 682
 700
 625
 667
 728
 654
 695
 701
 665
 663
 631
 659
 628
 662
 666
 634
 672
 657
 599
 662
 643
 655
 625
 654
 588
 667
 636
 670
 631
 653
 600
 651
 624
 672
 616
 633
 652
 650
 652
 618
 591
 618
 643
 629
 603
 620
 635
 603
 593
 567
 577
 665
 615
 594
 596
 602
 628
 620
 601
 600
 586
 588
 598
 642
 603
 590
 577
 623
 609
 597
 632
 610
 645
 620
 637
 602
 600
 576
 569
 595
 590
 560
 642
 589
 589
 618
 604
 573
 604
 629
 602
 616
 617
 649
 657
 616
 581
 614
 617
 616
 648
 610
 629
 638
 675
 622
 594
 551
 694
 609
 646
 631
 613
 623
 600
 632
 611
 557
 599
 689
 599
 644
 621
 622
 622
 619
 653
 628
 624
 620
 675
 642
 663
 630
 616
 666
 604
 655
 643
 643
 644
 636
 681
 676
 606
 669
 613
 637
 644
 650
 647
 648
 660
 612
 671
 610
 612
 664
 660
 661
 635
 646
 649
 639
 585
 634
 597
 618
 687
 702
 608
 649
 644
 660
 677
 637
 639
 641
 644
 621
 636
 605
 618
 642
 576
 661
 622
 625
 587
 660
 655
 611
 627
 646
 622
 643
 570
 609
 605
 596
 620
 570
 639
 667
 611
 633
 609
 612
 592
 650
 597
 617
 626
 627
 602
 574
 611
 616
 640
 558
 644
 591
 605
 623
 577
 631
 606
 577
 576
 567
 605
 591
 572
 580
 535
 571
 591
 603
 547
 524
 599
 612
 545
 597
 590
 542
 556
 589
 589
 539
 556
 566
 569
 575
 559
 571
 544
 562
 528
 576
 551
 510
 564
 600
 563
 591
 578
 543
 580
 572
 525
 576
 598
 528
 544
 542
 565
 487
 512
 537
 529
 552
 500
 486
 528
 557
 501
 529
 541
 564
 540
 535
 496
 488
 557
 503
 528
 534
 505
 538
 542
 533
 511
 531
 501
 489
 513
 532
 552
 476
 478
 494
 507
 487
 492
 505
 488
 490
 472
 499
 490
 489
 500
 453
 483
 471
 502
 478
 491
 427
 458
 437
 480
 463
 494
 458
 447
 449
 494
 495
 464
 452
 444
 454
 451
 483
 456
 422
 464
 440
 434
 463
 420
 430
 438
 412
 469
 449
 436
 401
 436
 454
 406
 457
 430
 431
 447
 405
 438
 411
 425
 423
 434
 439
 412
 422
 417
 383
 397
 385
 458
 404
 454
 419
 437
 411
 382
 387
 383
 418
 418
 400
 395
 371
 377
 407
 393
 440
 386
 396
 404
 376
 406
 425
 435
 397
 377
 396
 402
 384
 392
 412
 413
 369
 341
 368
 360
 375
 339
 358
 402
 393
 396
 400
 370
 381
 417
 339
 425
 347
 395
 381
 376
 338
 405
 385
 405
 380
 346
 377
 363
 363
 361
 379
 327
 378
 327
 373
 326
 356
 392
 378
 370
 327
 341
 354
 356
 356
 347
 339
 349
 409
 346
 343
 341
 357
 358
 387
 337
 334
 348
 335
 344
 340
 361
 340
 359
 305
 340
 375
 369
 356
 367
 311
 334
 368
 337
 341
 331
 361
 343
 317
 312
 340
 334
 351
 348
 349
 316
 317
 299
 321
 330
 339
 333
 341
 309
 326
 326
 314
 337
 337
 291
 313
 327
 340
 333
 331
 344
 344
 327
 326
 286
 321
 299
 296
 278
 311
 310
 326
 299
 308
 302
 329
 310
 314
 308
 336
 263
 319
 324
 327
 295
 291
 290
 327
 319
 318
 332
 310
 317
 326
 309
 304
 311
 314
 290
 350
 282
 313
 315
 290
 267
 287
 270
 316
 283
 286
 304
 305
 308
 260
 291
 302
 276
 321
 307
 275
 243
 305
 276
 287
 301
 284
 291
 258
 287
 274
 304
 279
 292
 297
 271
 312
 257
 254
 272
 279
 277
 280
 267
 300
 263
 250
 269
 280
 281
 259
 298
 286
 262
 264
 279
 303
 270
 252
 252
 285
 250
 277
 277
 257
 259
 266
 275
 230
 266
 281
 226
 255
 258
 252
 257
 254
 255
 295
 272
 289
 270
 282
 253
 250
 268
 250
 256
 279
 264
 277
 255
 249
 260
 295
 274
 267
 272
 282
 263
 267
 264
 251
 249
 248
 266
 247
 240
 206
 241
 244
 271
 222
 265
 262
 256
 243
 250
 253
 260
 228
 267
 252
 249
 284
 263
 259
 244
 253
 253
 251
 262
 245
 256
 256
 241
 220
 261
 268
 196
 265
 257
 218
 249
 221
 244
 241
 247
 256
 226
 206
 241
 270
 255
 263
 252
 242
 242
 257
 238
 280
 231
 247
 236
 252
 275
 259
 257
 248
 246
 233
 224
 251
 274
 237
 265
 254
 251
 223
 217
 233
 249
 264
 247
 225
 252
 257
 254
 239
 244
 257
 216
 248
 245
 238
 242
 241
 249
 228
 272
 233
 249
 205
 219
 239
 224
 236
 246
 249
 221
 238
 232
 279
 233
 229
 238
 223
 240
 227
 245
 228
 207
 229
 229
 229
 241
 219
 220
 244
 221
 214
 204
 240
 224
 202
 216
 229
 235
 215
 248
 234
 211
 224
 223
 223
 201
 224
 234
 226
 208
 206
 200
 230
 206
 197
 198
 185
 231
 210
 223
 204
 191
 212
 211
 218
 195
 209
 245
 189
 176
 203
 206
 218
 232
 219
 204
 207
 230
 195
 164
 179
 191
 189
 208
 199
 191
 164
 211
 217
 200
 206
 198
 200
 202
 229
 203
 170
 183
 217
 215
 197
 199
 173
 194
 200
 172
 211
 196
 197
 204
 184
 187
 189
 194
 199
 190
 186
 174
 183
 190
 179
 195
 169
 192
 203
 188
 189
 154
 178
 166
 160
 179
 170
 183
 185
 191
 187
 188
 174
 188
 180
 190
 165
 168
 178
 152
 177
 182
 184
 151
 188
 172
 177
 155
 180
 178
 184
 196
 212
 184
 190
 164
 162
 161
 179
 172
 177
 164
 173
 188
 173
 182
 163
 174
 179
 146
 168
 178
 178
 166
 144
 174
 179
 150
 168
 145
 182
 162
 156
 176
 171
 166
 172
 163
 161
 157
 166
 167
 174
 154
 179
 151
 138
 150
 170
 177
 156
 148
 185
 170
 171
 159
 193
 177
 151
 178
 173
 149
 169
 130
 150
 149
 159
 143
 145
 144
 161
 142
 166
 141
 154
 151
 145
 160
 138
 162
 146
 151
 158
 136
 131
 160
 156
 176
 170
 138
 129
 159
 142
 154
 146
 162
 162
 149
 159
 134
 144
 153
 162
 147
 130
 153
 151
 156
 148
 149
 146
 143
 141
 129
 130
 156
 115
 127
 143
 152
 150
 131
 158
 137
 140
 129
 133
 156
 136
 143
 144
 157
 139
 145
 141
 149
 132
 137
 148
 143
 138
 135
 143
 162
 156
 128
 127
 125
 135
 133
 150
 136
 159
 130
 145
 132
 120
 133
 133
 129
 151
 127
 147
 112
 134
 131
 128
 125
 124
 133
 137
 142
 136
 148
 142
 132
 132
 143
 152
 123
 145
 150
 135
 145
 141
 144
 150
 120
 147
 136
 121
 135
 109
 156
 138
 141
 141
 137
 139
 123
 128
 135
 123
 127
 112
 128
 125
 122
 140
 119
 134
 153
 143
 144
 136
 122
 121
 137
 111
 136
 112
 130
 106
 126
 120
 131
 127
 121
 113
 131
 140
 142
 135
 131
 129
 144
 129
 119
 122
 137
 123
 122
 140
 142
 133
 123
 145
 117
 121
 123
 123
 107
 126
 137
 127
 112
 112
 119
 116
 114
 107
 120
 130
 110
 131
 129
 143
 138
 117
 116
 112
 108
 108
 107
 101
 117
 116
 111
 119
 118
 118
 116
 111
 125
 110
 128
 128
 120
 107
 109
 112
 119
 118
 115
 142
 100
 117
 128
 133
 114
 110
 129
 144
 132
 115
 121
 108
 135
 113
 117
 99
 103
 135
 112
 120
 139
 137
 116
 164
 100
 116
 110
 124
 131
 122
 120
 111
 126
 111
 101
 109
 117
 114
 111
 121
 105
 118
 120
 111
 87
 104
 112
 102
 118
 100
 110
 110
 133
 122
 94
 97
 111
 101
 95
 104
 101
 90
 100
 98
 107
 95
 117
 115
 104
 88
 92
 99
 90
 90
 103
 78
 89
 83
 87
 89
 81
 79
 89
 72
 82
 76
 54
 80
 75
 72
 70
 74
 72
 74
 79
 61
 69
 78
 74
 61
 89
 69
 59
 53
 69
 63
 50
 59
 76
 75
 64
 88
 87
 78
 84
 77
 65
 64
 53
 63
 66
 49
 66
 57
 57
 57
 70
 43
 79
 73
 64
 75
 58
 53
 70
 66
 59
 56
 56
 66
 69
 60
 69
 60
 66
 59
 59
 64
 61
 67
 72
 71
 77
 68
 68
 71
 68
 71
 67
 66
 72
 63
 94
 67
 61
 61
 78
 61
 69
 55
 53
 74
 65
 78
 73
 68
 56
 54
 62
 59
 79
 57
 58
 56
 59
 55
 54
 64
 60
 48
 53
 69
 47
 57
 56
 51
 56
 52
 51
 65
 57
 62
 59
 58
 57
 59
 56
 41
 61
 62
 62
 57
 76
 54
 53
 82
 68
 49
 65
 71
 53
 58
 58
 57
 55
 59
 52
 46
 62
 61
 65
 44
 58
 51
 53
 81
 44
 51
 59
 56
 52
 58
 56
 44
 52
 61
 58
 58
 42
 57
 47
 66
 59
 59
 55
 48
 57
 55
 47
 59
 56
 52
 61
 58
 53
 62
 62
 38
 55
 57
 44
 64
 48
 51
 46
 59
 52
 46
 48
 54
 40
 56
 55
 44
 54
 47
 43
 47
 58
 53
 58
 45
 46
 53
 52
 51
 44
 53
 37
 41
 56
 56
 54
 43
 51
 41
 57
 36
 33
 51
 53
 54
 47
 46
 47
 55
 54
 51
 42
 54
 48
 55
 59
 46
 51
 43
 50
 46
 44
 46
 40
 50
 51
 38
 47
 56
 55
 50
 55
 45
 43
 56
 45
 47
 45
 57
 40
 53
 46
 38
 47
 44
 40
 42
 38
 51
 54
 53
 43
 49
 46
 31
 44
 43
 39
 42
 35
 52
 37
 35
 41
 41
 49
 42
 44
 41
 33
 40
 43
 38
 53
 36
 40
 44
 40
 34
 37
 39
 38
 41
 42
 42
 43
 47
 39
 39
 35
 35
 49
 35
 33
 33
 41
 39
 34
 49
 43
 44
 48
 32
 50
 48
 39
 32
 37
 35
 42
 46
 31
 40
 41
 36
 32
 40
 45
 45
 40
 39
 37
 31
 36
 44
 49
 45
 41
 32
 36
 28
 33
 46
 49
 33
 33
 38
 41
 39
 41
 36
 35
 29
 28
 38
 38
 44
 43
 41
 34
 35
 31
 41
 46
 29
 31
 33
 31
 35
 40
 40
 35
 39
 28
 35
 40
 33
 29
 36
 49
 45
 36
 30
 41
 29
 29
 40
 34
 30
 31
 22
 30
 45
 32
 29
 25
 30
 32
 24
 44
 35
 32
 43
 33
 35
 28
 33
 31
 37
 24
 32
 32
 41
 35
 35
 45
 41
 36
 28
 34
 39
 30
 28
 28
 34
 38
 29
 33
 35
 30
 35
 46
 27
 38
 28
 36
 40
 30
 37
 35
 41
 36
 29
 35
 39
 34
 35
 50
 38
 22
 37
 31
 36
 24
 37
 22
 34
 37
 29
 44
 34
 34
 37
 43
 30
 30
 35
 41
 32
 38
 38
 37
 38
 30
 41
 46
 33
 34
 29
 35
 33
 29
 29
 25
 23
 39
 21
 26
 30
 26
 30
 34
 52
 25
 37
 36
 39
 35
 28
 39
 33
 27
 37
 17
 32
 25
 34
 39
 35
 28
 23
 26
 38
 30
 34
 41
 18
 41
 43
 32
 40
 27
 30
 19
 33
 27
 28
 26
 22
 39
 26
 26
 40
 40
 25
 22
 24
 30
 17
 27
 24
 28
 38
 22
 29
 38
 25
 34
 28
 25
 25
 25
 27
 27
 21
 21
 31
 31
 35
 33
 20
 26
 26
 30
 27
 28
 33
 29
 21
 28
 24
 19
 22
 24
 23
 27
 34
 22
 15
 21
 30
 22
 35
 15
 30
 22
 22
 26
 25
 23
 22
 22
 27
 21
 33
 19
 24
 21
 15
 38
 17
 31
 29
 23
 33
 22
 24
 23
 14
 23
 19
 28
 24
 29
 20
 16
 29
 31
 24
 19
 16
 23
 15
 23
 24
 18
 18
 24
 18
 18
 19
 19
 25
 22
 21
 21
 21
 16
 21
 18
 25
 24
 22
 16
 23
 18
 23
 16
 26
 22
 21
 28
 28
 19
 21
 13
 24
 21
 26
 39
 24
 22
 17
 17
 14
 28
 18
 19
 27
 20
 18
 23
 16
 16
 20
 21
 21
 15
 21
 16
 21
 20
 27
 12
 17
 27
 23
 23
 26
 17
 18
 18
 15
 18
 28
 15
 23
 17
 21
 20
 19
 22
 21
 17
 23
 15
 10
 24
 18
 16
 28
 16
 19
 25
 20
 13
 13
 18
 19
 23
 17
 20
 18
 15
 12
 23
 13
 10
 12
 15
 25
 24
 18
 13
 23
 21
 16
 21
 19
 15
 17
 15
 16
 14
 17
 12
 18
 18
 17
 12
 21
 16
 17
 16
 15
 25
 15
 24
 20
 11
 13
 27
 19
 16
 23
 15
 25
 20
 15
 17
 18
 19
 21
 15
 17
 26
 16
 21
 18
 11
 12
 17
 16
 17
 19
 15
 12
 20
 22
 19
 22
 18
 20
 20
 12
 21
 17
 17
 17
 28
 15
 16
 23
 16
 16
 18
 7
 18
 15
 16
 13
 11
 23
 10
 9
 16
 19
 12
 11
 11
 12
 16
 19
 20
 17
 15
 13
 16
 14
 14
 19
 18
 17
 18
 10
 18
 16
 16
 15
 21
 12
 17
 12
 13
 11
 10
 11
 10
 17
 11
 12
 22
 14
 8
 13
 8
 18
 14
 9
 7
 15
 18
 16
 14
 10
 10
 20
 8
 13
 19
 9
 13
 12
 12
 14
 11
 12
 16
 7
 23
 15
 17
 17
 11
 14
 20
 6
 18
 16
 16
 16
 14
 13
 19
 6
 13
 10
 15
 13
 7
 13
 11
 24
 21
 8
 11
 22
 12
 11
 13
 8
 15
 14
 12
 14
 7
 8
 16
 17
 17
 16
 15
 18
 12
 9
 9
 15
 10
 12
 16
 20
 11
 6
 13
 12
 6
 13
 14
 13
 10
 11
 12
 11
 4
 15
 11
 11
 12
 20
 16
 11
 10
 8
 15
 19
 14
 7
 15
 11
 10
 10
 8
 12
 12
 16
 20
 7
 12
 15
 11
 12
 13
 15
 10
 6
 9
 8
 12
 13
 11
 14
 9
 7
 9
 16
 13
 14
 8
 10
 13
 11
 13
 17
 11
 14
 10
 17
 13
 8
 6
 19
 15
 16
 7
 15
 14
 10
 13
 11
 15
 15
 9
 18
 17
 10
 12
 10
 12
 18
 9
 12
 12
 13
 12
 17
 14
 15
 7
 8
 12
 6
 15
 13
 11
 12
 11
 12
 11
 15
 8
 12
 11
 9
 10
 20
 7
 6
 13
 3
 11
 12
 7
 6
 10
 9
 8
 10
 9
 10
 13
 7
 11
 6
 14
 14
 16
 7
 7
 11
 10
 6
 20
 9
 12
 12
 8
 15
 7
 8
 10
 8
 9
 10
 10
 13
 5
 10
 9
 7
 6
 12
 8
 9
 15
 5
 16
 14
 7
 11
 10
 11
 16
 4
 15
 14
 8
 9
 6
 7
 14
 9
 5
 6
 9
 14
 11
 9
 8
 6
 9
 7
 6
 8
 8
 10
 9
 13
 13
 7
 6
 8
 8
 8
 10
 8
 9
 5
 15
 10
 6
 10
 11
 5
 8
 11
 6
 12
 10
 7
 13
 8
 14
 5
 14
 9
 7
 9
 12
 8
 9
 12
 10
 4
 4
 5
 5
 5
 4
 14
 10
 6
 8
 7
 11
 8
 8
 8
 4
 15
 7
 5
 11
 5
 10
 14
 7
 8
 8
 3
 4
 11
 8
 11
 5
 8
 9
 9
 14
 5
 9
 8
 6
 6
 6
 10
 9
 9
 8
 7
 7
 6
 7
 7
 8
 7
 5
 7
 9
 6
 8
 7
 6
 8
 8
 6
 16
 7
 8
 4
 5
 6
 5
 12
 7
 9
 12
 3
 8
 8
 6
 8
 6
 1
 10
 7
 5
 5
 12
 3
 5
 12
 8
 3
 7
 6
 6
 10
 8
 11
 9
 8
 6
 5
 8
 11
 6
 6
 2
 1
 10
 7
 5
 7
 10
 5
 9
 3
 5
 5
 6
 6
 9
 7
 5
 5
 6
 8
 6
 8
 8
 7
 3
 4
 7
 9
 7
 5
 8
 6
 6
 4
 15
 3
 8
 5
 10
 7
 8
 2
 11
 9
 6
 10
 8
 6
 10
 9
 4
 5
 4
 5
 6
 9
 6
 5
 6
 7
 4
 4
 3
 9
 5
 5
 10
 8
 2
 7
 9
 2
 8
 10
 5
 4
 5
 8
 9
 6
 5
 4
 5
 4
 6
 2
 5
 5
 7
 4
 9
 9
 4
 8
 11
 1
 7
 5
 5
 5
 8
 7
 6
 5
 8
 7
 2
 6
 3
 8
 8
 5
 4
 8
 8
 5
 11
 4
 7
 3
 5
 5
 4
 6
 6
 8
 5
 8
 2
 4
 11
 2
 4
 3
 7
 8
 6
 6
 5
 3
 5
 5
 8
 8
 7
 5
 6
 5
 5
 6
 4
 9
 4
 4
 5
 3
 3
 3
 7
 3
 4
 6
 7
 8
 9
 7
 6
 4
 3
 5
 9
 8
 6
 2
 3
 3
 2
 7
 4
 5
 5
 6
 4
 4
 3
 4
 5
 9
 6
 2
 8
 5
 2
 4
 7
 5
 4
 6
 2
 4
 6
 7
 5
 6
 4
 3
 7
 0
 6
 5
 6
 6
 3
 8
 6
 3
 5
 2
 6
 5
 2
 5
 3
 3
 2
 5
 6
 2
 5
 4
 4
 4
 3
 2
 4
 2
 4
 5
 2
 1
 2
 9
 4
 7
 3
 4
 5
 3
 3
 8
 6
 0
 5
 4
 3
 4
 1
 7
 3
 3
 4
 5
 5
 5
 6
 3
 6
 2
 1
 10
 7
 5
 4
 1
 3
 1
 4
 3
 6
 1
 2
 6
 4
 9
 8
 3
 5
 5
 9
 6
 4
 3
 9
 6
 3
 2
 5
 4
 6
 5
 4
 3
 3
 3
 3
 1
 5
 4
 3
 0
 5
 6
 4
 1
 3
 5
 3
 3
 2
 4
 6
 6
 1
 2
 3
 5
 9
 4
 3
 7
 6
 3
 5
 2
 3
 7
 5
 4
 3
 2
 3
 6
 4
 3
 2
 4
 7
 5
 5
 4
 0
 2
 4
 6
 3
 2
 2
 3
 8
 1
 3
 5
 3
 3
 5
 4
 2
 3
 3
 3
 2
 1
 4
 5
 4
 2
 5
 7
 5
 4
 6
 6
 3
 0
 4
 6
 3
 3
 4
 1
 3
 1
 4
 3
 1
 4
 5
 8
 3
 3
 4
 2
 3
 4
 2
 0
 2
 5
 3
 1
 3
 2
 1
 8
 0
 3
 1
 3
 3
 3
 4
 4
 4
 7
 4
 5
 2
 1
 4
 7
 4
 2
 4
 4
 5
 2
 3
 3
 5
 0
 2
 5
 6
 3
 3
 2
 5
 3
 6
 5
 5
 4
 5
 1
 5
 4
 3
 0
 1
 4
 4
 1
 4
 2
 6
 1
 1
 8
 1
 1
 2
 5
 3
 1
 4
 3
 7
 4
 2
 2
 5
 4
 0
 4
 0
 2
 2
 0
 0
 3
 7
 1
 1
 3
 5
 5
 3
 2
 1
 4
 2
 1
 1
 1
 5
 1
 0
 3
 4
 5
 4
 5
