VERSION:    3.1
ELEMENTS:              1
DATE:       MAR 11, 2010 06:20:14.535
CHANNELS:           4000
ROIS:        0
REAL_TIME:   449.4599915
LIVE_TIME:   400.4100037
CAL_OFFSET:  8.8112198e-002
CAL_SLOPE:   3.1493530e-002
CAL_QUAD:    0.0000000e+000
TWO_THETA:   9.9946346
DATA: 
 0
 0
 0
 0
 0
 0
 0
 0
 0
 0
 0
 0
 0
 0
 0
 0
 0
 0
 0
 0
 0
 0
 0
 0
 0
 0
 0
 0
 0
 0
 0
 0
 0
 0
 0
 0
 0
 0
 0
 0
 0
 0
 0
 0
 0
 0
 0
 0
 0
 0
 0
 0
 0
 0
 0
 0
 0
 0
 0
 0
 0
 0
 0
 0
 0
 0
 0
 0
 0
 0
 2
 49
 63
 86
 59
 57
 65
 58
 64
 61
 69
 54
 62
 55
 76
 66
 66
 61
 59
 57
 61
 64
 62
 69
 56
 61
 69
 53
 62
 52
 59
 53
 65
 54
 57
 62
 69
 46
 64
 58
 54
 57
 57
 51
 61
 64
 50
 73
 51
 52
 77
 58
 58
 58
 56
 61
 62
 51
 53
 77
 49
 66
 48
 66
 68
 58
 61
 59
 60
 57
 56
 54
 61
 70
 52
 71
 62
 51
 75
 67
 50
 59
 62
 70
 58
 66
 59
 63
 57
 57
 71
 74
 76
 78
 66
 60
 73
 59
 73
 73
 73
 69
 86
 76
 77
 64
 79
 63
 82
 76
 103
 89
 87
 76
 96
 89
 94
 88
 94
 80
 79
 93
 81
 87
 91
 92
 94
 91
 100
 90
 105
 101
 99
 81
 96
 97
 100
 101
 104
 101
 96
 109
 111
 125
 112
 114
 123
 108
 130
 110
 110
 118
 119
 113
 113
 126
 123
 106
 107
 121
 120
 139
 134
 131
 150
 125
 122
 143
 142
 146
 126
 132
 134
 124
 146
 141
 142
 135
 136
 132
 143
 147
 142
 133
 163
 141
 153
 133
 153
 164
 152
 159
 158
 132
 154
 160
 158
 164
 168
 146
 144
 170
 148
 172
 160
 161
 159
 148
 139
 184
 174
 175
 172
 178
 182
 183
 195
 171
 185
 166
 170
 174
 205
 173
 182
 215
 184
 189
 199
 189
 179
 181
 196
 226
 195
 202
 217
 222
 245
 196
 180
 231
 245
 209
 215
 243
 232
 210
 228
 211
 210
 214
 239
 242
 215
 238
 218
 246
 224
 222
 239
 229
 248
 267
 254
 235
 248
 271
 281
 264
 257
 252
 269
 281
 291
 240
 253
 257
 284
 286
 277
 277
 284
 263
 289
 283
 268
 292
 292
 283
 300
 287
 297
 285
 329
 308
 326
 322
 319
 333
 287
 301
 317
 312
 331
 322
 321
 337
 328
 309
 326
 355
 350
 342
 322
 313
 322
 316
 330
 343
 341
 345
 364
 346
 335
 329
 382
 359
 368
 349
 344
 330
 369
 349
 360
 337
 360
 393
 369
 365
 406
 369
 370
 379
 380
 401
 391
 405
 373
 413
 376
 416
 388
 407
 403
 376
 402
 410
 382
 396
 403
 405
 398
 405
 382
 412
 429
 383
 420
 393
 399
 399
 419
 427
 421
 377
 407
 444
 412
 410
 453
 406
 458
 445
 449
 407
 428
 432
 466
 454
 435
 429
 449
 426
 409
 430
 456
 460
 452
 417
 438
 410
 455
 449
 486
 429
 460
 455
 472
 436
 446
 466
 477
 476
 447
 440
 469
 457
 487
 470
 485
 487
 481
 535
 496
 561
 551
 543
 487
 540
 491
 530
 498
 520
 540
 529
 533
 542
 546
 511
 570
 540
 551
 510
 521
 489
 530
 517
 569
 563
 568
 526
 579
 579
 511
 548
 510
 552
 573
 596
 629
 609
 546
 582
 593
 635
 612
 600
 630
 603
 657
 656
 684
 683
 670
 661
 702
 681
 748
 730
 772
 792
 785
 734
 787
 754
 761
 759
 812
 740
 762
 794
 808
 762
 757
 788
 851
 825
 773
 844
 836
 779
 890
 876
 870
 890
 919
 910
 878
 922
 868
 914
 897
 964
 967
 1009
 1016
 1014
 979
 1032
 1021
 1049
 1050
 1131
 1179
 1147
 1085
 1160
 1143
 1156
 1235
 1153
 1175
 1278
 1230
 1227
 1256
 1229
 1284
 1300
 1262
 1302
 1458
 1352
 1370
 1434
 1426
 1422
 1471
 1444
 1566
 1481
 1609
 1540
 1519
 1549
 1629
 1620
 1621
 1637
 1668
 1685
 1763
 1773
 1761
 1767
 1781
 1909
 1842
 1926
 1799
 1917
 1956
 2006
 2016
 2031
 2083
 2071
 2033
 2154
 2028
 2176
 2206
 2159
 2225
 2187
 2329
 2260
 2267
 2416
 2366
 2304
 2454
 2428
 2493
 2456
 2519
 2630
 2592
 2683
 2639
 2702
 2703
 2644
 2779
 2752
 2826
 2830
 2813
 2928
 2915
 3019
 3128
 3001
 3121
 2963
 3206
 3165
 3147
 3259
 3302
 3293
 3453
 3332
 3332
 3645
 3478
 3394
 3492
 3508
 3574
 3582
 3786
 3670
 3773
 3724
 3869
 3970
 3890
 3869
 3885
 3932
 4008
 4093
 4119
 4111
 4060
 4182
 4244
 4061
 4392
 4387
 4369
 4402
 4376
 4570
 4385
 4619
 4490
 4502
 4540
 4446
 4663
 4595
 4731
 4741
 4740
 4850
 4847
 4822
 4866
 5073
 4980
 5030
 5041
 5043
 4981
 5061
 5041
 5154
 5189
 5126
 5174
 5290
 5214
 5286
 5302
 5338
 5346
 5280
 5333
 5384
 5328
 5336
 5355
 5388
 5429
 5572
 5412
 5536
 5441
 5440
 5546
 5518
 5458
 5583
 5609
 5577
 5730
 5493
 5662
 5632
 5707
 5581
 5772
 5764
 5864
 5623
 5837
 5684
 5828
 5790
 5742
 5580
 5785
 5832
 5662
 5708
 5757
 5833
 5774
 5826
 5863
 5767
 5747
 5682
 5798
 5765
 5830
 5842
 5752
 5704
 5802
 5763
 5779
 5580
 5609
 5641
 5578
 5729
 5819
 5767
 5582
 5750
 5811
 5676
 5726
 5707
 5709
 5542
 5643
 5466
 5615
 5550
 5556
 5571
 5531
 5555
 5421
 5603
 5454
 5355
 5288
 5356
 5418
 5442
 5316
 5454
 5269
 5331
 5311
 5369
 5321
 5303
 5225
 5301
 5250
 5177
 5159
 5120
 5076
 5078
 5210
 5161
 5194
 4999
 5063
 4965
 5081
 5119
 4907
 4984
 4977
 5036
 4805
 4993
 4875
 4973
 4885
 4840
 4877
 4735
 4757
 4775
 4697
 4745
 4777
 4656
 4703
 4765
 4642
 4646
 4618
 4671
 4598
 4519
 4497
 4541
 4525
 4365
 4504
 4456
 4548
 4470
 4447
 4558
 4355
 4454
 4314
 4382
 4238
 4411
 4281
 4209
 4232
 4262
 4237
 4234
 4160
 3940
 4306
 4088
 4178
 4084
 4029
 4001
 4105
 4167
 4160
 4117
 3941
 4077
 3889
 3947
 3863
 3866
 3828
 3865
 3801
 3907
 3854
 3833
 3814
 3890
 3840
 3675
 3764
 3815
 3616
 3729
 3704
 3837
 3742
 3834
 3750
 3796
 3767
 3802
 3777
 3739
 3824
 3788
 3750
 3713
 3771
 3788
 3752
 3773
 3597
 3605
 3481
 3535
 3562
 3474
 3512
 3418
 3402
 3432
 3343
 3348
 3354
 3325
 3257
 3346
 3299
 3196
 3251
 3281
 3259
 3180
 3280
 3147
 3265
 3194
 3181
 3165
 3155
 3110
 3157
 3279
 3066
 3112
 3069
 3123
 3065
 2985
 3111
 3027
 2933
 2972
 2983
 3014
 3040
 2961
 2908
 2862
 2923
 2980
 2991
 2951
 2982
 2880
 2872
 2880
 2870
 2875
 2877
 2865
 2820
 2811
 2868
 2874
 2808
 2826
 2795
 2733
 2819
 2826
 2722
 2775
 2721
 2745
 2728
 2606
 2687
 2721
 2588
 2678
 2678
 2615
 2689
 2569
 2649
 2649
 2669
 2598
 2582
 2698
 2582
 2573
 2588
 2506
 2599
 2657
 2475
 2468
 2536
 2513
 2516
 2510
 2443
 2476
 2494
 2591
 2524
 2498
 2420
 2386
 2522
 2382
 2452
 2511
 2412
 2364
 2395
 2403
 2384
 2456
 2399
 2360
 2362
 2357
 2442
 2309
 2408
 2281
 2327
 2392
 2393
 2378
 2392
 2290
 2273
 2343
 2289
 2255
 2336
 2337
 2266
 2303
 2280
 2198
 2245
 2274
 2184
 2246
 2304
 2294
 2189
 2265
 2209
 2166
 2282
 2198
 2212
 2112
 2214
 2123
 2261
 2240
 2216
 2181
 2174
 2111
 2184
 2121
 2233
 2234
 2204
 2260
 2128
 2094
 2100
 2146
 2083
 2136
 2165
 2095
 2137
 2079
 2078
 2082
 2127
 2088
 2089
 2050
 2094
 2035
 2109
 2049
 1971
 1995
 2101
 1973
 1979
 2068
 1912
 2032
 1988
 1969
 1949
 1915
 1967
 2085
 1954
 2045
 2015
 2039
 1952
 1967
 1944
 1917
 2030
 1887
 1952
 1916
 1943
 1907
 1932
 1966
 1927
 1862
 1856
 1883
 1887
 1873
 1893
 1860
 1915
 1860
 1852
 1851
 1902
 1874
 1808
 1869
 1907
 1856
 1902
 1799
 1817
 1858
 1783
 1888
 1805
 1817
 1881
 1884
 1768
 1781
 1714
 1870
 1842
 1716
 1768
 1844
 1794
 1799
 1739
 1746
 1782
 1747
 1681
 1795
 1725
 1703
 1784
 1778
 1750
 1692
 1749
 1695
 1720
 1698
 1705
 1731
 1658
 1726
 1773
 1704
 1770
 1614
 1704
 1729
 1686
 1695
 1649
 1632
 1653
 1662
 1627
 1767
 1599
 1603
 1702
 1645
 1598
 1638
 1682
 1645
 1630
 1596
 1606
 1665
 1588
 1563
 1647
 1599
 1644
 1565
 1621
 1543
 1492
 1509
 1534
 1629
 1548
 1542
 1513
 1556
 1526
 1488
 1576
 1528
 1536
 1482
 1592
 1451
 1569
 1570
 1550
 1411
 1454
 1480
 1462
 1518
 1460
 1486
 1479
 1443
 1476
 1460
 1448
 1473
 1449
 1461
 1431
 1454
 1405
 1394
 1461
 1391
 1351
 1393
 1427
 1371
 1415
 1482
 1418
 1390
 1415
 1317
 1355
 1421
 1351
 1348
 1353
 1305
 1380
 1372
 1272
 1365
 1322
 1282
 1306
 1307
 1322
 1304
 1378
 1307
 1306
 1263
 1301
 1280
 1278
 1273
 1322
 1301
 1309
 1289
 1263
 1317
 1289
 1294
 1274
 1272
 1196
 1297
 1263
 1296
 1222
 1250
 1243
 1192
 1218
 1225
 1217
 1185
 1178
 1216
 1177
 1204
 1169
 1231
 1285
 1218
 1221
 1191
 1209
 1181
 1215
 1118
 1198
 1169
 1206
 1142
 1016
 1170
 1152
 1091
 1081
 1113
 1131
 1138
 1078
 1155
 1070
 1101
 1087
 1086
 1102
 1146
 1083
 1114
 1099
 1067
 1081
 1082
 1038
 1087
 1113
 1100
 1128
 1035
 1054
 1065
 1058
 1014
 1107
 1097
 1098
 1064
 1107
 1016
 1068
 1019
 1069
 1014
 1016
 1116
 1010
 1082
 1038
 1071
 1023
 1021
 1085
 1036
 947
 1054
 1075
 1111
 967
 1074
 1109
 1021
 1001
 1053
 1067
 1025
 1040
 1049
 1024
 1062
 995
 1078
 1019
 1035
 1045
 1033
 1049
 1044
 1046
 1033
 997
 1044
 1023
 1082
 1013
 1013
 1024
 993
 1032
 1056
 1004
 1008
 1028
 1026
 1022
 975
 1035
 1038
 974
 1056
 1012
 978
 1014
 1039
 964
 1038
 1066
 988
 1012
 1011
 1028
 1043
 986
 996
 989
 1014
 965
 1005
 1035
 964
 977
 999
 998
 973
 1002
 1021
 1023
 1073
 1043
 998
 1062
 1003
 983
 1045
 999
 1016
 1028
 1002
 1057
 1007
 1035
 961
 949
 1041
 1037
 1001
 1047
 1021
 1006
 974
 1017
 1003
 1018
 997
 940
 1012
 974
 993
 912
 1036
 1000
 958
 972
 969
 918
 982
 1031
 974
 985
 963
 1010
 973
 1030
 945
 951
 1004
 972
 1001
 961
 1023
 927
 949
 1021
 901
 896
 914
 969
 968
 979
 885
 1024
 1011
 985
 949
 979
 967
 932
 922
 911
 977
 936
 942
 952
 935
 895
 921
 940
 931
 913
 927
 956
 926
 976
 911
 918
 966
 948
 944
 957
 889
 912
 924
 880
 965
 972
 934
 874
 919
 916
 907
 872
 898
 935
 880
 883
 907
 895
 969
 931
 900
 893
 919
 896
 945
 888
 893
 856
 912
 930
 905
 906
 886
 871
 892
 880
 932
 867
 933
 962
 877
 909
 894
 835
 846
 847
 863
 855
 894
 933
 848
 889
 891
 810
 932
 883
 944
 880
 871
 891
 886
 854
 873
 879
 884
 810
 858
 855
 827
 820
 858
 813
 831
 824
 833
 837
 812
 807
 814
 864
 819
 876
 861
 834
 819
 803
 814
 777
 795
 763
 810
 814
 846
 777
 866
 839
 793
 761
 785
 820
 825
 813
 794
 774
 837
 794
 795
 847
 811
 813
 806
 763
 830
 865
 756
 793
 757
 828
 763
 788
 817
 758
 802
 815
 778
 768
 797
 800
 817
 751
 817
 777
 789
 811
 760
 770
 727
 743
 785
 735
 765
 799
 780
 799
 777
 790
 808
 770
 782
 776
 803
 776
 751
 805
 763
 800
 727
 824
 781
 827
 822
 748
 798
 774
 753
 740
 716
 722
 744
 769
 761
 682
 746
 724
 761
 689
 748
 743
 725
 739
 765
 761
 689
 752
 691
 731
 709
 701
 754
 730
 753
 703
 752
 696
 705
 703
 692
 710
 715
 731
 678
 737
 723
 708
 678
 720
 700
 714
 724
 683
 714
 718
 774
 700
 763
 733
 691
 712
 714
 747
 744
 689
 719
 723
 691
 703
 704
 745
 692
 742
 682
 682
 641
 722
 710
 665
 700
 690
 679
 699
 670
 680
 700
 663
 706
 652
 659
 672
 653
 659
 649
 674
 665
 643
 681
 714
 679
 648
 660
 667
 685
 670
 689
 630
 661
 694
 668
 688
 667
 686
 634
 661
 633
 669
 677
 647
 668
 634
 644
 645
 650
 655
 723
 668
 631
 673
 673
 613
 615
 627
 633
 660
 715
 614
 619
 639
 632
 646
 657
 663
 637
 630
 645
 640
 652
 660
 637
 645
 636
 643
 635
 628
 674
 674
 595
 619
 603
 604
 632
 663
 635
 654
 669
 651
 632
 606
 668
 638
 606
 624
 672
 646
 608
 616
 639
 603
 589
 608
 607
 614
 635
 600
 620
 630
 600
 637
 637
 620
 624
 645
 652
 618
 585
 619
 614
 634
 594
 603
 656
 599
 608
 599
 603
 618
 603
 648
 614
 571
 572
 621
 597
 625
 609
 569
 631
 569
 614
 613
 584
 592
 584
 634
 648
 615
 616
 590
 599
 572
 595
 604
 612
 598
 562
 602
 561
 610
 597
 570
 610
 578
 605
 646
 610
 605
 629
 575
 605
 605
 565
 617
 595
 582
 621
 589
 620
 609
 565
 594
 591
 604
 606
 581
 605
 633
 552
 520
 575
 576
 610
 584
 534
 585
 589
 550
 615
 629
 547
 613
 572
 553
 645
 581
 592
 554
 553
 606
 570
 559
 564
 590
 551
 595
 513
 567
 592
 565
 580
 589
 588
 607
 582
 595
 600
 593
 532
 619
 576
 546
 614
 612
 610
 545
 577
 567
 612
 572
 581
 593
 569
 595
 553
 609
 599
 578
 583
 565
 600
 599
 584
 595
 593
 588
 622
 553
 603
 580
 575
 619
 589
 596
 644
 548
 609
 594
 610
 590
 544
 615
 547
 586
 573
 604
 579
 551
 592
 560
 616
 613
 557
 579
 558
 596
 595
 552
 585
 588
 554
 563
 582
 573
 553
 570
 603
 548
 543
 574
 590
 527
 525
 556
 547
 590
 538
 545
 572
 538
 554
 541
 513
 552
 581
 534
 559
 599
 570
 550
 581
 595
 561
 590
 549
 557
 545
 559
 575
 543
 504
 507
 555
 553
 541
 532
 582
 537
 534
 561
 563
 538
 497
 522
 531
 526
 502
 526
 536
 501
 514
 506
 463
 423
 449
 441
 420
 392
 391
 375
 410
 404
 362
 403
 366
 412
 409
 382
 375
 373
 353
 385
 359
 366
 393
 368
 372
 405
 391
 372
 358
 384
 385
 349
 368
 380
 358
 353
 385
 345
 379
 362
 363
 398
 388
 378
 359
 346
 367
 359
 397
 350
 354
 366
 387
 395
 370
 341
 373
 349
 348
 390
 357
 343
 344
 346
 337
 355
 353
 333
 359
 342
 352
 333
 348
 365
 367
 329
 346
 354
 293
 370
 321
 381
 349
 327
 355
 313
 350
 352
 318
 357
 302
 328
 318
 310
 329
 327
 309
 332
 379
 335
 346
 336
 332
 333
 316
 353
 315
 338
 343
 331
 309
 329
 314
 348
 288
 324
 308
 281
 310
 320
 318
 306
 352
 302
 311
 321
 314
 348
 305
 294
 342
 329
 313
 339
 337
 305
 309
 300
 305
 296
 325
 293
 304
 289
 324
 283
 282
 340
 301
 309
 312
 278
 317
 286
 306
 299
 309
 316
 319
 332
 280
 312
 341
 321
 298
 288
 327
 316
 305
 302
 273
 291
 297
 296
 303
 286
 318
 300
 270
 285
 301
 301
 286
 306
 274
 318
 281
 292
 297
 265
 281
 285
 258
 292
 278
 289
 284
 277
 256
 286
 280
 283
 261
 297
 302
 252
 271
 294
 273
 289
 281
 278
 277
 269
 324
 296
 306
 261
 282
 253
 283
 288
 295
 291
 275
 275
 261
 274
 275
 245
 264
 256
 250
 264
 276
 274
 249
 251
 274
 266
 262
 232
 257
 254
 268
 273
 266
 287
 255
 287
 260
 270
 268
 259
 260
 222
 275
 250
 282
 273
 243
 248
 237
 249
 267
 260
 260
 247
 243
 234
 242
 229
 252
 241
 206
 271
 240
 245
 267
 240
 227
 256
 258
 240
 237
 223
 265
 259
 252
 240
 235
 227
 233
 248
 234
 244
 232
 245
 256
 256
 229
 253
 220
 236
 224
 252
 235
 253
 287
 222
 255
 242
 235
 196
 254
 234
 290
 233
 217
 220
 210
 252
 256
 237
 218
 231
 240
 238
 232
 227
 241
 275
 236
 235
 220
 271
 203
 224
 241
 245
 216
 198
 240
 243
 238
 232
 234
 222
 215
 245
 214
 250
 236
 203
 249
 243
 230
 228
 243
 202
 230
 241
 239
 232
 183
 226
 204
 208
 224
 220
 226
 212
 244
 210
 212
 211
 213
 212
 223
 203
 214
 225
 211
 215
 198
 210
 237
 193
 232
 209
 201
 224
 218
 204
 224
 201
 200
 216
 215
 211
 200
 212
 221
 199
 197
 189
 203
 186
 237
 183
 210
 195
 206
 204
 194
 170
 201
 220
 199
 195
 229
 230
 183
 207
 208
 215
 200
 202
 184
 206
 181
 197
 182
 232
 185
 187
 172
 201
 210
 191
 189
 191
 194
 199
 175
 197
 194
 199
 206
 192
 182
 202
 205
 179
 201
 180
 197
 200
 194
 195
 174
 192
 217
 200
 195
 184
 223
 194
 224
 186
 170
 174
 202
 183
 195
 156
 171
 180
 200
 177
 181
 187
 198
 180
 154
 179
 171
 186
 167
 187
 183
 164
 176
 212
 172
 169
 173
 161
 158
 154
 183
 167
 177
 176
 165
 154
 181
 159
 165
 174
 147
 166
 164
 150
 175
 169
 153
 134
 136
 186
 148
 168
 157
 180
 139
 166
 157
 180
 150
 162
 177
 125
 150
 146
 173
 162
 163
 139
 157
 156
 150
 155
 159
 134
 146
 140
 110
 134
 155
 134
 147
 136
 125
 131
 139
 160
 127
 113
 134
 149
 140
 146
 143
 138
 119
 146
 133
 128
 117
 114
 126
 127
 142
 126
 146
 126
 126
 122
 128
 130
 127
 134
 124
 139
 128
 124
 113
 128
 113
 114
 117
 141
 123
 118
 121
 123
 127
 113
 106
 120
 114
 136
 90
 131
 119
 114
 107
 110
 99
 122
 121
 126
 114
 124
 108
 94
 99
 116
 95
 119
 91
 101
 113
 82
 100
 93
 102
 92
 106
 87
 114
 102
 107
 106
 98
 87
 94
 125
 99
 85
 111
 99
 111
 91
 86
 119
 92
 81
 95
 88
 93
 92
 101
 83
 96
 75
 96
 83
 94
 84
 84
 90
 80
 90
 88
 103
 89
 94
 101
 82
 90
 75
 102
 67
 83
 68
 84
 85
 98
 82
 97
 63
 78
 99
 91
 84
 83
 88
 88
 71
 77
 81
 77
 91
 68
 79
 80
 81
 86
 77
 75
 65
 89
 91
 76
 75
 72
 81
 70
 70
 87
 65
 84
 75
 81
 74
 76
 62
 75
 86
 79
 64
 74
 65
 74
 93
 57
 95
 72
 85
 80
 75
 65
 65
 77
 69
 85
 65
 67
 72
 64
 64
 73
 67
 67
 63
 62
 73
 60
 69
 73
 78
 78
 68
 68
 64
 60
 65
 66
 68
 60
 61
 62
 64
 68
 63
 77
 58
 65
 59
 53
 67
 64
 60
 68
 70
 69
 70
 71
 63
 74
 63
 86
 66
 67
 68
 73
 72
 54
 46
 55
 67
 55
 68
 67
 57
 58
 60
 82
 66
 64
 69
 59
 64
 60
 65
 53
 68
 59
 67
 66
 65
 61
 48
 73
 61
 56
 57
 45
 52
 72
 74
 63
 73
 68
 50
 65
 64
 53
 71
 58
 63
 57
 49
 48
 55
 55
 61
 60
 51
 48
 59
 43
 52
 50
 59
 51
 73
 57
 44
 54
 54
 44
 49
 58
 44
 59
 49
 57
 52
 51
 36
 61
 55
 54
 50
 52
 65
 62
 54
 48
 55
 58
 52
 48
 65
 61
 57
 49
 52
 47
 53
 54
 55
 49
 54
 55
 44
 40
 57
 43
 49
 50
 49
 30
 53
 54
 52
 45
 44
 59
 46
 49
 53
 48
 50
 39
 38
 53
 59
 54
 55
 54
 44
 37
 44
 44
 50
 52
 48
 56
 48
 45
 49
 50
 38
 54
 58
 52
 57
 61
 51
 41
 49
 50
 43
 48
 37
 35
 47
 47
 46
 56
 38
 58
 51
 50
 36
 51
 42
 63
 44
 46
 50
 38
 42
 40
 48
 42
 43
 31
 43
 47
 44
 50
 54
 63
 53
 51
 43
 45
 50
 42
 38
 43
 41
 49
 35
 50
 54
 42
 47
 39
 44
 50
 34
 54
 44
 51
 42
 63
 39
 55
 34
 56
 29
 37
 40
 44
 47
 43
 37
 34
 37
 46
 49
 46
 38
 49
 49
 41
 49
 34
 46
 48
 45
 44
 34
 37
 60
 42
 41
 38
 32
 56
 44
 39
 49
 42
 45
 41
 45
 42
 43
 41
 40
 44
 47
 45
 48
 38
 29
 42
 49
 37
 43
 38
 42
 41
 38
 51
 44
 47
 42
 35
 37
 42
 45
 40
 45
 35
 29
 40
 43
 48
 37
 46
 33
 47
 34
 42
 34
 40
 41
 38
 33
 28
 36
 36
 35
 27
 46
 51
 41
 48
 28
 32
 36
 31
 26
 39
 31
 40
 40
 32
 43
 36
 39
 30
 31
 32
 37
 37
 48
 37
 33
 43
 31
 39
 32
 40
 29
 31
 38
 33
 22
 26
 37
 26
 28
 36
 43
 33
 38
 43
 31
 34
 45
 33
 23
 28
 27
 33
 30
 39
 22
 24
 37
 33
 37
 36
 20
 28
 32
 35
 33
 43
 35
 40
 29
 33
 41
 32
 37
 27
 33
 30
 26
 36
 30
 42
 42
 31
 28
 31
 37
 22
 32
 37
 29
 28
 36
 30
 34
 32
 37
 37
 27
 29
 36
 23
 20
 28
 29
 37
 24
 23
 26
 26
 31
 41
 27
 22
 30
 42
 32
 38
 34
 25
 26
 37
 29
 43
 37
 23
 32
 30
 28
 43
 34
 33
 26
 23
 38
 26
 30
 21
 28
 17
 18
 26
 38
 30
 35
 35
 25
 24
 28
 26
 25
 30
 30
 28
 33
 33
 31
 21
 30
 31
 19
 27
 30
 25
 25
 25
 26
 37
 24
 26
 30
 37
 36
 26
 28
 25
 25
 21
 30
 28
 25
 21
 27
 34
 31
 25
 35
 26
 27
 25
 26
 22
 21
 32
 29
 19
 22
 20
 20
 29
 34
 27
 32
 25
 27
 28
 27
 37
 23
 15
 15
 23
 34
 44
 24
 24
 27
 27
 28
 24
 28
 25
 20
 21
 25
 23
 20
 23
 21
 22
 20
 25
 27
 24
 22
 28
 19
 25
 28
 21
 24
 33
 28
 25
 20
 31
 21
 21
 19
 34
 18
 24
 22
 23
 28
 19
 26
 24
 20
 19
 24
 23
 14
 16
 34
 11
 18
 21
 21
 25
 25
 25
 22
 24
 28
 29
 32
 28
 15
 21
 17
 17
 17
 20
 12
 20
 19
 19
 24
 19
 17
 25
 22
 24
 21
 22
 22
 17
 20
 20
 21
 28
 23
 19
 15
 20
 18
 19
 20
 13
 34
 28
 18
 15
 22
 18
 14
 19
 20
 14
 24
 26
 18
 11
 18
 25
 15
 20
 24
 14
 18
 20
 20
 23
 20
 21
 21
 20
 20
 15
 17
 23
 18
 17
 28
 17
 21
 24
 16
 17
 16
 19
 17
 24
 20
 20
 31
 14
 20
 27
 18
 26
 18
 12
 15
 17
 19
 11
 15
 15
 20
 19
 13
 14
 16
 18
 23
 21
 12
 17
 12
 28
 14
 13
 19
 14
 19
 18
 19
 14
 17
 15
 13
 23
 19
 21
 13
 16
 10
 24
 12
 16
 14
 11
 14
 19
 15
 17
 20
 12
 12
 19
 11
 10
 9
 18
 22
 17
 18
 18
 14
 21
 14
 11
 23
 6
 12
 16
 13
 16
 10
 15
 21
 12
 10
 16
 18
 15
 17
 17
 16
 15
 13
 22
 18
 12
 16
 14
 16
 14
 18
 9
 13
 21
 16
 17
 12
 18
 11
 11
 16
 15
 11
 12
 19
 14
 13
 20
 22
 15
 16
 15
 15
 14
 10
 15
 10
 15
 11
 15
 11
 15
 5
 11
 19
 6
 24
 15
 13
 9
 12
 10
 29
 13
 19
 11
 16
 15
 20
 20
 14
 14
 19
 9
 12
 14
 18
 17
 13
 10
 7
 13
 10
 21
 19
 9
 12
 13
 16
 13
 17
 10
 14
 18
 12
 10
 11
 12
 11
 16
 9
 13
 15
 8
 12
 17
 18
 17
 17
 10
 16
 12
 16
 13
 17
 17
 19
 18
 10
 17
 14
 14
 11
 8
 13
 15
 14
 8
 10
 9
 7
 11
 14
 21
 13
 14
 11
 12
 12
 12
 11
 13
 11
 9
 10
 3
 12
 22
 10
 13
 15
 11
 10
 9
 8
 17
 14
 7
 16
 19
 13
 9
 6
 13
 13
 13
 11
 8
 13
 11
 13
 9
 12
 14
 5
 12
 19
 10
 11
 18
 12
 9
 16
 16
 11
 9
 13
 13
 10
 13
 9
 11
 15
 14
 8
 10
 13
 18
 10
 19
 8
 14
 17
 9
 10
 9
 6
 7
 15
 8
 10
 14
 10
 5
 8
 15
 5
 8
 16
 15
 11
 14
 14
 10
 16
 9
 7
 7
 13
 14
 12
 8
 15
 11
 8
 5
 15
 13
 11
 11
 13
 6
 7
 12
 9
 11
 9
 12
 12
 14
 6
 5
 8
 12
 9
 8
 6
 10
 11
 17
 7
 7
 9
 11
 12
 9
 9
 10
 5
 8
 10
 8
 10
 10
 7
 12
 12
 8
 4
 9
 8
 13
 5
 19
 8
 12
 6
 12
 13
 7
