VERSION:    3.1
ELEMENTS:              1
DATE:       MAR 10, 2010 22:26:50.315
CHANNELS:           4000
ROIS:        0
REAL_TIME:   1213.3699951
LIVE_TIME:   1200.5500488
CAL_OFFSET:  8.8112198e-002
CAL_SLOPE:   3.1493530e-002
CAL_QUAD:    0.0000000e+000
TWO_THETA:   9.9946346
DATA: 
 0
 0
 0
 0
 0
 0
 0
 0
 0
 0
 0
 0
 0
 0
 0
 0
 0
 0
 0
 0
 0
 0
 0
 0
 0
 0
 0
 0
 0
 0
 0
 0
 0
 0
 0
 0
 0
 0
 0
 0
 0
 0
 0
 0
 0
 0
 0
 0
 0
 0
 0
 0
 0
 0
 0
 0
 0
 0
 0
 0
 0
 0
 0
 0
 0
 0
 0
 0
 0
 0
 0
 10
 12
 17
 19
 24
 18
 14
 12
 7
 15
 12
 18
 17
 17
 12
 10
 15
 15
 12
 17
 7
 18
 15
 12
 11
 11
 13
 8
 20
 14
 17
 23
 15
 14
 15
 13
 13
 9
 12
 18
 8
 21
 12
 17
 17
 18
 15
 25
 20
 15
 20
 20
 14
 16
 17
 13
 23
 12
 19
 17
 18
 22
 19
 13
 18
 17
 20
 18
 16
 23
 20
 14
 16
 20
 23
 19
 16
 21
 23
 23
 24
 26
 22
 15
 18
 23
 27
 31
 15
 15
 15
 21
 28
 17
 19
 14
 17
 26
 21
 21
 18
 29
 24
 25
 33
 27
 25
 35
 26
 35
 35
 39
 25
 44
 30
 42
 36
 29
 28
 24
 36
 28
 29
 26
 23
 32
 29
 31
 29
 40
 31
 28
 33
 41
 32
 35
 47
 48
 38
 40
 35
 29
 45
 30
 39
 44
 35
 39
 48
 42
 32
 47
 36
 33
 33
 51
 44
 39
 40
 46
 49
 53
 48
 57
 57
 49
 58
 63
 53
 54
 51
 57
 54
 63
 42
 43
 52
 52
 42
 43
 38
 51
 45
 48
 58
 50
 55
 53
 71
 58
 53
 55
 54
 44
 53
 43
 66
 40
 55
 46
 44
 53
 48
 57
 48
 51
 51
 27
 62
 60
 51
 56
 63
 64
 55
 63
 60
 55
 58
 53
 64
 42
 70
 60
 54
 61
 54
 60
 59
 68
 66
 55
 73
 86
 66
 73
 60
 74
 74
 72
 67
 61
 55
 71
 70
 61
 73
 67
 83
 64
 58
 64
 59
 58
 77
 69
 63
 66
 66
 59
 71
 83
 67
 84
 79
 65
 59
 56
 51
 65
 71
 65
 75
 63
 79
 61
 53
 67
 76
 69
 80
 85
 66
 91
 82
 71
 83
 72
 71
 69
 87
 74
 79
 82
 76
 68
 83
 87
 75
 83
 73
 76
 71
 80
 73
 94
 92
 76
 65
 80
 73
 91
 74
 64
 64
 59
 88
 75
 55
 60
 73
 73
 85
 81
 65
 65
 77
 80
 71
 82
 78
 86
 76
 83
 79
 90
 60
 75
 67
 85
 69
 77
 74
 50
 60
 68
 51
 68
 61
 68
 74
 81
 72
 74
 55
 82
 70
 66
 68
 82
 62
 49
 80
 64
 80
 69
 76
 73
 71
 67
 75
 77
 62
 85
 79
 65
 65
 69
 74
 60
 65
 62
 70
 73
 82
 82
 78
 86
 101
 85
 80
 81
 89
 76
 94
 86
 87
 79
 84
 82
 88
 103
 82
 86
 88
 89
 84
 102
 97
 94
 115
 109
 112
 115
 98
 116
 118
 129
 129
 115
 137
 143
 158
 188
 163
 180
 202
 168
 186
 196
 190
 160
 176
 158
 162
 152
 135
 151
 149
 153
 151
 156
 142
 186
 158
 166
 163
 183
 180
 182
 178
 191
 175
 182
 175
 173
 211
 212
 193
 179
 228
 193
 237
 194
 212
 224
 242
 239
 213
 232
 249
 236
 253
 285
 304
 333
 331
 357
 370
 375
 378
 440
 386
 392
 386
 369
 388
 334
 333
 319
 352
 331
 336
 302
 334
 383
 291
 346
 335
 330
 346
 353
 370
 355
 363
 385
 388
 401
 394
 367
 376
 347
 382
 406
 374
 379
 413
 413
 417
 403
 435
 422
 420
 477
 474
 415
 454
 474
 478
 471
 472
 470
 474
 477
 488
 465
 501
 497
 468
 481
 488
 537
 529
 510
 517
 554
 542
 562
 585
 545
 527
 545
 583
 547
 569
 580
 577
 570
 591
 546
 600
 625
 602
 574
 585
 564
 577
 645
 605
 617
 672
 652
 670
 584
 571
 648
 652
 642
 623
 674
 650
 642
 636
 712
 715
 672
 704
 706
 682
 720
 709
 714
 721
 742
 731
 750
 697
 803
 774
 738
 740
 807
 782
 809
 779
 725
 732
 799
 757
 795
 788
 796
 783
 829
 732
 841
 852
 827
 750
 845
 807
 838
 830
 825
 828
 834
 892
 796
 785
 816
 823
 860
 848
 841
 849
 856
 801
 815
 806
 811
 803
 811
 822
 815
 814
 799
 840
 799
 770
 772
 754
 791
 784
 755
 796
 829
 746
 775
 746
 730
 718
 742
 761
 693
 702
 680
 740
 746
 696
 705
 709
 704
 722
 698
 650
 667
 697
 726
 739
 701
 651
 673
 631
 641
 657
 632
 606
 632
 685
 663
 626
 650
 660
 671
 617
 666
 611
 659
 651
 633
 684
 620
 655
 652
 641
 648
 644
 653
 657
 673
 677
 686
 627
 659
 601
 595
 672
 638
 667
 649
 664
 644
 640
 655
 620
 672
 697
 656
 666
 678
 683
 656
 674
 641
 671
 641
 658
 641
 669
 691
 657
 696
 675
 663
 659
 683
 657
 626
 591
 731
 640
 677
 657
 777
 666
 704
 728
 718
 657
 667
 681
 686
 708
 682
 635
 667
 724
 701
 725
 679
 680
 681
 665
 717
 694
 753
 719
 695
 691
 681
 653
 739
 701
 735
 726
 703
 657
 731
 681
 712
 726
 685
 697
 734
 756
 723
 689
 711
 727
 743
 682
 677
 733
 757
 728
 717
 734
 747
 714
 707
 722
 694
 672
 719
 716
 667
 702
 716
 733
 700
 716
 693
 662
 720
 682
 742
 648
 693
 702
 663
 723
 737
 738
 705
 641
 718
 680
 705
 732
 671
 670
 690
 676
 702
 710
 619
 664
 675
 648
 677
 675
 669
 673
 673
 718
 602
 678
 668
 663
 666
 654
 698
 700
 663
 639
 632
 654
 632
 674
 626
 678
 593
 606
 640
 638
 628
 622
 604
 695
 599
 624
 624
 660
 603
 630
 618
 639
 606
 617
 601
 563
 617
 606
 626
 643
 649
 588
 618
 585
 625
 539
 608
 593
 626
 598
 577
 636
 593
 644
 587
 594
 620
 574
 625
 632
 630
 623
 575
 622
 581
 640
 599
 578
 564
 624
 608
 581
 573
 646
 598
 609
 621
 566
 623
 610
 611
 596
 610
 626
 615
 566
 594
 598
 566
 628
 586
 604
 608
 608
 598
 668
 611
 626
 615
 664
 610
 607
 611
 638
 627
 591
 633
 584
 670
 612
 607
 644
 660
 656
 664
 673
 647
 611
 639
 658
 638
 635
 637
 650
 645
 665
 651
 662
 696
 590
 665
 638
 645
 636
 664
 659
 635
 645
 616
 639
 678
 618
 649
 661
 632
 677
 648
 693
 632
 667
 642
 659
 697
 641
 690
 670
 652
 640
 650
 630
 591
 649
 615
 616
 648
 686
 615
 648
 629
 639
 617
 641
 687
 646
 626
 660
 633
 649
 615
 612
 640
 614
 592
 620
 662
 643
 602
 612
 661
 653
 587
 627
 605
 610
 621
 636
 629
 642
 595
 561
 599
 608
 570
 630
 594
 599
 625
 642
 606
 627
 627
 608
 590
 595
 579
 620
 588
 614
 593
 585
 579
 581
 590
 567
 634
 568
 565
 573
 575
 590
 582
 593
 613
 556
 577
 593
 561
 588
 561
 600
 544
 576
 529
 542
 630
 551
 584
 574
 557
 608
 566
 563
 525
 532
 582
 567
 570
 540
 574
 505
 530
 545
 507
 549
 544
 494
 522
 515
 543
 559
 561
 545
 499
 538
 570
 558
 519
 509
 560
 526
 538
 501
 553
 529
 527
 528
 521
 492
 517
 525
 537
 457
 500
 472
 477
 544
 480
 504
 505
 495
 493
 507
 544
 493
 490
 471
 476
 567
 466
 482
 470
 473
 537
 500
 478
 479
 455
 448
 444
 494
 478
 508
 455
 468
 511
 502
 455
 459
 426
 483
 446
 489
 441
 461
 464
 420
 427
 436
 452
 447
 461
 476
 435
 425
 479
 431
 416
 440
 409
 421
 428
 420
 407
 422
 423
 446
 437
 417
 445
 436
 381
 433
 417
 406
 397
 397
 409
 430
 455
 428
 397
 402
 436
 429
 414
 415
 404
 389
 410
 390
 426
 394
 371
 416
 345
 398
 394
 420
 375
 393
 397
 410
 382
 371
 382
 427
 398
 369
 421
 400
 352
 408
 391
 403
 348
 423
 400
 388
 378
 422
 406
 387
 361
 366
 346
 389
 356
 355
 390
 367
 385
 349
 369
 369
 339
 350
 381
 353
 346
 379
 393
 353
 348
 335
 374
 378
 347
 362
 372
 368
 370
 336
 366
 362
 329
 385
 332
 343
 351
 353
 363
 352
 343
 347
 361
 337
 343
 339
 349
 331
 304
 337
 337
 363
 333
 358
 348
 357
 330
 340
 363
 336
 325
 335
 313
 355
 314
 354
 374
 331
 336
 333
 360
 351
 331
 340
 313
 332
 324
 335
 312
 338
 302
 312
 363
 356
 309
 349
 307
 302
 305
 347
 353
 312
 326
 306
 292
 340
 309
 306
 333
 319
 332
 303
 307
 310
 308
 310
 307
 308
 325
 347
 306
 293
 326
 275
 286
 321
 309
 305
 351
 282
 305
 324
 327
 329
 279
 297
 302
 297
 275
 290
 282
 268
 298
 287
 307
 311
 315
 319
 290
 319
 324
 284
 309
 288
 314
 293
 308
 280
 303
 304
 283
 275
 280
 292
 272
 299
 313
 296
 300
 288
 293
 306
 328
 256
 280
 299
 261
 320
 299
 263
 274
 278
 258
 291
 285
 270
 290
 268
 298
 276
 283
 282
 250
 277
 287
 287
 276
 304
 286
 243
 256
 281
 288
 275
 294
 273
 279
 268
 293
 256
 273
 296
 285
 291
 283
 254
 261
 278
 269
 256
 259
 266
 249
 262
 263
 264
 269
 261
 239
 270
 259
 258
 240
 222
 231
 248
 279
 244
 261
 244
 271
 280
 264
 275
 271
 260
 270
 272
 264
 263
 247
 267
 238
 270
 267
 246
 235
 260
 260
 222
 264
 263
 253
 253
 260
 250
 227
 268
 242
 252
 257
 233
 252
 242
 260
 267
 223
 247
 246
 244
 252
 242
 242
 279
 229
 275
 283
 254
 226
 262
 238
 240
 282
 291
 242
 258
 229
 256
 244
 244
 248
 232
 252
 262
 226
 233
 271
 242
 226
 238
 230
 232
 238
 252
 236
 254
 250
 235
 239
 272
 236
 232
 230
 243
 239
 238
 235
 258
 247
 231
 242
 225
 242
 229
 222
 252
 252
 222
 266
 224
 228
 244
 250
 238
 226
 243
 253
 184
 212
 210
 249
 240
 216
 227
 246
 232
 233
 230
 240
 222
 233
 247
 248
 236
 228
 233
 250
 229
 245
 205
 213
 212
 221
 241
 229
 229
 222
 244
 230
 232
 186
 206
 227
 238
 237
 238
 227
 228
 210
 212
 204
 192
 210
 217
 239
 224
 200
 224
 216
 221
 250
 208
 197
 212
 210
 208
 192
 222
 187
 205
 194
 213
 224
 171
 218
 210
 186
 192
 203
 218
 198
 203
 196
 185
 198
 233
 210
 183
 209
 197
 206
 193
 199
 201
 219
 183
 183
 212
 220
 187
 202
 207
 190
 196
 190
 194
 179
 181
 170
 173
 195
 217
 209
 211
 189
 204
 196
 203
 189
 202
 192
 183
 176
 182
 170
 209
 161
 182
 186
 177
 169
 172
 183
 195
 166
 170
 188
 158
 180
 186
 181
 179
 168
 201
 196
 166
 172
 176
 183
 177
 176
 190
 156
 165
 174
 186
 203
 163
 165
 174
 170
 179
 150
 173
 178
 169
 190
 166
 174
 171
 169
 176
 173
 183
 145
 161
 183
 189
 190
 185
 153
 156
 162
 171
 167
 165
 159
 167
 143
 165
 176
 174
 164
 172
 144
 174
 169
 159
 149
 141
 170
 160
 152
 176
 154
 153
 170
 164
 159
 168
 155
 176
 162
 164
 164
 157
 197
 144
 183
 161
 165
 163
 162
 167
 163
 170
 157
 165
 169
 146
 155
 148
 152
 140
 158
 152
 161
 155
 147
 154
 157
 131
 145
 125
 166
 157
 126
 149
 157
 157
 154
 146
 174
 156
 161
 149
 169
 139
 161
 158
 139
 122
 166
 159
 142
 164
 156
 156
 153
 156
 138
 140
 144
 156
 143
 130
 142
 137
 127
 143
 121
 127
 148
 134
 136
 138
 140
 143
 137
 142
 153
 143
 139
 145
 149
 154
 146
 154
 126
 128
 130
 146
 157
 137
 158
 134
 108
 148
 148
 154
 144
 128
 149
 144
 137
 146
 145
 138
 135
 150
 115
 147
 141
 133
 136
 141
 136
 151
 141
 138
 157
 127
 151
 145
 135
 134
 120
 140
 145
 136
 130
 140
 134
 131
 128
 114
 140
 135
 148
 105
 134
 124
 131
 131
 117
 133
 117
 125
 135
 126
 125
 138
 128
 122
 120
 127
 141
 135
 111
 113
 121
 133
 158
 124
 128
 101
 140
 135
 125
 116
 100
 143
 152
 134
 114
 125
 120
 117
 113
 120
 130
 121
 116
 147
 124
 139
 117
 125
 140
 125
 110
 117
 122
 124
 115
 127
 122
 127
 112
 121
 130
 137
 113
 148
 111
 131
 136
 130
 132
 131
 119
 133
 121
 132
 131
 128
 135
 126
 107
 123
 117
 105
 116
 122
 105
 109
 130
 126
 110
 133
 134
 126
 127
 108
 131
 130
 108
 122
 102
 118
 143
 99
 117
 117
 129
 148
 124
 136
 133
 94
 122
 98
 128
 130
 81
 123
 136
 122
 124
 101
 113
 99
 120
 139
 89
 130
 108
 119
 136
 105
 120
 121
 108
 98
 110
 112
 130
 104
 121
 103
 128
 102
 107
 112
 120
 111
 122
 94
 112
 95
 105
 109
 110
 103
 108
 103
 100
 82
 86
 90
 105
 78
 89
 119
 97
 90
 130
 95
 103
 78
 92
 105
 110
 105
 116
 97
 101
 101
 97
 88
 94
 89
 103
 85
 83
 97
 84
 82
 89
 77
 73
 74
 80
 75
 66
 67
 64
 79
 75
 75
 80
 62
 76
 78
 77
 69
 61
 70
 59
 68
 70
 68
 69
 80
 75
 56
 61
 54
 59
 68
 63
 69
 61
 70
 67
 90
 58
 80
 62
 66
 61
 73
 61
 60
 62
 63
 69
 69
 73
 63
 56
 63
 68
 71
 63
 68
 76
 63
 67
 55
 62
 62
 60
 69
 63
 60
 54
 78
 73
 62
 67
 61
 79
 55
 63
 54
 56
 68
 73
 58
 72
 64
 62
 62
 63
 67
 67
 53
 64
 59
 67
 80
 69
 69
 70
 64
 57
 70
 50
 44
 63
 67
 62
 69
 62
 67
 54
 67
 47
 54
 50
 65
 50
 50
 59
 43
 62
 57
 53
 53
 66
 62
 59
 55
 59
 50
 48
 67
 59
 54
 70
 47
 65
 66
 57
 59
 60
 66
 59
 76
 66
 54
 63
 59
 50
 57
 42
 59
 67
 50
 59
 62
 72
 55
 60
 55
 59
 45
 45
 68
 60
 62
 56
 59
 59
 52
 48
 57
 68
 54
 52
 63
 70
 63
 53
 63
 49
 59
 61
 55
 43
 55
 47
 47
 56
 56
 43
 49
 45
 47
 59
 55
 59
 53
 46
 51
 46
 57
 50
 49
 52
 49
 63
 44
 51
 48
 55
 42
 46
 49
 43
 44
 57
 42
 45
 40
 55
 46
 62
 52
 56
 44
 42
 52
 59
 53
 53
 42
 41
 36
 54
 50
 46
 50
 49
 55
 52
 43
 38
 47
 43
 40
 56
 44
 34
 45
 32
 50
 50
 53
 38
 46
 50
 37
 47
 46
 38
 33
 60
 43
 46
 52
 40
 52
 36
 47
 47
 47
 62
 37
 37
 40
 36
 43
 42
 33
 51
 44
 49
 37
 42
 39
 43
 50
 26
 35
 52
 33
 38
 48
 41
 47
 44
 46
 45
 37
 46
 39
 44
 36
 49
 44
 44
 46
 54
 43
 44
 55
 42
 31
 39
 43
 53
 36
 44
 43
 47
 44
 34
 41
 41
 37
 36
 54
 33
 32
 52
 49
 45
 40
 31
 53
 41
 46
 39
 38
 51
 34
 36
 39
 30
 33
 49
 58
 45
 28
 36
 26
 33
 44
 42
 47
 34
 37
 43
 43
 32
 40
 38
 27
 47
 29
 45
 35
 32
 41
 42
 32
 43
 43
 45
 41
 34
 38
 36
 45
 36
 36
 31
 35
 38
 38
 47
 33
 30
 24
 37
 44
 31
 35
 35
 39
 40
 30
 37
 42
 35
 24
 38
 32
 34
 33
 35
 36
 37
 45
 32
 37
 33
 34
 31
 38
 44
 29
 36
 45
 29
 42
 51
 38
 31
 37
 27
 50
 33
 32
 46
 25
 42
 32
 36
 35
 46
 38
 32
 31
 25
 33
 38
 40
 35
 35
 41
 33
 32
 31
 34
 38
 29
 31
 22
 34
 27
 43
 34
 31
 31
 32
 24
 25
 24
 37
 33
 39
 29
 28
 40
 34
 45
 31
 35
 38
 28
 35
 24
 30
 40
 44
 40
 35
 41
 34
 35
 30
 33
 37
 32
 38
 42
 35
 43
 19
 44
 23
 45
 29
 20
 22
 35
 31
 24
 29
 30
 30
 40
 31
 30
 36
 32
 23
 35
 23
 17
 37
 20
 33
 37
 31
 24
 29
 29
 31
 22
 34
 32
 41
 27
 30
 25
 37
 31
 33
 34
 16
 31
 32
 43
 36
 24
 23
 29
 27
 26
 35
 31
 27
 38
 18
 27
 27
 26
 31
 28
 31
 22
 31
 24
 19
 21
 15
 42
 36
 27
 29
 34
 32
 23
 35
 30
 36
 27
 19
 28
 21
 32
 25
 28
 29
 31
 19
 16
 30
 21
 23
 21
 16
 25
 23
 36
 27
 24
 24
 27
 35
 39
 28
 20
 29
 24
 23
 26
 19
 34
 27
 29
 23
 29
 21
 20
 24
 17
 24
 20
 24
 32
 21
 29
 16
 26
 21
 20
 20
 30
 24
 21
 19
 24
 23
 19
 23
 21
 25
 16
 18
 24
 34
 26
 14
 25
 19
 16
 26
 25
 23
 28
 27
 22
 23
 26
 21
 24
 28
 23
 25
 19
 22
 20
 20
 19
 24
 24
 26
 24
 23
 28
 18
 25
 18
 20
 15
 20
 24
 22
 23
 21
 25
 26
 13
 27
 19
 19
 12
 29
 29
 21
 20
 21
 21
 21
 24
 25
 21
 25
 22
 19
 13
 30
 14
 22
 22
 20
 35
 19
 23
 21
 19
 27
 18
 24
 24
 23
 16
 17
 15
 23
 15
 19
 17
 26
 16
 14
 20
 20
 17
 14
 15
 20
 20
 18
 26
 15
 22
 19
 24
 23
 22
 17
 26
 18
 17
 22
 12
 10
 14
 19
 15
 20
 24
 17
 15
 16
 24
 15
 18
 13
 23
 19
 18
 14
 21
 22
 12
 15
 17
 18
 21
 8
 21
 26
 12
 15
 13
 16
 21
 13
 14
 17
 17
 18
 15
 16
 14
 20
 15
 13
 10
 12
 20
 17
 19
 19
 21
 17
 18
 13
 14
 19
 23
 15
 16
 19
 14
 12
 12
 14
 11
 14
 23
 21
 14
 21
 23
 13
 22
 14
 14
 13
 18
 28
 17
 25
 19
 9
 15
 17
 14
 12
 22
 8
 24
 18
 17
 12
 16
 21
 16
 14
 17
 19
 27
 18
 13
 17
 13
 14
 9
 15
 18
 13
 19
 15
 19
 18
 10
 19
 23
 12
 10
 14
 13
 19
 19
 21
 18
 23
 23
 21
 15
 23
 13
 12
 9
 17
 18
 13
 18
 15
 21
 12
 16
 18
 16
 15
 17
 14
 9
 17
 21
 14
 12
 16
 18
 12
 15
 15
 13
 15
 17
 12
 20
 13
 14
 14
 16
 12
 13
 21
 13
 17
 21
 15
 15
 14
 11
 9
 21
 20
 11
 15
 12
 10
 21
 9
 11
 10
 16
 9
 15
 12
 10
 12
 17
 16
 12
 9
 7
 7
 10
 5
 11
 18
 6
 13
 14
 7
 13
 9
 19
 13
 17
 11
 16
 7
 15
 14
 17
 13
 4
 12
 12
 11
 7
 13
 12
 10
 11
 12
 12
 12
 11
 9
 13
 11
 16
 9
 10
 12
 12
 16
 12
 12
 15
 6
 12
 16
 8
 17
 9
 13
 15
 13
 9
 15
 13
 12
 15
 5
 19
 12
 15
 18
 9
 8
 10
 13
 15
 22
 8
 21
 3
 15
 11
 11
 13
 13
 15
 17
 12
 15
 9
 10
 16
 12
 5
 11
 8
 17
 16
 15
 14
 10
 21
 13
 17
 15
 8
 11
 15
 9
 11
 10
 9
 9
 12
 11
 4
 16
 9
 10
 14
 9
 8
 9
 8
 9
 11
 11
 12
 11
 14
 15
 10
 12
 12
 9
 12
 8
 8
 14
 11
 5
 8
 9
 8
 9
 6
 6
 8
 9
 14
 11
 17
 10
 8
 3
 5
 15
 11
 10
 5
 9
 5
 18
 7
 10
 8
 12
 9
 9
 17
 10
 18
 7
 7
 8
 8
 11
 9
 9
 12
 12
 8
 14
 11
 10
 11
 13
 12
 8
 10
 12
 5
 7
 9
 7
 6
 12
 18
 8
 12
 9
 8
 9
 13
 12
 9
 9
 11
 5
 8
 5
 7
 9
 14
 7
 4
 8
 8
 8
 4
 9
 2
 10
 4
 12
 8
 11
 15
 10
 9
 8
 3
 11
 8
 6
 8
 3
 12
 3
 8
 13
 8
 7
 8
 13
 9
 5
 9
 8
 7
 16
 12
 11
 7
 6
 10
 15
 12
 11
 10
 7
 9
 8
 6
 7
 8
 10
 1
 8
 5
 11
 7
 8
 11
 8
 10
 11
 7
 9
 6
 3
 1
 7
 2
 5
 13
 9
 10
 7
 4
 4
 10
 12
 10
 10
 5
 10
 9
 5
 6
 3
 2
 6
 12
 6
 7
 5
 9
 10
 6
 6
 11
 8
 9
 11
 7
 7
 9
 5
 7
 9
 7
 8
 6
 13
 8
 7
 5
 14
 6
 6
 6
 1
 2
 6
 7
 4
 8
 4
 7
 10
 3
 7
 7
 10
 4
 6
 4
 9
 9
 4
 12
 8
 3
 4
 11
 4
 7
 5
 4
 9
 9
 3
 6
 5
 6
 3
 5
 9
 6
 4
 7
 7
 6
 8
 6
 6
 6
 4
 3
 3
 5
 10
 7
 2
 2
 8
 8
 4
 4
 11
 8
 6
 3
 9
 4
 9
 4
 6
 9
 5
 6
 8
 4
 12
 3
 7
 10
 11
 9
 11
 11
 4
 7
 10
 6
 8
 8
 6
 1
 8
 8
 6
 9
 8
 6
 5
 5
 4
 4
 8
 3
 5
 1
 8
 5
 9
 2
 6
 4
 4
 8
 4
 6
 2
 3
 5
 4
 8
 7
 2
 8
 7
 11
 5
 7
 7
 4
 6
 3
 5
 5
 4
 4
 9
 4
 7
 4
 4
 3
 5
 10
 4
 4
 4
 6
 11
 8
 7
 5
 5
 5
 7
 6
 4
 6
 4
 7
 5
 6
 5
 5
 7
 1
 4
 8
 4
 5
 6
 2
 5
 9
 4
 5
 7
 7
 2
 6
 4
 4
 4
 1
 4
 8
 4
 4
 7
 8
 5
 3
 5
 8
 5
 7
 7
 4
 4
 3
 6
 6
 6
 3
 4
 2
 6
 3
 9
 5
 3
 5
 5
 2
 5
 4
 6
 1
 1
 6
 3
 4
 8
 9
 3
 9
 3
 6
 3
 4
 5
 5
 5
 6
 2
 5
 7
 11
 6
 1
 4
 0
 4
 4
 5
 5
 6
 10
 6
 8
 8
 4
 7
 4
 4
 8
 7
 3
 3
 5
 2
 4
 0
 3
 3
 7
 2
 6
 1
 5
 7
 3
 4
 4
 7
 1
 2
 5
 3
 4
 6
 6
 4
 2
 7
 4
 5
 2
 9
 4
 1
 4
 3
 9
 5
 4
 1
 2
 2
 4
 3
 7
 2
 6
 4
 3
 4
 2
 4
 8
 2
 3
 5
 4
 7
 5
 3
 4
 5
 6
 2
 4
 3
 5
 3
 1
 1
 5
 3
 3
 5
 3
 5
 4
 7
 6
 11
 2
 2
 7
 4
 4
 8
 2
 6
 7
 3
 1
 5
 6
 0
 3
 1
 4
 1
 2
 6
 2
 3
 1
 5
 1
 3
 6
 3
 3
 3
 0
 2
 4
 2
 4
 6
 2
 4
 8
 2
 5
 5
 2
 5
 4
 8
 1
 2
 5
 5
 5
 7
 2
 2
 2
 7
 3
 1
 1
 5
 3
 3
 3
 3
 3
 0
 5
 4
 5
 5
 11
 6
 1
 2
 5
 3
 3
 1
 3
 0
 5
 4
 4
 2
 2
 2
 1
 2
 4
 5
 7
 3
 2
 0
 2
 1
 7
 4
 5
 2
 5
 2
 5
 1
 3
 9
 3
 2
 5
 3
 3
 1
 1
 9
 2
 4
 5
 2
 4
 2
 9
 1
 4
 3
 7
 3
 7
 3
 4
 5
 2
 1
 2
 3
 4
 2
 2
 1
 2
 4
 2
 4
 4
 3
 1
 2
 5
 4
 2
 5
 1
 3
 1
 4
 2
 2
 2
 3
 1
 5
 5
 0
 3
 5
 3
 3
 7
 4
 2
 2
 4
 3
 5
 3
 5
 1
 7
 3
 4
 3
 4
 2
 3
 3
 0
 0
 5
 0
 3
 4
 4
 2
 2
 0
 2
 4
 4
