VERSION:    3.1
ELEMENTS:              1
DATE:       MAR 10, 2010 21:03:57.707
CHANNELS:           4000
ROIS:        0
REAL_TIME:   846.0700073
LIVE_TIME:   800.2299805
CAL_OFFSET:  8.8112198e-002
CAL_SLOPE:   3.1493530e-002
CAL_QUAD:    0.0000000e+000
TWO_THETA:   9.9946346
DATA: 
 0
 0
 0
 0
 0
 0
 0
 0
 0
 0
 0
 0
 0
 0
 0
 0
 0
 0
 0
 0
 0
 0
 0
 0
 0
 0
 0
 0
 0
 0
 0
 0
 0
 0
 0
 0
 0
 0
 0
 0
 0
 0
 0
 0
 0
 0
 0
 0
 0
 0
 0
 0
 0
 0
 0
 0
 0
 0
 0
 0
 0
 0
 0
 0
 0
 0
 0
 0
 0
 0
 4
 41
 37
 60
 52
 61
 49
 47
 61
 59
 52
 44
 56
 59
 61
 47
 60
 64
 56
 65
 68
 54
 56
 60
 61
 57
 57
 45
 62
 58
 52
 56
 47
 61
 63
 65
 78
 78
 62
 54
 51
 59
 71
 66
 70
 73
 57
 65
 67
 71
 71
 76
 86
 82
 68
 81
 73
 79
 80
 74
 74
 94
 93
 79
 71
 84
 102
 73
 80
 62
 104
 77
 98
 80
 110
 91
 108
 88
 94
 99
 97
 95
 110
 96
 104
 102
 109
 131
 133
 127
 89
 105
 106
 118
 117
 141
 129
 128
 129
 129
 122
 147
 136
 142
 133
 132
 146
 140
 143
 159
 156
 147
 165
 145
 141
 163
 168
 180
 160
 166
 172
 170
 187
 167
 139
 166
 187
 190
 183
 174
 205
 181
 193
 197
 228
 244
 216
 190
 192
 219
 209
 210
 224
 218
 221
 242
 233
 213
 217
 235
 234
 216
 246
 229
 217
 224
 268
 238
 257
 270
 267
 252
 242
 230
 275
 275
 279
 257
 274
 293
 277
 284
 265
 257
 318
 282
 307
 304
 260
 303
 279
 302
 298
 283
 263
 305
 275
 285
 279
 310
 332
 304
 289
 284
 301
 291
 312
 304
 274
 267
 286
 313
 291
 341
 297
 316
 320
 311
 294
 303
 303
 316
 338
 300
 282
 300
 302
 315
 321
 304
 321
 276
 310
 319
 251
 297
 297
 314
 325
 330
 279
 333
 296
 301
 293
 288
 299
 306
 295
 303
 309
 272
 316
 324
 307
 311
 281
 294
 277
 292
 315
 276
 285
 287
 260
 306
 281
 278
 313
 299
 299
 305
 304
 281
 310
 333
 294
 288
 281
 327
 288
 279
 322
 301
 252
 292
 272
 299
 293
 285
 301
 289
 311
 284
 292
 302
 305
 305
 305
 288
 298
 284
 290
 262
 307
 272
 281
 272
 284
 283
 286
 275
 276
 267
 295
 272
 270
 261
 261
 276
 265
 271
 270
 273
 263
 271
 268
 246
 262
 266
 248
 242
 263
 261
 279
 271
 247
 262
 236
 270
 267
 264
 258
 285
 276
 270
 244
 307
 301
 250
 272
 244
 279
 258
 250
 260
 275
 264
 267
 269
 266
 281
 277
 275
 275
 279
 239
 282
 273
 287
 292
 293
 288
 305
 277
 285
 306
 322
 300
 278
 314
 322
 288
 306
 315
 310
 338
 364
 315
 344
 341
 341
 340
 318
 360
 351
 388
 397
 386
 347
 417
 402
 430
 360
 416
 384
 421
 441
 413
 461
 461
 420
 484
 463
 499
 513
 517
 513
 509
 516
 535
 526
 578
 585
 560
 595
 591
 622
 654
 677
 672
 723
 760
 773
 832
 836
 885
 893
 818
 878
 913
 946
 923
 887
 918
 931
 904
 899
 989
 993
 999
 1015
 1052
 1053
 1041
 1098
 1125
 1127
 1102
 1158
 1141
 1273
 1189
 1256
 1307
 1319
 1338
 1358
 1395
 1458
 1408
 1403
 1477
 1496
 1476
 1525
 1538
 1502
 1608
 1595
 1716
 1705
 1764
 1646
 1755
 1792
 1883
 1862
 1949
 2003
 1998
 1879
 2074
 2023
 2006
 2021
 2123
 2015
 2153
 2041
 2084
 2079
 2145
 2106
 2149
 2212
 2135
 2096
 2142
 2249
 2244
 2263
 2211
 2293
 2222
 2346
 2302
 2313
 2316
 2408
 2448
 2377
 2406
 2492
 2375
 2478
 2478
 2449
 2490
 2504
 2440
 2472
 2490
 2559
 2551
 2513
 2583
 2531
 2573
 2552
 2614
 2511
 2632
 2669
 2707
 2659
 2611
 2630
 2675
 2646
 2609
 2629
 2742
 2723
 2564
 2698
 2806
 2753
 2818
 2747
 2797
 2726
 2759
 2774
 2723
 2738
 2756
 2830
 2746
 2807
 2711
 2830
 2773
 2799
 2803
 2815
 2776
 2842
 2671
 2763
 2744
 2772
 2824
 2753
 2767
 2845
 2813
 2835
 2804
 2758
 2898
 2743
 2892
 2784
 2828
 2889
 2760
 2817
 2847
 2874
 2763
 2808
 2785
 2856
 2792
 2818
 2847
 2838
 2848
 2846
 2916
 2982
 2871
 2981
 2950
 2907
 2932
 2871
 2847
 2860
 2841
 2836
 2786
 2762
 2890
 2836
 2815
 2892
 2860
 2850
 2892
 2868
 2838
 2788
 2763
 2821
 2853
 2854
 2828
 2794
 2788
 2781
 2811
 2804
 2777
 2786
 2803
 2810
 2735
 2880
 2853
 2828
 2889
 2726
 2805
 2820
 2803
 2831
 2864
 2837
 2835
 2755
 2788
 2779
 2745
 2937
 2775
 2859
 2879
 2721
 2781
 2880
 2831
 2837
 2782
 2787
 2776
 2832
 2815
 2835
 2792
 2797
 2798
 2770
 2868
 2763
 2756
 2856
 2738
 2753
 2804
 2765
 2763
 2752
 2791
 2778
 2757
 2886
 2812
 2815
 2749
 2769
 2847
 2745
 2750
 2842
 2758
 2859
 2786
 2883
 2792
 2774
 2804
 2863
 2739
 2883
 2834
 2790
 2786
 2863
 2717
 2766
 2775
 2823
 2700
 2836
 2795
 2757
 2775
 2786
 2710
 2775
 2781
 2801
 2909
 2824
 2822
 2799
 2754
 2853
 2786
 2773
 2789
 2794
 2843
 2790
 2806
 2772
 2769
 2865
 2800
 2773
 2773
 2823
 2850
 2814
 2776
 2774
 2835
 2782
 2662
 2750
 2760
 2796
 2813
 2806
 2849
 2814
 2789
 2825
 2815
 2860
 2652
 2782
 2755
 2791
 2741
 2782
 2736
 2706
 2851
 2733
 2744
 2677
 2643
 2707
 2676
 2668
 2707
 2715
 2657
 2720
 2624
 2715
 2859
 2682
 2762
 2740
 2690
 2757
 2690
 2685
 2713
 2714
 2735
 2748
 2663
 2675
 2624
 2684
 2733
 2664
 2734
 2619
 2662
 2657
 2776
 2649
 2653
 2695
 2744
 2710
 2644
 2568
 2594
 2642
 2783
 2646
 2679
 2645
 2627
 2629
 2714
 2673
 2721
 2667
 2624
 2653
 2698
 2629
 2621
 2584
 2680
 2645
 2635
 2641
 2636
 2556
 2497
 2681
 2620
 2590
 2521
 2472
 2578
 2560
 2486
 2525
 2448
 2525
 2549
 2558
 2492
 2493
 2435
 2565
 2505
 2521
 2548
 2524
 2497
 2455
 2490
 2545
 2548
 2400
 2464
 2469
 2391
 2454
 2404
 2390
 2366
 2352
 2507
 2409
 2371
 2319
 2346
 2348
 2316
 2320
 2307
 2198
 2396
 2304
 2368
 2409
 2272
 2373
 2291
 2275
 2207
 2246
 2248
 2273
 2256
 2357
 2273
 2259
 2293
 2282
 2199
 2248
 2226
 2233
 2147
 2178
 2221
 2248
 2178
 2111
 2241
 2114
 2179
 2162
 2176
 2173
 2210
 2191
 2150
 2109
 2130
 2118
 2147
 2158
 2148
 2076
 2054
 2174
 2006
 2122
 2093
 2137
 2134
 2120
 2129
 2088
 2027
 2107
 2105
 2129
 2104
 2146
 2105
 2028
 2160
 2073
 2112
 2102
 2072
 2074
 2008
 2164
 2092
 2128
 2123
 2132
 2150
 2153
 2142
 2123
 2154
 2081
 2104
 2105
 2071
 2069
 2135
 2115
 2057
 2136
 2176
 2160
 2164
 2121
 2127
 2065
 2165
 2092
 2121
 2156
 2157
 2106
 2061
 2128
 2112
 2174
 2143
 2185
 2169
 2052
 2073
 2126
 2140
 2174
 2225
 2221
 2083
 2146
 2116
 2139
 2165
 2160
 2141
 2139
 2161
 2197
 2191
 2145
 2131
 2059
 2232
 2153
 2176
 2061
 2157
 2204
 2213
 2212
 2170
 2107
 2138
 2198
 2144
 2163
 2043
 2142
 2115
 2160
 2182
 2125
 2166
 2184
 2175
 2148
 2202
 2159
 2107
 2204
 2148
 2149
 2096
 2165
 2107
 2113
 2132
 2181
 2148
 2123
 2145
 2108
 2096
 2113
 2144
 2107
 2136
 2081
 2125
 2110
 2141
 2145
 2159
 2154
 2101
 2111
 2098
 2112
 2134
 2085
 2153
 2111
 2157
 2009
 2124
 2152
 2116
 2136
 2106
 2160
 2048
 2083
 2126
 2129
 2085
 2090
 2204
 2115
 2010
 2088
 2071
 2087
 2128
 2080
 2074
 2042
 2047
 2017
 2041
 2067
 2098
 2075
 2042
 2044
 2062
 2059
 2055
 2062
 2052
 1992
 2137
 1978
 2014
 2027
 2043
 2059
 2000
 2018
 1993
 2006
 2079
 2007
 2040
 2079
 2005
 1950
 2018
 1923
 1962
 1969
 1981
 1993
 1960
 1985
 1978
 1967
 1951
 1961
 1929
 2021
 2023
 2067
 2021
 2075
 1929
 2005
 1925
 2028
 1936
 1983
 1997
 1989
 1995
 1902
 2004
 1971
 1916
 1910
 1971
 1937
 1858
 1840
 1938
 1944
 1924
 1926
 1864
 1934
 1939
 1884
 1976
 1934
 1901
 1911
 1845
 1900
 1980
 1930
 1906
 1869
 1954
 1850
 1871
 1877
 1876
 1926
 1925
 1873
 1938
 1903
 1844
 1832
 1879
 1792
 1862
 1880
 1798
 1802
 1870
 1882
 1866
 1790
 1806
 1969
 1850
 1797
 1822
 1848
 1794
 1871
 1778
 1848
 1866
 1913
 1853
 1850
 1927
 1891
 1756
 1822
 1917
 1773
 1829
 1777
 1816
 1902
 1840
 1818
 1862
 1786
 1818
 1759
 1790
 1792
 1865
 1818
 1823
 1883
 1820
 1780
 1806
 1759
 1839
 1829
 1742
 1785
 1784
 1752
 1751
 1789
 1700
 1763
 1819
 1746
 1789
 1867
 1771
 1816
 1826
 1771
 1772
 1790
 1755
 1740
 1780
 1739
 1787
 1766
 1837
 1748
 1742
 1749
 1834
 1738
 1732
 1711
 1693
 1746
 1704
 1740
 1720
 1662
 1722
 1729
 1695
 1652
 1827
 1717
 1718
 1723
 1749
 1763
 1706
 1663
 1724
 1784
 1670
 1685
 1679
 1770
 1712
 1698
 1772
 1735
 1708
 1726
 1718
 1681
 1784
 1737
 1712
 1721
 1746
 1695
 1700
 1703
 1715
 1766
 1712
 1819
 1771
 1784
 1658
 1674
 1739
 1721
 1791
 1761
 1641
 1761
 1627
 1757
 1733
 1742
 1756
 1737
 1702
 1669
 1728
 1723
 1776
 1782
 1659
 1719
 1754
 1719
 1753
 1791
 1717
 1712
 1665
 1712
 1678
 1759
 1764
 1712
 1661
 1687
 1597
 1708
 1809
 1703
 1692
 1665
 1776
 1729
 1721
 1703
 1673
 1715
 1701
 1706
 1689
 1743
 1785
 1655
 1676
 1715
 1654
 1729
 1761
 1842
 1755
 1668
 1680
 1679
 1693
 1722
 1614
 1697
 1692
 1731
 1741
 1718
 1690
 1699
 1727
 1776
 1751
 1795
 1694
 1691
 1730
 1708
 1692
 1729
 1773
 1662
 1650
 1702
 1696
 1724
 1711
 1723
 1660
 1666
 1709
 1700
 1721
 1687
 1659
 1690
 1688
 1678
 1680
 1728
 1713
 1697
 1758
 1718
 1749
 1695
 1619
 1718
 1630
 1768
 1671
 1765
 1684
 1674
 1723
 1709
 1668
 1694
 1694
 1624
 1733
 1685
 1724
 1725
 1766
 1704
 1705
 1679
 1722
 1727
 1676
 1699
 1694
 1706
 1706
 1643
 1629
 1692
 1700
 1625
 1598
 1683
 1646
 1681
 1675
 1693
 1685
 1614
 1705
 1711
 1686
 1717
 1629
 1625
 1668
 1613
 1686
 1645
 1619
 1642
 1633
 1582
 1543
 1614
 1653
 1708
 1620
 1719
 1640
 1634
 1640
 1564
 1562
 1662
 1585
 1633
 1619
 1639
 1674
 1643
 1615
 1573
 1669
 1673
 1660
 1594
 1606
 1578
 1612
 1571
 1635
 1646
 1624
 1625
 1614
 1559
 1589
 1599
 1628
 1569
 1590
 1559
 1601
 1590
 1580
 1600
 1564
 1555
 1616
 1533
 1571
 1526
 1538
 1563
 1561
 1531
 1614
 1553
 1592
 1511
 1534
 1563
 1541
 1503
 1519
 1565
 1559
 1483
 1520
 1566
 1511
 1540
 1515
 1512
 1501
 1506
 1503
 1501
 1567
 1568
 1536
 1461
 1504
 1527
 1496
 1541
 1446
 1510
 1520
 1425
 1410
 1405
 1508
 1410
 1476
 1470
 1480
 1506
 1496
 1497
 1455
 1465
 1451
 1445
 1394
 1432
 1473
 1453
 1423
 1431
 1459
 1436
 1371
 1362
 1452
 1440
 1423
 1450
 1475
 1373
 1427
 1371
 1449
 1475
 1378
 1384
 1418
 1367
 1408
 1391
 1375
 1346
 1396
 1399
 1450
 1409
 1450
 1373
 1392
 1424
 1433
 1410
 1419
 1364
 1274
 1376
 1415
 1365
 1410
 1316
 1338
 1326
 1372
 1488
 1328
 1361
 1361
 1275
 1386
 1356
 1360
 1290
 1372
 1385
 1347
 1354
 1295
 1408
 1371
 1320
 1277
 1299
 1343
 1296
 1322
 1304
 1312
 1304
 1341
 1296
 1287
 1330
 1370
 1296
 1273
 1356
 1326
 1345
 1252
 1255
 1279
 1301
 1253
 1215
 1273
 1252
 1317
 1299
 1215
 1227
 1317
 1274
 1336
 1255
 1256
 1290
 1306
 1256
 1336
 1311
 1259
 1326
 1311
 1327
 1232
 1304
 1262
 1297
 1269
 1291
 1285
 1329
 1254
 1305
 1233
 1307
 1210
 1264
 1289
 1212
 1285
 1266
 1250
 1260
 1292
 1275
 1258
 1157
 1246
 1254
 1238
 1285
 1244
 1266
 1253
 1267
 1244
 1257
 1241
 1235
 1333
 1217
 1242
 1264
 1259
 1236
 1223
 1214
 1195
 1304
 1237
 1240
 1225
 1222
 1200
 1238
 1214
 1310
 1276
 1221
 1223
 1253
 1209
 1229
 1198
 1195
 1238
 1211
 1282
 1240
 1173
 1235
 1225
 1224
 1227
 1232
 1182
 1215
 1133
 1172
 1241
 1175
 1175
 1152
 1161
 1142
 1195
 1143
 1183
 1188
 1166
 1168
 1123
 1144
 1153
 1131
 1153
 1088
 1106
 1202
 1167
 1121
 1141
 1108
 1102
 1127
 1183
 1107
 1150
 1113
 1184
 1108
 1125
 1098
 1100
 1184
 1071
 1085
 1129
 1042
 1080
 1055
 1028
 1090
 1042
 1040
 1057
 1051
 1065
 1020
 1024
 1061
 975
 1027
 964
 962
 1044
 978
 953
 1019
 1055
 975
 989
 954
 990
 952
 956
 1029
 908
 964
 923
 1007
 976
 886
 959
 989
 993
 875
 940
 991
 900
 888
 961
 891
 916
 883
 908
 868
 864
 867
 893
 886
 815
 885
 888
 869
 833
 875
 839
 831
 826
 797
 819
 819
 846
 751
 832
 831
 821
 754
 789
 754
 766
 780
 829
 733
 791
 772
 782
 700
 755
 733
 707
 743
 749
 733
 702
 689
 709
 733
 697
 708
 694
 697
 729
 692
 711
 642
 681
 710
 695
 651
 650
 655
 692
 709
 644
 580
 680
 683
 620
 657
 632
 667
 653
 622
 618
 661
 599
 613
 618
 618
 625
 628
 565
 650
 619
 563
 615
 596
 598
 569
 658
 610
 538
 580
 560
 609
 558
 542
 567
 602
 585
 555
 601
 545
 570
 540
 533
 618
 544
 603
 569
 578
 592
 524
 520
 561
 521
 525
 536
 542
 546
 549
 544
 568
 514
 556
 520
 547
 524
 530
 539
 517
 478
 476
 505
 552
 545
 528
 529
 486
 530
 486
 552
 493
 531
 515
 549
 497
 523
 525
 538
 497
 472
 462
 511
 505
 480
 482
 515
 477
 475
 533
 481
 505
 491
 499
 479
 484
 459
 539
 469
 457
 482
 471
 517
 475
 492
 462
 497
 474
 464
 473
 476
 458
 450
 489
 456
 496
 445
 480
 523
 462
 516
 472
 482
 466
 469
 476
 496
 501
 494
 454
 475
 450
 490
 482
 445
 445
 468
 441
 431
 501
 483
 459
 497
 441
 444
 450
 438
 440
 460
 447
 464
 493
 450
 443
 434
 407
 447
 452
 450
 435
 429
 439
 475
 461
 448
 406
 413
 419
 434
 446
 446
 447
 454
 439
 487
 381
 438
 429
 427
 452
 434
 412
 441
 426
 400
 412
 411
 442
 397
 402
 388
 412
 407
 389
 398
 427
 390
 376
 355
 375
 377
 410
 338
 345
 339
 345
 312
 313
 359
 280
 299
 311
 305
 307
 296
 298
 280
 321
 307
 292
 273
 289
 260
 271
 310
 301
 262
 298
 249
 239
 290
 256
 251
 272
 274
 297
 294
 275
 290
 290
 303
 303
 294
 294
 288
 260
 277
 276
 260
 281
 257
 258
 278
 284
 282
 256
 262
 233
 283
 276
 260
 269
 288
 262
 285
 262
 262
 271
 292
 261
 274
 229
 277
 271
 316
 276
 267
 248
 258
 263
 255
 258
 253
 256
 258
 242
 250
 274
 250
 265
 268
 256
 279
 249
 268
 266
 242
 248
 273
 292
 270
 268
 248
 226
 264
 242
 256
 231
 253
 259
 237
 246
 261
 259
 264
 262
 246
 258
 251
 240
 270
 273
 261
 259
 241
 262
 247
 244
 255
 228
 222
 226
 254
 223
 255
 217
 258
 254
 251
 252
 244
 254
 241
 237
 227
 236
 232
 235
 236
 220
 237
 256
 223
 241
 217
 244
 228
 230
 263
 217
 217
 225
 202
 244
 242
 233
 238
 214
 208
 217
 240
 243
 247
 251
 234
 237
 233
 221
 192
 225
 227
 194
 216
 206
 223
 218
 241
 210
 242
 244
 184
 212
 224
 211
 226
 209
 210
 209
 229
 244
 209
 226
 200
 200
 208
 219
 206
 220
 197
 204
 215
 200
 212
 203
 175
 201
 178
 220
 198
 200
 190
 197
 197
 220
 205
 194
 197
 209
 188
 184
 218
 199
 180
 176
 214
 179
 182
 190
 199
 175
 192
 201
 209
 172
 190
 194
 229
 164
 174
 180
 181
 162
 173
 192
 169
 190
 181
 171
 171
 182
 194
 193
 164
 161
 199
 163
 168
 177
 200
 162
 172
 181
 166
 158
 169
 191
 190
 177
 162
 161
 181
 193
 181
 159
 171
 161
 189
 136
 209
 159
 174
 158
 146
 176
 160
 163
 145
 173
 168
 167
 185
 153
 162
 169
 156
 169
 155
 166
 141
 160
 166
 179
 153
 160
 155
 151
 171
 144
 159
 148
 158
 151
 160
 181
 161
 140
 142
 155
 150
 177
 148
 147
 137
 155
 137
 137
 130
 146
 165
 148
 136
 166
 143
 144
 155
 154
 124
 149
 129
 155
 136
 138
 146
 150
 138
 122
 142
 134
 146
 126
 138
 135
 132
 163
 135
 157
 141
 126
 149
 144
 140
 137
 147
 145
 115
 133
 151
 134
 137
 135
 133
 147
 137
 135
 127
 122
 123
 165
 131
 125
 141
 131
 122
 147
 146
 137
 128
 134
 122
 112
 137
 146
 115
 120
 131
 112
 113
 141
 147
 138
 115
 115
 124
 127
 133
 119
 116
 118
 113
 124
 143
 118
 129
 128
 125
 118
 124
 132
 108
 118
 97
 105
 122
 112
 116
 101
 114
 125
 122
 115
 100
 108
 126
 117
 118
 109
 96
 120
 127
 127
 111
 106
 114
 110
 131
 104
 133
 114
 119
 119
 115
 97
 122
 115
 105
 109
 118
 138
 120
 99
 115
 114
 111
 111
 123
 119
 115
 94
 137
 127
 119
 106
 113
 113
 116
 91
 87
 108
 116
 120
 128
 112
 111
 102
 116
 103
 119
 124
 110
 103
 106
 117
 129
 104
 104
 122
 92
 109
 91
 122
 111
 102
 112
 115
 112
 94
 106
 105
 104
 89
 92
 92
 109
 122
 102
 107
 109
 101
 99
 124
 105
 105
 120
 99
 103
 115
 85
 99
 93
 97
 109
 96
 87
 114
 111
 105
 103
 94
 105
 88
 107
 107
 92
 95
 103
 86
 82
 102
 124
 120
 102
 92
 96
 116
 106
 116
 110
 91
 103
 95
 96
 98
 94
 97
 113
 107
 80
 99
 115
 95
 110
 108
 100
 81
 87
 96
 111
 100
 102
 109
 93
 87
 107
 114
 88
 100
 92
 87
 119
 92
 98
 96
 93
 107
 97
 91
 96
 98
 91
 89
 89
 97
 101
 100
 105
 83
 97
 89
 94
 98
 103
 85
 97
 85
 90
 100
 90
 83
 93
 102
 108
 71
 92
 95
 106
 101
 95
 81
 84
 104
 88
 101
 95
 102
 89
 87
 87
 105
 95
 99
 101
 98
 84
 83
 89
 78
 105
 89
 75
 85
 102
 109
 102
 102
 93
 86
 89
 88
 100
 93
 88
 87
 88
 99
 90
 73
 95
 102
 95
 88
 77
 99
 81
 83
 77
 93
 93
 84
 82
 86
 83
 105
 84
 78
 95
 79
 85
 74
 95
 77
 94
 83
 76
 94
 98
 78
 77
 103
 83
 91
 86
 79
 84
 78
 86
 80
 86
 92
 68
 80
 75
 91
 81
 60
 80
 76
 95
 95
 76
 78
 75
 61
 86
 72
 96
 72
 79
 85
 80
 87
 73
 83
 82
 67
 78
 79
 99
 92
 97
 75
 87
 76
 97
 74
 65
 87
 65
 91
 71
 73
 80
 73
 88
 89
 82
 71
 65
 75
 87
 71
 75
 65
 76
 69
 77
 62
 72
 78
 69
 67
 86
 67
 86
 48
 65
 82
 81
 84
 65
 75
 73
 75
 58
 64
 57
 64
 73
 78
 61
 70
 72
 48
 81
 82
 75
 74
 70
 89
 77
 72
 70
 65
 50
 77
 60
 60
 68
 81
 69
 62
 78
 70
 61
 59
 66
 59
 67
 64
 72
 74
 68
 61
 59
 77
 55
 74
 71
 67
 65
 61
 63
 70
 70
 68
 70
 61
 73
 80
 63
 57
 67
 64
 68
 62
 53
 74
 66
 60
 52
 67
 51
 66
 69
 62
 59
 55
 70
 52
 57
 60
 66
 75
 57
 70
 68
 68
 65
 56
 64
 55
 54
 65
 55
 65
 59
 58
 51
 62
 53
 62
 50
 49
 55
 60
 55
 74
 47
 52
 61
 50
 51
 65
 63
 49
 54
 54
 68
 55
 51
 55
 64
 69
 54
 54
 57
 52
 55
 55
 58
 61
 50
 49
 50
 63
 61
 54
 65
 60
 50
 53
 61
 48
 58
 50
 53
 45
 44
 60
 58
 48
 50
 55
 51
 63
 52
 52
 52
 52
 67
 43
 52
 53
 65
 70
 50
 52
 43
 60
 51
 47
 40
 41
 53
 68
 46
 37
 60
 57
 59
 46
 39
 58
 52
 50
 53
 51
 36
 44
 44
 50
 49
 49
 49
 40
 48
 37
 62
 58
 57
 45
 35
 39
 54
 54
 49
 49
 44
 44
 39
 51
 45
 45
 47
 34
 55
 42
 44
 53
 31
 32
 41
 59
 42
 41
 52
 38
 39
 44
 44
 53
 49
 44
 35
 50
 43
 35
 59
 47
 39
 41
 52
 35
 37
 41
 48
 28
 52
 40
 53
 41
 42
 39
 43
 35
 48
 37
 41
 26
 34
 38
 37
 27
 42
 33
 44
 50
 46
 44
 27
 44
 44
 35
 56
 40
 45
 37
 34
 36
 38
 33
 38
 39
 32
 61
 33
 38
 44
 40
 33
 45
 39
 36
 24
 42
 41
 38
 39
 45
 47
 32
 42
 31
 32
 32
 30
 46
 51
 32
 37
 32
 39
 30
 36
 40
 33
 28
 46
 33
 38
 31
 33
 31
 32
 45
 39
 25
 33
 43
 39
 34
 32
 38
 36
 32
 25
 36
 35
 44
 26
 38
 35
 37
 41
 34
 39
 24
 35
 26
 34
 31
 35
 34
 31
 33
 36
 30
 36
 33
 28
 28
 28
 40
 30
 41
 35
 32
 36
 30
 33
 23
 32
 30
 35
 32
 27
 29
 32
 34
 34
 32
 28
 32
 34
 28
 32
 41
 34
 27
 32
 44
 34
 30
 25
 25
 33
 24
 49
 35
 30
 32
 30
 32
 35
 31
 27
 31
 31
 37
 31
 21
 31
 32
 29
 27
 33
 33
 21
 22
 28
 28
 26
 27
 27
 21
 21
 34
 31
 30
 21
 16
 30
 25
 23
 31
 19
 29
 27
 34
 24
 31
 25
 30
 27
 25
 24
 18
 38
 18
 26
 28
 33
 23
 32
 29
 25
 33
 31
 21
 36
 28
 30
 25
 23
 25
 35
 29
 25
 29
 24
 26
 34
 23
 22
 21
 26
 21
 25
 21
 29
 32
 35
 26
 34
 30
 31
 24
 14
 18
 18
 27
 19
 30
 21
 20
 23
 19
 24
 18
 28
 24
 22
 17
 25
 16
 24
 17
 22
 21
 24
 26
 21
 19
 17
 15
 20
 21
 20
 22
 32
 24
 18
 20
 18
 24
 21
 20
 19
 22
 24
 23
 20
 14
 20
 18
 18
 18
 25
 22
 20
 21
 13
 22
 19
 15
 24
 27
 16
 24
 18
 26
 17
 18
 24
 24
 11
 18
 16
 23
 16
 16
 21
 13
 18
 23
 20
 17
 24
 21
 17
 19
 15
 18
 12
 16
 18
 22
 21
 28
 21
 32
 20
 27
 19
 15
 14
 15
 18
 17
 28
 13
 24
 18
 20
 16
 30
 21
 20
 15
 14
 19
 14
 20
 17
 12
 21
 8
 19
 23
 27
 15
 18
 23
 20
 18
 16
 19
 15
 23
 13
 15
 23
 14
 20
 14
 19
 17
 19
 17
 15
 18
 21
 16
 14
 20
 22
 24
 21
 12
 19
 13
 23
 14
 18
 15
 21
 16
 9
 17
 17
 15
 17
 19
 19
 19
 21
 17
 19
 15
 13
 17
 26
 17
 28
 14
 20
 21
 19
 11
 12
 17
 20
 15
 14
 20
 11
 10
 22
 11
 17
 19
 19
 10
 22
 16
 10
 14
 17
 27
 22
 10
 15
 20
 11
 21
 21
 18
 23
 19
 14
 22
 22
 15
 12
 16
 11
 19
 15
 10
 11
 13
 23
 9
 10
 16
 19
 9
 12
 13
 8
 11
 16
 12
 14
 10
 22
 15
 16
 22
 17
 17
 12
 16
 10
 11
 10
 13
 17
 18
 14
 13
 12
 12
 11
 12
 17
 13
 16
 16
 12
 13
 16
 16
 14
 14
 9
 22
 10
 20
 15
 16
 14
 15
 17
 14
 11
 15
 19
 18
 8
 11
 9
 15
 16
 14
 12
 16
 10
 14
 16
 21
 17
 10
 13
 12
 15
 19
 11
 13
 16
 11
 10
 16
 8
 18
 15
 10
 10
 10
 16
 10
 14
 22
 9
 14
 10
 17
 10
 11
 12
 15
 14
 15
 15
 11
 10
 13
 7
 17
 13
 15
 12
 12
 9
 11
 11
 16
 17
 15
 7
 13
 10
 13
 12
 11
 9
 18
 13
 7
 18
 14
 7
 26
 15
 15
 11
 14
 12
 6
 9
 17
 12
 17
 11
 14
 10
 13
 13
 7
 13
 9
 14
 11
 7
 6
 11
 18
 9
 13
 12
 10
 16
 16
 11
 11
 11
 14
 13
 8
 10
 20
 10
 16
 10
 13
 17
 11
 11
 10
 11
 9
 10
 7
 16
 11
 12
 14
 13
 11
 5
 17
 2
 10
 13
 6
 12
 11
 11
 9
 11
 11
 8
 7
 7
 10
 7
 16
 11
 12
 10
 12
 14
 16
 10
 4
 12
 4
 8
 11
 9
 4
 9
 5
 16
 11
 11
 15
 11
 12
 13
 7
 15
 11
 9
 16
 10
 13
 12
 10
 6
 7
 10
 14
 7
 11
 17
 10
 10
 8
 9
 11
 5
 5
 11
 12
 13
 9
 8
 9
 7
 7
 11
 8
 5
 3
 7
 5
 14
 9
 13
 10
 10
 3
 8
 13
 12
 4
 10
 6
 8
 6
 8
 11
 11
 4
 12
 8
 10
 6
 13
 7
 13
 10
 3
 8
 11
 11
 10
 9
 8
 11
