VERSION:    3.1
ELEMENTS:              1
DATE:       MAR 11, 2010 04:00:15.076
CHANNELS:           4000
ROIS:        0
REAL_TIME:   1220.0400391
LIVE_TIME:   1200.2700195
CAL_OFFSET:  8.8112198e-002
CAL_SLOPE:   3.1493530e-002
CAL_QUAD:    0.0000000e+000
TWO_THETA:   9.9946346
DATA: 
 0
 0
 0
 0
 0
 0
 0
 0
 0
 0
 0
 0
 0
 0
 0
 0
 0
 0
 0
 0
 0
 0
 0
 0
 0
 0
 0
 0
 0
 0
 0
 0
 0
 0
 0
 0
 0
 0
 0
 0
 0
 0
 0
 0
 0
 0
 0
 0
 0
 0
 0
 0
 0
 0
 0
 0
 0
 0
 0
 0
 0
 0
 0
 0
 0
 0
 0
 0
 0
 0
 1
 11
 29
 25
 24
 27
 14
 20
 25
 28
 25
 26
 27
 24
 23
 28
 20
 24
 19
 29
 24
 24
 23
 30
 29
 28
 14
 26
 35
 23
 23
 19
 28
 20
 26
 35
 20
 22
 27
 32
 15
 29
 21
 29
 24
 22
 28
 15
 18
 25
 29
 27
 28
 31
 22
 25
 17
 28
 23
 24
 25
 32
 24
 28
 26
 27
 23
 29
 25
 25
 25
 32
 28
 37
 38
 24
 26
 24
 31
 26
 24
 33
 31
 33
 25
 33
 33
 40
 37
 25
 27
 36
 34
 40
 32
 32
 26
 21
 38
 44
 41
 42
 41
 30
 33
 31
 38
 53
 41
 50
 38
 53
 52
 41
 49
 45
 51
 48
 51
 40
 42
 48
 45
 40
 44
 46
 42
 46
 56
 43
 46
 52
 56
 50
 38
 55
 47
 39
 46
 56
 46
 59
 56
 58
 41
 56
 54
 57
 57
 62
 57
 60
 64
 47
 49
 44
 51
 61
 47
 62
 60
 64
 62
 49
 73
 71
 75
 77
 75
 86
 70
 65
 65
 73
 85
 66
 73
 75
 63
 55
 69
 69
 64
 81
 74
 63
 65
 66
 60
 48
 67
 72
 84
 73
 77
 79
 77
 83
 72
 56
 64
 76
 81
 75
 82
 63
 70
 71
 78
 91
 77
 64
 66
 67
 73
 68
 89
 64
 59
 70
 59
 76
 80
 69
 84
 78
 75
 89
 81
 76
 82
 72
 81
 86
 69
 101
 82
 84
 83
 94
 90
 94
 81
 92
 92
 85
 87
 90
 100
 82
 89
 99
 85
 96
 98
 83
 78
 94
 80
 101
 80
 100
 79
 97
 97
 87
 81
 102
 81
 92
 104
 95
 88
 89
 96
 104
 106
 95
 89
 101
 101
 78
 98
 81
 97
 90
 104
 91
 123
 91
 97
 102
 95
 108
 112
 91
 87
 113
 79
 109
 106
 109
 105
 113
 100
 93
 100
 99
 99
 110
 90
 93
 99
 118
 104
 118
 112
 117
 96
 117
 95
 127
 114
 120
 127
 122
 107
 126
 102
 113
 97
 135
 116
 113
 112
 119
 108
 116
 132
 107
 128
 106
 124
 135
 112
 97
 118
 95
 123
 139
 124
 109
 117
 117
 114
 129
 139
 141
 112
 125
 123
 137
 114
 119
 120
 122
 125
 136
 158
 124
 132
 129
 153
 126
 120
 154
 143
 142
 120
 126
 131
 139
 158
 155
 157
 159
 137
 130
 160
 131
 173
 140
 155
 150
 147
 165
 149
 166
 136
 150
 164
 162
 139
 177
 155
 191
 153
 167
 180
 177
 183
 185
 201
 178
 199
 206
 176
 190
 196
 192
 223
 242
 256
 263
 283
 293
 258
 284
 276
 283
 277
 281
 291
 248
 260
 254
 233
 224
 255
 210
 230
 235
 247
 241
 252
 242
 256
 234
 257
 257
 295
 280
 275
 286
 318
 291
 292
 317
 304
 299
 343
 311
 318
 316
 326
 342
 291
 333
 329
 314
 342
 353
 400
 389
 385
 446
 440
 437
 481
 495
 500
 517
 522
 549
 511
 529
 499
 480
 402
 513
 471
 433
 485
 414
 453
 445
 406
 441
 439
 428
 432
 474
 422
 481
 438
 470
 479
 456
 479
 459
 482
 458
 484
 467
 449
 465
 506
 495
 517
 524
 476
 527
 500
 529
 540
 520
 526
 546
 582
 576
 547
 579
 542
 547
 581
 570
 564
 629
 567
 564
 597
 624
 644
 636
 610
 667
 702
 674
 660
 699
 704
 719
 696
 673
 684
 721
 690
 656
 711
 702
 696
 736
 713
 720
 734
 694
 690
 756
 769
 732
 745
 745
 745
 760
 704
 771
 786
 793
 773
 767
 798
 772
 752
 790
 761
 811
 852
 819
 847
 839
 845
 859
 856
 834
 856
 860
 845
 838
 892
 908
 865
 893
 861
 962
 939
 878
 949
 929
 956
 1024
 1004
 981
 1015
 977
 1026
 984
 1018
 977
 1076
 1049
 1061
 1066
 1052
 1082
 1090
 1030
 1023
 1058
 1117
 1154
 1106
 1175
 1059
 1105
 1166
 1156
 1143
 1135
 1130
 1194
 1138
 1152
 1178
 1239
 1168
 1248
 1171
 1205
 1189
 1268
 1184
 1266
 1268
 1268
 1246
 1242
 1221
 1259
 1253
 1323
 1338
 1303
 1266
 1341
 1349
 1391
 1372
 1304
 1312
 1329
 1400
 1442
 1363
 1430
 1436
 1371
 1388
 1405
 1416
 1403
 1411
 1426
 1502
 1417
 1434
 1435
 1471
 1482
 1495
 1415
 1452
 1429
 1428
 1537
 1475
 1453
 1461
 1488
 1504
 1518
 1488
 1461
 1483
 1490
 1501
 1487
 1507
 1479
 1526
 1503
 1551
 1488
 1624
 1548
 1561
 1519
 1507
 1483
 1560
 1532
 1518
 1529
 1571
 1580
 1520
 1572
 1582
 1556
 1586
 1629
 1584
 1529
 1617
 1557
 1590
 1600
 1562
 1523
 1606
 1541
 1632
 1604
 1654
 1586
 1644
 1594
 1662
 1598
 1664
 1682
 1637
 1692
 1640
 1674
 1621
 1643
 1566
 1641
 1733
 1720
 1641
 1678
 1697
 1724
 1627
 1661
 1747
 1712
 1604
 1653
 1776
 1651
 1674
 1689
 1760
 1645
 1753
 1703
 1750
 1737
 1739
 1783
 1720
 1689
 1736
 1796
 1819
 1745
 1708
 1717
 1710
 1819
 1823
 1740
 1768
 1686
 1765
 1794
 1746
 1821
 1761
 1758
 1869
 1761
 1853
 1743
 1787
 1802
 1756
 1693
 1843
 1849
 1867
 1841
 1744
 1760
 1847
 1826
 1796
 1772
 1765
 1749
 1794
 1802
 1787
 1816
 1743
 1772
 1742
 1734
 1766
 1759
 1772
 1674
 1747
 1684
 1741
 1699
 1668
 1649
 1645
 1695
 1644
 1668
 1658
 1553
 1611
 1616
 1583
 1508
 1556
 1589
 1518
 1576
 1499
 1543
 1452
 1487
 1488
 1421
 1578
 1416
 1420
 1358
 1449
 1437
 1342
 1391
 1350
 1369
 1385
 1312
 1346
 1317
 1315
 1253
 1326
 1262
 1230
 1202
 1275
 1261
 1300
 1201
 1233
 1232
 1189
 1221
 1161
 1253
 1183
 1181
 1156
 1191
 1203
 1212
 1147
 1137
 1119
 1119
 1126
 1107
 1178
 1131
 1120
 1164
 1093
 1076
 1053
 1107
 1059
 1035
 1043
 1064
 1033
 1049
 1054
 1047
 1082
 1052
 1056
 1049
 1068
 1026
 1038
 1014
 1006
 1051
 1048
 1016
 1067
 1012
 1007
 1017
 1026
 965
 1008
 1032
 1031
 1046
 975
 1039
 1038
 1041
 1058
 1067
 985
 1018
 1027
 969
 981
 1013
 1032
 1090
 996
 1041
 963
 1000
 997
 982
 1052
 1068
 1015
 1031
 1021
 1023
 946
 973
 1008
 1095
 956
 1002
 1011
 974
 1035
 986
 1051
 998
 996
 974
 1013
 1012
 1043
 986
 1036
 1024
 1018
 1036
 1076
 939
 1012
 1028
 995
 991
 941
 1072
 981
 1016
 1030
 976
 1015
 1022
 1042
 988
 1003
 972
 962
 959
 937
 997
 975
 929
 997
 1010
 1016
 985
 984
 1024
 1084
 1007
 983
 938
 971
 994
 977
 1012
 930
 998
 955
 920
 967
 996
 940
 1028
 980
 986
 931
 903
 911
 983
 969
 977
 932
 1026
 954
 956
 960
 943
 958
 942
 938
 957
 926
 906
 931
 968
 972
 949
 948
 924
 929
 870
 961
 945
 877
 923
 910
 935
 890
 930
 947
 930
 936
 938
 945
 885
 970
 935
 946
 895
 852
 909
 924
 939
 911
 880
 907
 898
 907
 886
 866
 863
 855
 890
 888
 836
 884
 878
 821
 845
 837
 901
 817
 843
 887
 870
 868
 892
 773
 814
 831
 841
 840
 825
 828
 819
 865
 802
 827
 821
 789
 808
 805
 821
 796
 820
 794
 744
 853
 757
 846
 780
 780
 802
 739
 792
 775
 778
 744
 788
 735
 746
 774
 786
 735
 810
 760
 736
 748
 708
 704
 754
 760
 763
 692
 691
 703
 779
 730
 721
 744
 754
 747
 732
 702
 759
 722
 751
 733
 758
 683
 644
 664
 718
 744
 737
 685
 630
 702
 718
 702
 748
 748
 687
 623
 730
 692
 737
 688
 721
 688
 674
 665
 703
 678
 709
 729
 697
 683
 720
 675
 710
 697
 688
 703
 676
 703
 655
 707
 676
 682
 646
 648
 727
 674
 691
 666
 677
 614
 694
 677
 636
 648
 674
 601
 661
 676
 668
 687
 705
 655
 711
 710
 685
 712
 702
 697
 673
 651
 690
 707
 704
 738
 669
 707
 671
 689
 655
 742
 690
 682
 668
 728
 680
 688
 701
 731
 644
 676
 673
 693
 686
 655
 685
 719
 693
 671
 701
 684
 668
 690
 688
 700
 678
 738
 714
 714
 709
 695
 702
 692
 700
 646
 681
 665
 632
 700
 634
 672
 715
 720
 684
 689
 622
 695
 683
 694
 691
 695
 668
 703
 707
 652
 617
 648
 660
 712
 681
 699
 704
 664
 642
 649
 672
 680
 652
 687
 666
 651
 659
 675
 625
 682
 639
 598
 695
 657
 678
 649
 652
 632
 610
 692
 641
 697
 649
 664
 666
 645
 684
 634
 621
 640
 639
 646
 655
 673
 659
 624
 646
 642
 660
 628
 671
 666
 607
 628
 630
 674
 597
 616
 585
 629
 595
 591
 593
 641
 600
 627
 641
 625
 625
 631
 590
 661
 605
 582
 608
 612
 609
 582
 603
 621
 660
 560
 624
 553
 624
 608
 550
 575
 596
 548
 552
 591
 573
 587
 584
 602
 599
 579
 583
 566
 647
 548
 526
 583
 522
 571
 581
 604
 579
 567
 596
 556
 564
 587
 577
 566
 576
 580
 610
 564
 592
 537
 569
 533
 580
 563
 536
 545
 535
 502
 504
 589
 564
 563
 515
 552
 547
 539
 557
 517
 539
 529
 549
 523
 486
 513
 506
 524
 529
 544
 515
 544
 514
 553
 469
 524
 551
 526
 504
 503
 463
 530
 500
 545
 515
 561
 512
 493
 520
 474
 531
 497
 505
 507
 488
 521
 524
 486
 481
 496
 463
 503
 491
 503
 468
 505
 496
 453
 522
 474
 465
 505
 456
 463
 481
 458
 497
 460
 463
 455
 454
 443
 452
 472
 480
 448
 435
 433
 456
 469
 449
 468
 480
 488
 420
 452
 429
 440
 406
 453
 440
 425
 447
 414
 437
 459
 416
 391
 427
 480
 459
 405
 411
 431
 435
 409
 437
 420
 397
 446
 407
 397
 425
 410
 429
 418
 425
 411
 388
 422
 410
 415
 413
 420
 392
 423
 406
 408
 424
 403
 407
 377
 374
 404
 393
 416
 341
 385
 407
 402
 397
 378
 386
 371
 403
 346
 356
 399
 384
 419
 403
 364
 382
 355
 378
 405
 355
 399
 362
 336
 375
 363
 390
 382
 341
 376
 344
 330
 373
 342
 336
 378
 382
 380
 362
 366
 348
 346
 377
 382
 358
 352
 356
 373
 398
 353
 336
 358
 331
 337
 348
 376
 340
 371
 331
 355
 313
 338
 374
 322
 330
 376
 344
 325
 336
 354
 327
 323
 311
 334
 346
 309
 345
 367
 315
 339
 293
 336
 337
 322
 372
 311
 315
 300
 352
 336
 333
 319
 324
 316
 313
 282
 301
 319
 301
 308
 308
 340
 324
 324
 335
 305
 298
 305
 320
 290
 299
 329
 322
 317
 309
 308
 326
 316
 295
 333
 335
 312
 311
 298
 289
 307
 319
 296
 302
 296
 303
 291
 287
 313
 287
 278
 304
 285
 283
 280
 303
 316
 294
 299
 294
 311
 280
 313
 280
 320
 273
 314
 296
 313
 294
 270
 269
 272
 282
 278
 320
 311
 270
 260
 297
 306
 286
 297
 289
 274
 296
 285
 284
 269
 311
 276
 263
 271
 256
 277
 280
 292
 262
 310
 304
 294
 264
 286
 272
 301
 266
 285
 276
 261
 271
 306
 292
 273
 293
 285
 243
 240
 292
 279
 271
 271
 278
 276
 297
 265
 239
 255
 257
 238
 283
 254
 272
 258
 255
 249
 240
 288
 279
 291
 240
 252
 272
 267
 240
 245
 255
 261
 239
 267
 286
 270
 285
 266
 257
 266
 251
 254
 281
 275
 257
 278
 263
 251
 257
 258
 233
 268
 235
 267
 261
 259
 234
 241
 261
 246
 270
 272
 243
 247
 245
 263
 254
 218
 220
 198
 236
 235
 221
 230
 212
 227
 217
 221
 247
 212
 252
 235
 209
 240
 271
 231
 209
 206
 238
 246
 201
 245
 218
 219
 255
 211
 200
 226
 251
 251
 242
 228
 245
 208
 227
 210
 221
 222
 213
 212
 212
 223
 219
 174
 213
 235
 199
 253
 209
 227
 215
 222
 217
 215
 191
 206
 205
 228
 223
 222
 225
 216
 208
 217
 205
 245
 232
 225
 229
 220
 211
 209
 220
 221
 191
 199
 225
 216
 240
 203
 210
 222
 194
 219
 212
 207
 222
 228
 249
 212
 214
 219
 208
 199
 213
 196
 220
 198
 178
 195
 211
 207
 176
 210
 180
 212
 183
 203
 214
 217
 207
 204
 192
 221
 186
 195
 188
 204
 204
 196
 198
 173
 207
 233
 206
 194
 204
 212
 204
 205
 189
 183
 202
 167
 204
 206
 209
 194
 221
 210
 208
 199
 201
 191
 190
 234
 188
 201
 203
 199
 200
 195
 213
 207
 208
 182
 207
 210
 185
 195
 169
 214
 163
 185
 193
 191
 186
 222
 222
 187
 217
 164
 192
 188
 188
 191
 227
 191
 218
 229
 205
 187
 222
 199
 202
 210
 193
 225
 189
 197
 184
 174
 209
 174
 186
 192
 174
 160
 181
 195
 178
 196
 199
 204
 187
 207
 208
 191
 165
 195
 207
 210
 205
 198
 187
 173
 215
 212
 178
 200
 166
 195
 182
 202
 177
 204
 195
 189
 183
 222
 179
 195
 205
 196
 207
 183
 182
 178
 194
 181
 173
 193
 183
 190
 179
 201
 168
 169
 177
 195
 195
 186
 171
 163
 190
 167
 199
 195
 205
 183
 186
 161
 207
 173
 187
 195
 161
 169
 179
 175
 165
 159
 181
 173
 166
 188
 164
 152
 174
 197
 171
 159
 164
 170
 172
 151
 152
 145
 151
 130
 166
 154
 117
 154
 126
 128
 119
 120
 116
 121
 127
 142
 111
 86
 122
 123
 105
 116
 103
 109
 102
 112
 126
 135
 111
 118
 88
 98
 96
 91
 112
 114
 117
 121
 110
 118
 120
 111
 102
 107
 123
 94
 112
 112
 105
 116
 101
 88
 103
 100
 115
 114
 94
 111
 109
 104
 103
 106
 112
 93
 104
 92
 115
 117
 102
 118
 97
 101
 123
 116
 85
 95
 97
 112
 107
 100
 83
 90
 98
 80
 92
 84
 88
 81
 90
 80
 94
 81
 90
 84
 103
 95
 94
 90
 109
 95
 100
 82
 94
 88
 88
 84
 103
 77
 101
 84
 91
 91
 86
 92
 78
 97
 85
 96
 86
 83
 90
 84
 99
 114
 83
 80
 73
 104
 85
 98
 97
 77
 92
 82
 84
 78
 68
 80
 94
 91
 87
 77
 84
 90
 84
 86
 79
 91
 68
 96
 85
 95
 93
 88
 93
 87
 82
 82
 93
 81
 86
 71
 85
 80
 82
 85
 96
 77
 82
 84
 82
 97
 79
 84
 78
 81
 83
 88
 82
 95
 96
 85
 75
 70
 88
 95
 77
 72
 75
 94
 77
 62
 75
 73
 86
 88
 78
 63
 69
 74
 81
 70
 65
 68
 82
 88
 79
 89
 82
 65
 59
 62
 78
 95
 79
 72
 69
 78
 63
 63
 65
 72
 80
 71
 64
 68
 72
 57
 74
 64
 66
 70
 92
 72
 71
 73
 58
 54
 54
 70
 62
 64
 80
 72
 78
 75
 52
 65
 63
 79
 66
 63
 62
 81
 65
 68
 80
 59
 74
 64
 72
 65
 62
 63
 66
 69
 75
 62
 76
 56
 65
 73
 73
 61
 65
 61
 51
 81
 58
 67
 61
 70
 80
 65
 62
 67
 65
 83
 82
 71
 67
 58
 70
 61
 62
 78
 56
 68
 60
 55
 52
 72
 86
 51
 41
 58
 53
 80
 51
 57
 79
 66
 71
 57
 68
 60
 72
 69
 56
 57
 64
 67
 53
 47
 65
 57
 76
 61
 65
 64
 58
 67
 71
 72
 63
 65
 55
 60
 52
 59
 58
 63
 57
 52
 59
 52
 52
 50
 69
 89
 54
 63
 56
 59
 62
 50
 54
 68
 70
 54
 50
 69
 53
 68
 45
 54
 50
 73
 63
 69
 67
 57
 52
 59
 60
 57
 59
 55
 54
 43
 53
 56
 60
 50
 50
 72
 47
 67
 65
 52
 42
 55
 51
 56
 47
 59
 51
 50
 65
 51
 60
 53
 42
 59
 50
 55
 69
 60
 42
 61
 52
 53
 48
 56
 47
 54
 52
 52
 55
 56
 49
 48
 52
 53
 62
 54
 46
 38
 45
 56
 45
 63
 50
 59
 53
 42
 57
 39
 50
 54
 55
 40
 45
 57
 42
 51
 53
 57
 54
 40
 56
 52
 55
 44
 51
 49
 50
 44
 51
 55
 52
 53
 38
 38
 43
 44
 46
 57
 43
 38
 53
 45
 55
 58
 50
 52
 64
 57
 33
 59
 61
 54
 41
 49
 55
 45
 51
 44
 44
 41
 40
 39
 55
 47
 56
 48
 60
 44
 42
 35
 50
 51
 39
 47
 36
 59
 41
 41
 49
 29
 34
 40
 40
 40
 51
 45
 56
 49
 43
 35
 34
 48
 51
 39
 57
 48
 42
 32
 40
 50
 32
 29
 49
 35
 43
 40
 52
 46
 49
 38
 38
 42
 39
 45
 36
 41
 43
 44
 46
 34
 42
 41
 48
 35
 34
 47
 40
 30
 37
 31
 39
 42
 43
 38
 43
 35
 43
 45
 48
 39
 39
 40
 44
 43
 33
 44
 58
 40
 34
 46
 43
 24
 35
 50
 50
 40
 47
 31
 50
 41
 55
 31
 42
 37
 44
 35
 44
 40
 45
 37
 34
 31
 35
 46
 43
 38
 39
 36
 31
 26
 25
 36
 39
 35
 41
 34
 37
 45
 29
 36
 45
 40
 35
 36
 38
 32
 34
 29
 34
 33
 36
 38
 28
 37
 48
 45
 37
 28
 33
 41
 34
 33
 36
 28
 34
 32
 35
 37
 32
 31
 35
 38
 40
 31
 23
 39
 39
 34
 28
 33
 27
 31
 34
 23
 37
 25
 35
 39
 36
 28
 35
 36
 41
 38
 24
 36
 33
 39
 27
 32
 28
 34
 40
 27
 45
 47
 44
 21
 31
 26
 25
 35
 24
 26
 37
 33
 31
 24
 22
 28
 33
 30
 34
 31
 25
 26
 37
 32
 25
 25
 32
 31
 23
 27
 27
 38
 40
 28
 34
 35
 23
 32
 37
 32
 27
 30
 29
 28
 31
 34
 30
 28
 30
 38
 25
 37
 30
 29
 25
 32
 18
 34
 44
 23
 17
 21
 27
 31
 28
 23
 28
 36
 30
 24
 28
 26
 24
 25
 29
 30
 18
 27
 29
 26
 30
 23
 28
 28
 24
 22
 27
 25
 24
 23
 29
 27
 22
 33
 28
 28
 30
 27
 28
 26
 19
 24
 20
 23
 22
 25
 27
 35
 23
 33
 26
 27
 33
 33
 24
 18
 27
 30
 23
 20
 22
 26
 33
 28
 26
 24
 27
 26
 21
 18
 33
 23
 14
 37
 23
 29
 23
 22
 26
 24
 24
 22
 25
 26
 29
 18
 20
 23
 21
 23
 22
 36
 27
 20
 28
 18
 21
 26
 21
 19
 17
 19
 23
 26
 33
 15
 24
 24
 24
 31
 21
 32
 21
 23
 29
 23
 19
 20
 18
 20
 16
 19
 20
 18
 24
 32
 33
 17
 25
 24
 25
 21
 31
 30
 28
 20
 36
 29
 21
 25
 25
 24
 21
 22
 23
 23
 18
 15
 21
 22
 29
 16
 18
 19
 26
 18
 28
 18
 20
 22
 13
 26
 27
 22
 24
 22
 19
 15
 14
 17
 18
 27
 29
 24
 15
 24
 17
 23
 28
 20
 19
 22
 23
 18
 18
 19
 18
 17
 20
 21
 18
 16
 11
 25
 21
 21
 16
 24
 17
 15
 14
 26
 15
 23
 19
 25
 22
 25
 22
 25
 19
 18
 21
 15
 24
 20
 16
 19
 23
 20
 15
 11
 20
 12
 24
 26
 21
 23
 15
 23
 14
 16
 22
 15
 13
 14
 16
 18
 26
 24
 19
 12
 32
 22
 20
 16
 28
 15
 7
 18
 13
 22
 26
 21
 20
 27
 19
 18
 12
 21
 17
 21
 16
 12
 24
 21
 13
 19
 16
 20
 21
 18
 16
 17
 19
 19
 17
 16
 16
 25
 21
 19
 9
 11
 18
 11
 18
 14
 14
 14
 14
 16
 15
 17
 16
 22
 13
 19
 18
 15
 21
 17
 14
 20
 16
 25
 11
 14
 14
 15
 27
 18
 23
 14
 19
 17
 12
 17
 21
 20
 6
 17
 15
 10
 14
 18
 11
 16
 14
 15
 14
 12
 22
 12
 14
 10
 16
 11
 14
 22
 11
 7
 13
 8
 16
 17
 13
 14
 20
 14
 17
 10
 12
 16
 13
 20
 12
 12
 15
 12
 11
 11
 12
 7
 22
 9
 14
 15
 21
 14
 9
 9
 15
 15
 13
 17
 25
 20
 13
 18
 9
 14
 17
 16
 14
 19
 16
 15
 12
 17
 14
 13
 20
 9
 14
 16
 8
 14
 14
 11
 12
 8
 8
 14
 17
 10
 15
 13
 12
 7
 16
 16
 16
 15
 8
 18
 15
 15
 20
 13
 11
 18
 14
 11
 22
 12
 12
 11
 16
 10
 7
 11
 15
 10
 10
 13
 13
 14
 14
 19
 12
 16
 15
 15
 14
 10
 11
 15
 9
 14
 18
 6
 12
 13
 8
 17
 20
 8
 1
 15
 12
 9
 13
 16
 17
 14
 10
 12
 13
 10
 9
 11
 15
 10
 13
 23
 10
 10
 17
 10
 11
 12
 4
 15
 11
 20
 10
 14
 13
 9
 15
 6
 11
 10
 11
 15
 12
 13
 14
 9
 12
 6
 11
 8
 12
 8
 11
 7
 6
 14
 12
 8
 12
 9
 13
 5
 11
 11
 12
 11
 14
 9
 10
 9
 15
 12
 8
 8
 19
 10
 8
 8
 7
 8
 9
 6
 5
 13
 4
 13
 15
 13
 13
 9
 10
 16
 11
 12
 10
 10
 6
 9
 10
 10
 12
 8
 7
 8
 16
 12
 14
 6
 5
 13
 8
 3
 14
 11
 12
 3
 9
 12
 9
 10
 15
 12
 12
 7
 16
 10
 10
 15
 14
 5
 7
 16
 13
 8
 10
 16
 11
 9
 10
 12
 11
 8
 11
 14
 16
 10
 11
 10
 9
 15
 11
 9
 8
 13
 13
 11
 7
 11
 6
 7
 4
 17
 5
 8
 8
 9
 9
 5
 8
 9
 7
 10
 13
 9
 7
 6
 5
 13
 7
 14
 14
 10
 6
 9
 8
 12
 9
 11
 7
 11
 9
 7
 8
 11
 4
 8
 7
 6
 12
 15
 10
 10
 5
 9
 8
 4
 6
 10
 10
 5
 10
 10
 10
 11
 8
 5
 8
 10
 9
 9
 7
 12
 5
 4
 11
 7
 6
 5
 11
 4
 5
 6
 3
 5
 4
 7
 3
 8
 8
 5
 9
 9
 5
 11
 9
 13
 6
 14
 10
 12
 6
 10
 8
 5
 10
 11
 11
 8
 7
 8
 17
 11
 9
 5
 7
 9
 7
 9
 6
 7
 5
 9
 10
 8
 6
 14
 5
 6
 7
 9
 9
 5
 8
 5
 6
 6
 11
 5
 9
 5
 8
 7
 10
 6
 5
 6
 10
 6
 5
 6
 7
 4
 7
 9
 8
 7
 9
 4
 10
 9
 5
 12
 7
 9
 5
 5
 8
 6
 4
 8
 8
 7
 4
 5
 7
 9
 7
 9
 8
 4
 6
 11
 7
 5
 5
 7
 6
 9
 4
 4
 4
 5
 7
 10
 10
 7
 3
 5
 11
 6
 5
 9
 5
 8
 10
 7
 5
 5
 6
 12
 4
 6
 7
 3
 4
 5
 5
 7
 7
 4
 5
 10
 5
 8
 7
 4
 3
 9
 7
 2
 6
 8
 2
 9
 6
 10
 6
 9
 7
 9
 3
 5
 9
 6
 2
 9
 9
 4
 7
 7
 5
 7
 1
 4
 9
 4
 5
 6
 5
 5
 5
 7
 3
 5
 5
 7
 4
 2
 4
 11
 4
 4
 9
 8
 7
 4
 2
 4
 4
 2
 5
 4
 5
 8
 3
 5
 4
 9
 3
 8
 2
 5
 1
 6
 4
 5
 4
 2
 13
 6
 8
 3
 3
 4
 6
 8
 8
 5
 8
 1
 4
 9
 5
 10
 5
 3
 5
 6
 5
 6
 6
 6
 6
 3
 6
 5
 7
 5
 2
 5
 2
 7
 5
 3
 1
 4
 3
 3
 7
 4
 7
 0
 6
 2
 6
 6
 4
 4
 3
 5
 1
 2
 6
 5
 3
 3
 4
 2
 5
 7
 4
 3
 3
 9
 2
 4
 4
 8
 4
 4
 5
 5
 4
 4
 6
 5
 5
 5
 6
 4
 5
 4
 5
 6
 3
 5
 8
 5
 8
 8
 5
 5
 5
 6
 1
 6
 4
 3
 6
 0
 2
 3
 5
 0
 4
 4
 2
 3
 4
 6
 4
 5
 6
 6
 5
 3
 2
 2
 2
 3
 6
 7
 3
 5
 7
 6
 5
 2
 6
 4
 6
 5
 4
 4
 6
 5
 7
 10
 3
 5
 5
 7
 5
 2
 2
 5
 1
 5
 3
 2
 7
 5
 4
 5
 6
 2
 6
