VERSION:    3.1
ELEMENTS:              1
DATE:       MAR 11, 2010 06:15:46.554
CHANNELS:           4000
ROIS:        0
REAL_TIME:   249.4799957
LIVE_TIME:   200.1699982
CAL_OFFSET:  8.8112198e-002
CAL_SLOPE:   3.1493530e-002
CAL_QUAD:    0.0000000e+000
TWO_THETA:   9.9946346
DATA: 
 0
 0
 0
 0
 0
 0
 0
 0
 0
 0
 0
 0
 0
 0
 0
 0
 0
 0
 0
 0
 0
 0
 0
 0
 0
 0
 0
 0
 0
 0
 0
 0
 0
 0
 0
 0
 0
 0
 0
 0
 0
 0
 0
 0
 0
 0
 0
 0
 0
 0
 0
 0
 0
 0
 0
 0
 0
 0
 0
 0
 0
 0
 0
 0
 0
 0
 0
 0
 0
 0
 0
 22
 58
 49
 40
 49
 52
 44
 62
 49
 41
 48
 49
 48
 45
 52
 52
 59
 53
 61
 51
 53
 56
 69
 59
 61
 48
 81
 69
 64
 42
 46
 52
 50
 57
 56
 53
 56
 50
 68
 72
 64
 66
 67
 58
 72
 62
 70
 71
 42
 68
 59
 58
 63
 66
 70
 60
 69
 73
 75
 73
 55
 60
 66
 75
 54
 72
 55
 65
 85
 76
 79
 74
 87
 81
 90
 70
 72
 75
 55
 60
 76
 53
 69
 79
 89
 81
 73
 75
 62
 78
 80
 80
 69
 81
 89
 63
 84
 74
 68
 90
 82
 84
 76
 66
 83
 89
 64
 71
 75
 98
 82
 80
 74
 83
 79
 73
 81
 86
 65
 88
 73
 71
 81
 70
 81
 82
 103
 64
 84
 79
 84
 72
 81
 93
 80
 101
 81
 69
 81
 96
 71
 77
 77
 73
 74
 73
 61
 88
 80
 78
 74
 79
 77
 58
 92
 94
 76
 100
 74
 79
 91
 109
 91
 89
 100
 92
 99
 70
 84
 73
 73
 92
 89
 77
 70
 71
 75
 87
 85
 88
 85
 76
 83
 86
 86
 75
 84
 100
 87
 92
 83
 76
 88
 90
 94
 96
 88
 79
 88
 82
 94
 91
 94
 82
 91
 71
 84
 81
 86
 99
 100
 84
 84
 106
 79
 75
 91
 78
 81
 71
 85
 84
 96
 89
 88
 85
 90
 80
 108
 85
 94
 77
 94
 90
 80
 81
 100
 87
 78
 79
 89
 99
 76
 101
 108
 92
 103
 98
 104
 82
 110
 98
 83
 94
 110
 90
 88
 99
 131
 90
 110
 93
 103
 112
 104
 102
 98
 97
 94
 91
 100
 107
 106
 97
 98
 108
 83
 96
 110
 97
 104
 96
 102
 94
 92
 108
 110
 86
 122
 98
 102
 109
 105
 101
 91
 90
 122
 112
 107
 104
 91
 89
 94
 127
 107
 117
 108
 111
 120
 114
 110
 126
 125
 122
 129
 109
 132
 120
 120
 122
 125
 118
 105
 107
 125
 119
 113
 121
 125
 137
 119
 121
 141
 134
 115
 108
 107
 104
 129
 105
 112
 131
 119
 132
 126
 143
 129
 122
 109
 147
 129
 135
 122
 117
 145
 120
 133
 139
 117
 119
 122
 115
 129
 131
 95
 122
 136
 116
 150
 116
 129
 148
 136
 125
 102
 125
 133
 142
 138
 136
 146
 146
 129
 129
 112
 146
 132
 118
 131
 133
 128
 130
 135
 143
 137
 134
 139
 139
 132
 143
 135
 150
 162
 135
 158
 130
 154
 185
 169
 152
 137
 156
 161
 160
 147
 166
 173
 187
 168
 182
 197
 209
 174
 176
 183
 203
 191
 180
 173
 196
 172
 182
 204
 225
 193
 180
 196
 188
 173
 201
 170
 188
 198
 208
 164
 195
 190
 224
 218
 200
 203
 177
 204
 220
 204
 208
 190
 224
 216
 213
 227
 197
 228
 214
 230
 234
 230
 218
 209
 229
 228
 242
 231
 266
 246
 251
 258
 286
 306
 260
 291
 287
 290
 282
 309
 274
 286
 281
 258
 257
 275
 281
 290
 313
 322
 282
 269
 302
 291
 303
 297
 323
 280
 307
 314
 280
 313
 318
 309
 351
 334
 351
 361
 353
 338
 348
 348
 339
 348
 335
 311
 353
 347
 362
 362
 389
 359
 372
 365
 381
 359
 383
 386
 407
 392
 428
 407
 418
 411
 416
 417
 446
 434
 461
 423
 458
 407
 417
 419
 454
 460
 478
 441
 431
 443
 461
 472
 445
 488
 533
 525
 486
 489
 482
 458
 474
 519
 494
 513
 512
 514
 551
 517
 539
 501
 522
 524
 546
 580
 597
 540
 595
 559
 574
 614
 595
 533
 570
 603
 589
 623
 545
 569
 557
 676
 607
 643
 679
 626
 642
 659
 632
 670
 631
 638
 685
 638
 656
 743
 691
 669
 747
 670
 694
 696
 735
 705
 771
 729
 739
 730
 771
 788
 747
 726
 766
 762
 786
 793
 731
 798
 796
 829
 784
 789
 772
 804
 849
 802
 805
 792
 850
 835
 797
 857
 815
 878
 800
 826
 858
 874
 822
 819
 923
 841
 884
 839
 878
 898
 919
 847
 887
 921
 925
 915
 955
 936
 888
 959
 933
 912
 934
 913
 928
 914
 975
 967
 967
 969
 968
 936
 1021
 995
 1022
 989
 1061
 984
 1018
 1077
 1046
 1086
 1019
 1037
 1023
 1027
 1144
 1014
 1047
 1046
 1059
 1066
 1087
 1102
 1122
 1091
 1112
 1087
 1124
 1124
 1121
 1136
 1098
 1121
 1125
 1113
 1125
 1150
 1089
 1099
 1149
 1117
 1152
 1221
 1127
 1137
 1144
 1136
 1160
 1162
 1128
 1206
 1181
 1190
 1166
 1184
 1197
 1234
 1217
 1231
 1185
 1226
 1190
 1158
 1169
 1236
 1330
 1222
 1258
 1217
 1215
 1217
 1221
 1240
 1244
 1279
 1289
 1246
 1250
 1302
 1267
 1290
 1278
 1353
 1239
 1227
 1344
 1306
 1302
 1311
 1366
 1339
 1316
 1328
 1348
 1389
 1326
 1326
 1366
 1256
 1438
 1419
 1360
 1298
 1375
 1390
 1320
 1409
 1390
 1345
 1341
 1366
 1404
 1412
 1380
 1421
 1410
 1347
 1422
 1443
 1436
 1392
 1405
 1532
 1464
 1488
 1445
 1415
 1427
 1452
 1418
 1498
 1450
 1411
 1483
 1482
 1507
 1555
 1525
 1516
 1517
 1536
 1464
 1540
 1544
 1538
 1521
 1530
 1523
 1534
 1557
 1607
 1539
 1458
 1563
 1552
 1576
 1586
 1547
 1675
 1590
 1614
 1521
 1652
 1638
 1563
 1632
 1699
 1687
 1625
 1698
 1629
 1665
 1584
 1589
 1672
 1695
 1652
 1704
 1648
 1644
 1657
 1726
 1642
 1612
 1622
 1731
 1694
 1753
 1670
 1707
 1664
 1699
 1685
 1694
 1739
 1733
 1722
 1800
 1722
 1729
 1791
 1757
 1764
 1752
 1800
 1669
 1766
 1776
 1923
 1823
 1821
 1781
 1749
 1819
 1845
 1846
 1793
 1835
 1859
 1836
 1814
 1858
 1836
 1828
 1849
 1879
 1896
 1814
 1864
 1945
 1909
 1873
 1922
 1949
 1880
 1900
 1959
 1921
 2009
 1921
 1965
 1904
 1936
 1978
 2031
 1996
 2010
 1914
 1985
 1944
 1937
 2048
 1926
 2003
 1974
 2092
 2022
 1998
 2038
 2009
 2088
 2046
 2004
 2137
 2059
 2022
 2077
 2055
 2102
 2113
 2078
 2130
 2034
 2151
 2137
 2106
 2205
 2261
 2085
 2161
 2140
 2092
 2162
 2197
 2128
 2140
 2142
 2198
 2257
 2255
 2180
 2127
 2197
 2282
 2297
 2222
 2186
 2232
 2229
 2231
 2254
 2321
 2271
 2317
 2300
 2315
 2384
 2225
 2313
 2363
 2298
 2458
 2350
 2357
 2389
 2364
 2355
 2324
 2398
 2360
 2383
 2433
 2376
 2401
 2367
 2458
 2480
 2554
 2449
 2452
 2459
 2381
 2434
 2537
 2491
 2434
 2534
 2492
 2555
 2566
 2493
 2571
 2502
 2534
 2490
 2525
 2615
 2596
 2575
 2589
 2561
 2603
 2606
 2689
 2607
 2624
 2694
 2651
 2737
 2640
 2593
 2744
 2767
 2622
 2787
 2684
 2686
 2647
 2835
 2672
 2710
 2775
 2749
 2704
 2808
 2926
 2760
 2742
 2822
 2780
 2851
 2774
 2760
 2916
 2852
 2911
 2866
 2801
 2886
 2967
 2874
 2912
 2954
 2991
 2965
 3007
 2865
 2914
 3002
 2989
 2956
 3067
 2943
 3070
 2972
 3055
 3065
 3043
 3081
 3095
 3127
 3093
 3102
 3151
 3149
 3055
 3242
 3208
 3074
 3079
 3191
 3106
 3118
 3243
 3177
 3296
 3079
 3144
 3158
 3358
 3202
 3348
 3183
 3164
 3242
 3212
 3317
 3455
 3362
 3250
 3319
 3391
 3274
 3335
 3362
 3462
 3340
 3368
 3418
 3365
 3403
 3394
 3411
 3396
 3429
 3387
 3435
 3357
 3393
 3484
 3568
 3554
 3522
 3499
 3389
 3444
 3505
 3604
 3546
 3577
 3568
 3599
 3610
 3535
 3423
 3649
 3672
 3708
 3580
 3551
 3610
 3658
 3728
 3704
 3573
 3685
 3557
 3647
 3633
 3683
 3694
 3681
 3677
 3614
 3630
 3709
 3600
 3631
 3627
 3612
 3653
 3772
 3661
 3761
 3761
 3768
 3715
 3730
 3748
 3756
 3722
 3773
 3771
 3753
 3808
 3875
 3798
 3834
 3840
 3736
 3797
 3923
 3870
 3771
 3888
 3904
 3783
 3846
 3849
 3852
 3779
 3869
 3918
 3886
 3828
 3879
 3847
 3840
 3802
 3996
 3931
 3953
 3838
 3865
 3788
 4023
 3830
 3925
 3885
 3983
 3961
 3938
 3886
 3845
 3925
 4020
 3830
 3921
 3893
 3957
 3978
 3922
 3971
 4006
 3896
 4009
 3888
 3930
 4005
 3962
 3933
 3926
 3840
 3851
 3950
 3917
 3897
 3915
 3982
 3916
 3946
 3746
 3879
 3761
 3800
 3848
 3930
 3861
 3741
 3813
 4061
 3924
 3861
 3793
 3854
 3691
 3864
 3882
 3844
 3798
 3731
 3852
 3872
 3774
 3851
 3936
 3843
 3867
 3794
 3831
 3792
 3757
 3785
 3795
 3774
 3793
 3833
 3802
 3714
 3861
 3688
 3811
 3770
 3650
 3708
 3721
 3730
 3740
 3841
 3762
 3799
 3859
 3628
 3675
 3746
 3752
 3501
 3753
 3701
 3653
 3674
 3591
 3644
 3614
 3528
 3604
 3628
 3611
 3590
 3601
 3530
 3556
 3490
 3463
 3665
 3501
 3415
 3463
 3516
 3472
 3445
 3562
 3419
 3358
 3413
 3362
 3383
 3444
 3401
 3418
 3427
 3265
 3313
 3406
 3268
 3237
 3362
 3342
 3377
 3353
 3231
 3253
 3291
 3376
 3290
 3135
 3176
 3171
 3202
 3283
 3094
 3122
 3153
 3098
 3165
 3184
 3052
 3105
 3018
 3069
 3057
 2999
 3001
 3013
 3168
 3019
 3106
 3056
 3015
 3061
 2976
 2961
 2931
 3015
 2957
 2984
 2928
 3003
 2980
 2945
 2771
 2872
 2911
 2867
 2798
 2898
 2825
 2860
 2788
 2808
 2853
 2801
 2749
 2800
 2825
 2786
 2797
 2726
 2700
 2754
 2725
 2640
 2649
 2764
 2648
 2614
 2559
 2515
 2541
 2653
 2632
 2592
 2573
 2633
 2559
 2547
 2450
 2564
 2519
 2577
 2496
 2470
 2518
 2413
 2537
 2400
 2422
 2540
 2441
 2463
 2430
 2407
 2388
 2419
 2399
 2367
 2393
 2293
 2430
 2339
 2309
 2250
 2371
 2441
 2274
 2285
 2231
 2340
 2213
 2273
 2200
 2272
 2123
 2271
 2244
 2232
 2158
 2180
 2146
 2155
 2204
 2165
 2182
 2192
 2131
 2093
 2206
 2093
 2102
 2081
 2124
 2105
 2120
 2068
 2071
 2090
 2019
 2089
 1995
 2044
 2071
 2019
 2060
 2023
 2022
 2024
 1969
 1938
 1962
 2016
 1947
 1926
 1922
 1923
 1865
 1915
 1934
 1970
 1946
 1947
 1800
 1852
 1931
 1877
 1846
 1896
 1883
 1812
 1839
 1915
 1856
 1822
 1855
 1815
 1890
 1797
 1886
 1894
 1865
 1841
 1770
 1783
 1820
 1730
 1782
 1761
 1774
 1837
 1796
 1775
 1671
 1719
 1767
 1757
 1830
 1802
 1824
 1786
 1811
 1791
 1718
 1758
 1858
 1850
 1791
 1855
 1850
 1887
 1931
 1932
 1873
 1944
 1933
 1998
 2036
 2039
 2036
 2133
 2126
 2079
 2209
 2306
 2366
 2363
 2448
 2507
 2592
 2536
 2638
 2601
 2806
 2862
 2775
 2802
 2682
 2863
 2795
 2890
 2897
 2711
 2669
 2685
 2668
 2625
 2592
 2754
 2783
 2827
 3056
 3131
 3328
 3542
 3706
 4082
 4168
 4324
 4521
 4494
 4473
 4404
 4271
 4075
 3773
 3577
 3184
 2898
 2609
 2428
 2090
 1975
 1824
 1687
 1614
 1539
 1421
 1375
 1316
 1351
 1327
 1316
 1286
 1235
 1230
 1278
 1249
 1264
 1225
 1194
 1162
 1248
 1223
 1207
 1204
 1197
 1145
 1161
 1191
 1151
 1179
 1161
 1201
 1153
 1125
 1163
 1193
 1135
 1132
 1148
 1159
 1159
 1121
 1135
 1090
 1097
 1019
 1130
 1111
 1133
 1068
 1063
 1111
 1099
 1053
 1145
 1073
 1091
 1085
 1077
 970
 1076
 1031
 1053
 1104
 1038
 1036
 1032
 1039
 1058
 1009
 1043
 1037
 1030
 1038
 996
 964
 1100
 1029
 1004
 994
 1021
 991
 964
 915
 949
 958
 947
 982
 1006
 1012
 948
 903
 895
 985
 939
 955
 1002
 944
 910
 945
 995
 877
 963
 955
 916
 975
 972
 874
 921
 932
 889
 917
 907
 944
 936
 949
 796
 947
 883
 894
 830
 873
 911
 874
 873
 871
 848
 828
 884
 868
 885
 857
 887
 849
 897
 863
 858
 822
 885
 826
 865
 846
 791
 873
 827
 791
 790
 823
 799
 833
 814
 828
 803
 861
 802
 786
 867
 782
 793
 823
 812
 776
 805
 837
 819
 783
 784
 717
 797
 692
 762
 796
 757
 758
 690
 740
 731
 797
 793
 788
 711
 779
 799
 764
 783
 790
 703
 772
 781
 689
 748
 742
 756
 769
 800
 750
 707
 683
 768
 687
 713
 708
 710
 708
 719
 746
 680
 685
 731
 711
 706
 759
 712
 657
 705
 702
 675
 631
 726
 710
 719
 688
 689
 718
 699
 642
 678
 676
 663
 710
 653
 678
 686
 714
 705
 741
 711
 633
 682
 708
 671
 625
 694
 642
 669
 677
 666
 631
 635
 623
 649
 644
 691
 649
 668
 647
 670
 646
 620
 669
 624
 654
 666
 642
 657
 696
 613
 592
 636
 604
 650
 604
 573
 614
 604
 594
 585
 632
 609
 633
 602
 639
 579
 586
 596
 582
 625
 603
 609
 616
 640
 608
 597
 608
 588
 587
 598
 587
 561
 577
 582
 566
 572
 574
 552
 580
 615
 560
 564
 545
 555
 568
 565
 545
 574
 569
 610
 584
 603
 568
 567
 586
 601
 560
 533
 567
 570
 528
 546
 551
 594
 544
 519
 506
 568
 601
 580
 534
 527
 555
 507
 559
 582
 547
 518
 537
 523
 589
 523
 490
 513
 537
 519
 511
 564
 566
 508
 502
 489
 538
 529
 492
 525
 504
 494
 541
 539
 511
 496
 511
 533
 512
 487
 514
 512
 499
 488
 498
 529
 537
 536
 521
 501
 489
 511
 476
 476
 524
 495
 532
 479
 511
 491
 534
 510
 515
 476
 498
 464
 453
 485
 471
 478
 542
 508
 508
 447
 492
 521
 466
 502
 493
 489
 496
 500
 474
 480
 461
 471
 475
 477
 478
 493
 474
 475
 479
 445
 488
 518
 484
 491
 444
 466
 433
 491
 449
 433
 487
 427
 445
 421
 443
 441
 460
 461
 445
 459
 426
 441
 464
 485
 422
 408
 472
 402
 460
 473
 423
 439
 464
 442
 428
 420
 455
 490
 427
 433
 392
 438
 486
 415
 426
 398
 446
 415
 406
 423
 409
 445
 447
 470
 435
 400
 432
 416
 424
 438
 446
 439
 420
 378
 389
 407
 387
 412
 431
 423
 399
 404
 384
 327
 338
 349
 361
 313
 327
 335
 332
 298
 337
 340
 319
 306
 271
 334
 315
 330
 297
 293
 294
 284
 314
 277
 309
 305
 319
 279
 311
 279
 281
 291
 313
 280
 300
 253
 287
 298
 295
 296
 272
 281
 292
 288
 260
 299
 271
 259
 273
 289
 269
 298
 261
 283
 281
 265
 293
 297
 287
 281
 266
 283
 270
 280
 256
 271
 280
 287
 256
 236
 270
 267
 247
 282
 276
 258
 290
 257
 254
 265
 250
 271
 263
 273
 259
 267
 238
 278
 283
 278
 291
 236
 232
 235
 246
 265
 233
 270
 268
 264
 255
 278
 292
 267
 266
 265
 269
 260
 277
 260
 288
 279
 243
 272
 279
 263
 261
 283
 290
 256
 254
 286
 232
 239
 246
 265
 249
 250
 258
 275
 228
 226
 246
 250
 251
 236
 231
 253
 228
 224
 246
 257
 210
 231
 233
 241
 217
 238
 235
 207
 217
 227
 236
 229
 240
 219
 220
 230
 215
 221
 224
 205
 223
 206
 216
 206
 260
 220
 240
 222
 215
 205
 235
 220
 216
 255
 230
 242
 200
 217
 245
 205
 202
 210
 223
 188
 217
 223
 228
 215
 257
 210
 220
 234
 212
 222
 215
 232
 189
 191
 226
 237
 199
 223
 180
 202
 197
 205
 201
 225
 192
 203
 228
 195
 191
 194
 183
 188
 201
 181
 190
 183
 200
 214
 190
 188
 215
 193
 191
 179
 197
 204
 195
 172
 208
 207
 211
 192
 203
 215
 222
 198
 203
 191
 195
 197
 179
 174
 204
 172
 188
 181
 164
 194
 170
 186
 179
 165
 193
 189
 187
 171
 192
 163
 185
 158
 203
 170
 167
 171
 195
 176
 173
 192
 178
 160
 188
 176
 172
 172
 171
 177
 179
 184
 166
 196
 202
 163
 171
 196
 186
 170
 159
 204
 156
 180
 165
 183
 189
 141
 189
 170
 176
 192
 147
 169
 188
 189
 167
 158
 176
 193
 176
 168
 175
 157
 150
 166
 169
 162
 176
 168
 175
 172
 185
 192
 172
 168
 176
 165
 184
 163
 196
 171
 157
 164
 146
 177
 162
 193
 155
 180
 155
 155
 167
 163
 156
 143
 163
 174
 162
 167
 156
 165
 176
 175
 152
 168
 148
 156
 158
 163
 169
 172
 160
 151
 165
 159
 177
 151
 171
 147
 156
 166
 167
 153
 159
 140
 181
 164
 166
 175
 157
 185
 186
 174
 165
 233
 200
 224
 207
 230
 268
 238
 225
 257
 263
 281
 256
 255
 229
 207
 248
 239
 221
 229
 184
 216
 186
 172
 170
 186
 178
 188
 134
 160
 153
 158
 168
 148
 155
 143
 173
 158
 163
 166
 156
 177
 151
 170
 156
 141
 145
 161
 183
 167
 138
 156
 156
 174
 171
 178
 151
 150
 164
 172
 160
 128
 160
 179
 166
 172
 158
 160
 172
 173
 193
 212
 230
 237
 250
 276
 301
 307
 321
 365
 396
 454
 486
 500
 527
 500
 502
 494
 525
 519
 566
 520
 514
 523
 460
 456
 412
 394
 346
 343
 316
 280
 265
 238
 256
 209
 200
 200
 164
 150
 148
 153
 143
 152
 166
 170
 151
 139
 171
 169
 145
 144
 133
 155
 148
 155
 158
 179
 170
 163
 143
 172
 153
 115
 164
 173
 158
 153
 168
 196
 179
 168
 165
 178
 183
 171
 184
 133
 182
 171
 155
 198
 169
 151
 134
 189
 169
 129
 143
 148
 140
 154
 140
 148
 131
 156
 145
 125
 146
 133
 143
 152
 147
 144
 159
 139
 138
 167
 133
 143
 129
 129
 148
 145
 143
 129
 179
 147
 136
 132
 128
 134
 135
 134
 134
 112
 117
 131
 143
 131
 145
 107
 121
 116
 143
 128
 126
 149
 149
 132
 122
 124
 143
 127
 127
 130
 125
 110
 113
 115
 117
 130
 108
 125
 130
 126
 122
 119
 131
 120
 133
 133
 107
 134
 125
 132
 136
 115
 116
 132
 118
 123
 105
 133
 119
 151
 123
 119
 143
 124
 122
 126
 107
 109
 122
 113
 121
 115
 127
 101
 129
 108
 117
 124
 115
 128
 115
 124
 118
 112
 121
 104
 117
 113
 121
 112
 107
 118
 119
 122
 105
 114
 98
 121
 117
 117
 97
 117
 103
 110
 97
 103
 127
 112
 99
 125
 104
 107
 119
 98
 107
 93
 97
 99
 113
 119
 100
 106
 114
 122
 104
 105
 124
 94
 117
 121
 134
 89
 111
 91
 114
 91
 112
 118
 108
 93
 97
 99
 105
 108
 101
 90
 94
 93
 90
 103
 93
 99
 108
 112
 123
 100
 104
 90
 83
 92
 113
 104
 118
 95
 107
 99
 87
 105
 99
 110
 102
 79
 89
 85
 95
 101
 93
 102
 123
 106
 95
 97
 101
 106
 108
 87
 103
 87
 103
 92
 100
 80
 95
 100
 93
 103
 108
 101
 94
 114
 90
 103
 95
 124
 115
 73
 95
 102
 103
 103
 94
 100
 80
 108
 79
 81
 102
 101
 90
 94
 96
 67
 103
 95
 100
 103
 83
 102
 85
 97
 94
 94
 86
 87
 80
 91
 97
 96
 80
 93
 82
 72
 76
 78
 79
 90
 74
 84
 95
 89
 100
 71
 83
 71
 93
 106
 93
 85
 87
 75
 86
 95
 70
 90
 90
 88
 94
 92
 88
 76
 90
 80
 79
 81
 79
 87
 85
 88
 77
 74
 70
 90
 95
 79
 77
 95
 79
 74
 83
 88
 66
 88
 87
 90
 75
 66
 79
 82
 87
 84
 81
 89
 80
 71
 75
 78
 69
 72
 100
 79
 64
 94
 84
 80
 79
 71
 90
 86
 97
 94
 99
 100
 100
 105
 99
 92
 115
 101
 98
 95
 96
 100
 109
 97
 83
 99
 88
 85
 87
 81
 95
 71
 86
 87
 66
 63
 84
 59
 62
 72
 83
 72
 70
 68
 68
 68
 69
 83
 76
 72
 76
 68
 80
 90
 73
 70
 69
 72
 76
 63
 73
 69
 73
 79
 73
 68
 63
 68
 68
 77
 72
 69
 79
 63
 65
 67
 65
 61
 56
 72
 76
 69
 52
 77
 86
 59
 66
 63
 56
 75
 72
 68
 66
 63
 63
 73
 65
 80
 66
 54
 80
 66
 76
 78
 59
 63
 56
 64
 61
 81
 89
 63
 59
 57
 55
 54
 47
 60
 68
 49
 60
 47
 52
 66
 58
 65
 50
 66
 63
 68
 55
 59
 69
 70
 72
 65
 61
 55
 65
 61
 61
 62
 52
 63
 50
 60
 61
 68
 67
 73
 48
 48
 67
 62
 51
 50
 47
 53
 56
 53
 55
 62
 39
 58
 45
 59
 51
 64
 70
 64
 55
 44
 64
 65
 52
 64
 61
 61
 60
 59
 59
 66
 53
 50
 59
 43
 72
 65
 58
 68
 56
 66
 51
 53
 48
 46
 66
 61
 71
 53
 48
 54
 57
 69
 46
 55
 54
 45
 66
 58
 51
 57
 47
 50
 57
 55
 53
 67
 48
 59
 44
 48
 56
 47
 52
 49
 53
 65
 48
 52
 53
 49
 65
 45
 40
 52
 56
 57
 72
 67
 50
 67
 55
 59
 69
 55
 63
 48
 52
 46
 62
 51
 48
 47
 56
 40
 50
 41
 49
 62
 40
 54
 61
 54
 55
 51
 66
 55
 53
 45
 41
 47
 40
 59
 45
 60
 44
 60
 58
 58
 45
 47
 47
 47
 60
 46
 62
 40
 54
 49
 52
 46
 46
 42
 60
 50
 40
 57
 51
 55
 56
 56
 53
 53
 63
 56
 62
 45
 47
 42
 59
 49
 54
 42
 46
 36
 30
 53
 41
 39
 47
 60
 39
 40
 38
 43
 54
 39
 40
 49
 51
 53
 43
 47
 38
 38
 45
 28
 35
 39
 38
 50
 34
 47
 29
 42
 35
 39
 38
 48
 30
 54
 35
 37
 60
 41
 38
 47
 44
 38
 37
 53
 40
 45
 49
 28
 42
 45
 52
 43
 31
 31
 36
 35
 32
 36
 43
 31
 38
 51
 33
 48
 45
 51
 44
 46
 42
 39
 41
 40
 43
 34
 25
 53
 43
 36
 31
 49
 38
 39
 44
 38
 38
 28
 35
 41
 48
 36
 28
 40
 39
 30
 27
 36
 28
 29
 47
 51
 31
 40
 41
 32
 37
 35
 35
 33
 39
 34
 50
 41
 31
 35
 39
 44
 42
 37
 29
 36
 47
 41
 37
 27
 32
 27
 37
 27
 33
 43
 42
 30
 45
 35
 43
 49
 38
 44
 47
 32
 32
 31
 32
 22
 18
 43
 17
 29
 38
 30
 27
 35
 38
 33
 34
 31
 40
 33
 35
 40
 39
 23
 33
 41
 32
 29
 20
 24
 29
 33
 29
 29
 35
 35
 24
 35
 20
 41
 30
 29
 38
 30
 28
 28
 33
 39
 42
 31
 27
 31
 31
 35
 43
 25
 31
 33
 31
 25
 27
 32
 29
 38
 29
 40
 37
 46
 21
 28
 38
 23
 33
 29
 35
 41
 28
 30
 27
 27
 24
 25
 38
 46
 27
 39
 25
 30
 36
 32
 32
 32
 22
 37
 26
 27
 29
 29
 31
 31
 25
 28
 42
 29
 26
 26
 21
 35
 28
 22
 31
 34
 29
 28
 32
 29
 26
 28
 38
 24
 23
 21
 15
 21
 25
 35
 21
 35
 38
 33
 22
 30
 34
 25
 21
 31
 29
 17
 30
 26
 29
 32
 27
 21
 29
 17
 25
 24
 28
 30
 29
 29
 25
 25
 35
 28
 27
 28
 28
 30
 21
 32
 23
 26
 37
 35
 30
 26
 25
 18
 23
 27
 30
 26
 25
 28
 31
 34
 16
 27
 24
 26
 30
 30
 28
 28
 26
 25
 29
 34
 30
 18
 19
 26
 35
 19
 30
 28
 23
 24
 24
 19
 23
 20
 23
 20
 25
 27
 25
 31
 26
 30
 28
 27
 34
 25
 26
 27
 28
 21
 37
 30
 27
 21
 31
 23
 27
 27
 24
 36
 25
 35
 34
 31
 32
 33
 31
 37
 29
 31
 37
 36
 40
 40
 52
 33
 32
 42
 44
 39
 37
 35
 34
 43
 56
 41
 38
 45
 35
 34
 42
 37
 41
 38
 29
 27
 27
 24
 19
 39
 24
 18
 23
 20
 25
 25
 28
 27
 14
 23
 37
 22
 18
 31
 23
 23
 30
 20
 25
 18
 20
 24
 23
 24
 21
 33
 19
 27
 18
 14
 20
 22
 22
 17
 23
 16
 26
 21
 17
 26
 26
 20
 21
 26
 28
 16
 23
 20
 10
 18
 20
 21
 21
 17
 23
 12
 17
 24
 15
 16
 20
 19
 34
 26
 28
 20
 22
 23
 19
 25
 24
 13
 13
 21
 21
 24
 15
 21
 20
 16
 18
 13
 23
 20
 23
 27
 17
 24
 20
 16
 19
 35
 18
 22
 20
 17
 21
 26
 18
 18
 20
 26
 13
 19
 16
 19
 20
 16
 17
 19
 20
 24
 28
 29
 15
 20
 22
 25
 17
 9
 17
 13
 19
 23
 27
 29
 17
 24
 21
 19
 19
 10
 17
 20
 17
 21
 19
 20
 20
 22
 20
 16
 18
 19
 12
 12
 13
 28
 23
 10
 9
 21
 19
 16
 17
 16
 16
 19
 16
 17
 23
 14
 19
 21
 9
 15
 22
 20
 17
 14
 22
 18
 22
 24
 24
 24
 16
 23
 8
 15
 14
 17
 19
 16
 24
 17
 21
 13
 16
 16
 13
 24
 20
