VERSION:    3.1
ELEMENTS:              1
DATE:       MAR 11, 2010 00:01:28.033
CHANNELS:           4000
ROIS:        0
REAL_TIME:   249.6999969
LIVE_TIME:   200.4600067
CAL_OFFSET:  8.8112198e-002
CAL_SLOPE:   3.1493530e-002
CAL_QUAD:    0.0000000e+000
TWO_THETA:   9.9946346
DATA: 
 0
 0
 0
 0
 0
 0
 0
 0
 0
 0
 0
 0
 0
 0
 0
 0
 0
 0
 0
 0
 0
 0
 0
 0
 0
 0
 0
 0
 0
 0
 0
 0
 0
 0
 0
 0
 0
 0
 0
 0
 0
 0
 0
 0
 0
 0
 0
 0
 0
 0
 0
 0
 0
 0
 0
 0
 0
 0
 0
 0
 0
 0
 0
 0
 0
 0
 0
 0
 0
 0
 1
 30
 56
 51
 56
 53
 45
 37
 47
 46
 63
 46
 52
 58
 49
 50
 49
 51
 55
 45
 53
 46
 60
 63
 56
 52
 62
 55
 63
 76
 59
 67
 56
 44
 67
 54
 56
 53
 66
 55
 72
 67
 64
 87
 57
 59
 66
 72
 75
 67
 65
 69
 67
 68
 64
 61
 71
 76
 69
 72
 70
 70
 71
 82
 88
 71
 71
 65
 74
 70
 63
 65
 62
 73
 70
 68
 60
 60
 59
 78
 76
 93
 74
 91
 57
 67
 86
 69
 59
 77
 74
 71
 61
 73
 59
 64
 96
 64
 78
 75
 69
 72
 85
 83
 75
 67
 94
 79
 83
 69
 62
 81
 69
 81
 95
 77
 76
 70
 72
 91
 92
 86
 77
 73
 78
 57
 98
 72
 92
 68
 72
 87
 81
 76
 74
 76
 76
 83
 86
 87
 78
 74
 79
 76
 85
 89
 84
 85
 75
 81
 87
 94
 70
 71
 77
 78
 68
 82
 82
 85
 96
 101
 92
 69
 85
 80
 114
 103
 101
 87
 73
 92
 70
 77
 89
 73
 82
 109
 77
 99
 88
 79
 97
 88
 90
 84
 105
 93
 78
 89
 90
 84
 86
 84
 69
 73
 81
 91
 73
 65
 79
 89
 83
 72
 89
 96
 80
 79
 78
 96
 89
 71
 90
 83
 72
 79
 77
 90
 79
 90
 79
 97
 94
 78
 74
 73
 71
 82
 89
 85
 92
 90
 91
 89
 83
 104
 89
 81
 103
 101
 82
 84
 86
 102
 102
 96
 95
 101
 107
 85
 104
 81
 90
 93
 97
 98
 89
 92
 87
 89
 93
 94
 81
 108
 83
 92
 94
 100
 99
 98
 101
 98
 99
 111
 90
 103
 98
 108
 113
 113
 105
 94
 102
 113
 107
 101
 113
 101
 111
 109
 110
 103
 122
 103
 119
 119
 95
 112
 100
 95
 113
 116
 109
 109
 114
 122
 122
 114
 108
 120
 117
 113
 108
 118
 102
 106
 102
 123
 123
 102
 116
 115
 118
 124
 138
 115
 108
 114
 107
 126
 135
 142
 112
 130
 137
 126
 107
 130
 120
 112
 122
 131
 109
 132
 130
 131
 141
 125
 100
 129
 138
 123
 129
 148
 115
 115
 110
 131
 129
 134
 100
 132
 142
 126
 135
 124
 131
 163
 142
 124
 116
 126
 133
 118
 130
 124
 117
 129
 140
 150
 128
 133
 132
 148
 133
 136
 125
 143
 127
 118
 130
 137
 125
 115
 142
 134
 129
 144
 151
 162
 151
 172
 141
 130
 146
 158
 141
 160
 144
 155
 157
 148
 176
 151
 139
 174
 176
 152
 148
 161
 138
 184
 178
 189
 179
 176
 184
 190
 198
 208
 197
 193
 181
 174
 184
 162
 156
 195
 189
 175
 204
 167
 188
 174
 208
 182
 206
 194
 192
 184
 188
 191
 208
 194
 195
 202
 212
 195
 203
 219
 202
 204
 198
 194
 247
 208
 224
 208
 240
 229
 239
 243
 222
 247
 248
 234
 275
 243
 281
 281
 278
 286
 284
 268
 274
 273
 271
 259
 266
 278
 289
 263
 294
 274
 282
 270
 283
 277
 285
 308
 297
 296
 272
 276
 290
 292
 310
 315
 313
 311
 310
 335
 336
 331
 330
 338
 325
 347
 341
 335
 355
 347
 377
 366
 339
 383
 373
 382
 376
 391
 391
 401
 376
 372
 395
 394
 386
 420
 441
 405
 420
 399
 389
 451
 453
 437
 423
 459
 433
 441
 443
 456
 475
 466
 433
 456
 473
 480
 481
 512
 471
 493
 464
 488
 518
 435
 465
 522
 532
 515
 572
 528
 551
 523
 507
 551
 516
 570
 589
 551
 523
 540
 567
 557
 595
 647
 590
 559
 655
 614
 576
 554
 534
 615
 588
 607
 609
 641
 640
 656
 607
 687
 640
 653
 648
 663
 673
 650
 700
 651
 701
 735
 707
 684
 700
 701
 642
 698
 762
 710
 742
 728
 749
 742
 717
 746
 726
 759
 757
 790
 738
 804
 759
 742
 743
 745
 819
 790
 806
 818
 838
 814
 843
 807
 805
 884
 815
 851
 786
 804
 871
 803
 862
 907
 910
 839
 871
 913
 849
 881
 925
 871
 880
 913
 817
 931
 952
 987
 872
 892
 924
 892
 950
 1003
 932
 912
 974
 938
 1007
 953
 984
 966
 936
 993
 993
 994
 1002
 966
 993
 972
 1006
 973
 977
 987
 1024
 966
 1066
 1054
 1041
 1031
 1061
 1116
 1025
 1053
 1060
 1140
 1112
 1077
 1044
 1117
 1121
 1016
 1178
 1097
 1071
 1079
 1144
 1086
 1169
 1115
 1180
 1078
 1095
 1124
 1094
 1175
 1116
 1177
 1161
 1157
 1158
 1159
 1160
 1167
 1150
 1218
 1217
 1189
 1183
 1183
 1238
 1171
 1168
 1217
 1214
 1245
 1193
 1177
 1246
 1243
 1221
 1230
 1240
 1250
 1218
 1205
 1268
 1308
 1254
 1347
 1228
 1281
 1297
 1273
 1262
 1304
 1273
 1290
 1274
 1309
 1330
 1285
 1337
 1313
 1307
 1322
 1353
 1383
 1354
 1314
 1287
 1342
 1392
 1376
 1378
 1351
 1350
 1353
 1389
 1335
 1389
 1445
 1355
 1372
 1379
 1385
 1488
 1450
 1409
 1462
 1396
 1402
 1470
 1438
 1400
 1429
 1373
 1405
 1417
 1413
 1440
 1440
 1451
 1521
 1396
 1414
 1491
 1544
 1459
 1552
 1416
 1453
 1525
 1460
 1485
 1503
 1486
 1529
 1481
 1581
 1547
 1520
 1562
 1493
 1610
 1537
 1562
 1603
 1499
 1616
 1581
 1539
 1561
 1569
 1596
 1583
 1593
 1627
 1663
 1581
 1538
 1635
 1617
 1642
 1593
 1715
 1587
 1589
 1708
 1632
 1623
 1638
 1701
 1737
 1676
 1583
 1644
 1620
 1668
 1708
 1675
 1699
 1682
 1747
 1687
 1652
 1729
 1715
 1702
 1733
 1691
 1755
 1800
 1789
 1712
 1736
 1809
 1830
 1723
 1792
 1775
 1788
 1793
 1760
 1830
 1814
 1832
 1754
 1882
 1842
 1793
 1864
 1859
 1872
 1878
 1849
 1809
 1895
 1798
 1840
 1880
 1881
 1867
 1809
 1892
 1858
 1897
 1852
 1892
 1980
 1930
 1895
 2018
 2024
 1967
 1992
 1906
 1989
 1953
 1944
 1975
 1886
 1922
 2023
 2024
 2000
 2028
 2051
 2114
 2000
 2039
 2040
 2025
 2033
 2040
 2073
 2014
 2085
 2118
 2069
 2095
 2101
 2134
 1998
 2030
 2115
 2154
 2078
 2189
 2025
 2161
 2130
 2093
 2196
 2242
 2149
 2149
 2232
 2164
 2177
 2176
 2269
 2272
 2185
 2242
 2157
 2172
 2267
 2230
 2185
 2226
 2275
 2225
 2346
 2300
 2203
 2225
 2298
 2272
 2313
 2395
 2277
 2405
 2361
 2286
 2336
 2272
 2315
 2386
 2391
 2332
 2367
 2404
 2354
 2449
 2440
 2421
 2356
 2277
 2509
 2436
 2376
 2573
 2390
 2556
 2532
 2542
 2479
 2365
 2514
 2534
 2596
 2562
 2473
 2468
 2559
 2590
 2582
 2660
 2635
 2607
 2628
 2577
 2579
 2724
 2635
 2677
 2628
 2651
 2680
 2697
 2737
 2719
 2721
 2621
 2689
 2715
 2780
 2700
 2760
 2711
 2760
 2829
 2736
 2748
 2711
 2780
 2762
 2799
 2909
 2800
 2823
 2792
 2846
 2879
 2935
 2876
 2944
 2917
 2966
 2909
 2977
 2965
 2841
 2969
 2892
 3033
 2923
 2922
 2988
 3043
 2980
 2986
 3071
 3106
 3021
 2937
 2906
 3052
 3004
 2971
 3018
 3123
 3067
 3069
 3038
 3139
 3155
 3153
 3104
 3222
 3104
 3216
 3115
 3162
 3164
 3227
 3102
 3223
 3189
 3234
 3237
 3148
 3308
 3192
 3120
 3203
 3240
 3326
 3230
 3267
 3367
 3289
 3285
 3352
 3433
 3384
 3427
 3281
 3377
 3270
 3354
 3296
 3366
 3374
 3464
 3439
 3452
 3399
 3398
 3440
 3400
 3428
 3515
 3466
 3590
 3429
 3540
 3468
 3442
 3487
 3488
 3586
 3441
 3572
 3594
 3662
 3614
 3544
 3541
 3482
 3652
 3613
 3707
 3553
 3708
 3748
 3608
 3685
 3707
 3703
 3578
 3727
 3835
 3669
 3665
 3676
 3606
 3760
 3633
 3716
 3718
 3725
 3799
 3768
 3780
 3778
 3718
 3850
 3741
 3752
 3843
 3801
 3758
 3794
 3764
 3821
 3712
 3843
 3750
 3789
 3784
 3856
 3903
 3759
 3723
 3871
 3724
 3897
 3880
 3868
 3821
 3825
 3936
 3887
 3935
 3989
 3927
 3776
 3832
 3791
 3852
 3806
 3808
 3892
 3934
 4044
 3899
 3831
 3882
 3915
 3887
 3897
 3916
 3924
 3946
 3941
 3831
 3886
 3954
 3987
 3897
 3879
 3946
 4005
 3858
 3965
 3913
 3895
 3944
 3907
 3795
 3961
 3833
 3914
 3870
 3908
 3859
 3760
 3946
 3889
 3888
 3828
 3881
 3882
 3898
 3838
 3827
 3749
 3884
 3867
 3977
 3982
 3926
 3818
 3851
 3773
 3792
 3877
 3843
 3974
 3789
 3862
 3796
 3786
 3850
 3769
 3783
 3946
 3779
 3757
 3784
 3745
 3756
 3763
 3746
 3698
 3773
 3685
 3770
 3673
 3772
 3760
 3743
 3638
 3685
 3789
 3725
 3656
 3642
 3736
 3741
 3585
 3757
 3725
 3703
 3637
 3557
 3676
 3559
 3635
 3566
 3522
 3577
 3614
 3597
 3552
 3645
 3503
 3440
 3525
 3547
 3530
 3566
 3543
 3535
 3389
 3422
 3530
 3503
 3510
 3471
 3373
 3508
 3376
 3365
 3324
 3399
 3401
 3352
 3359
 3383
 3373
 3235
 3253
 3344
 3234
 3244
 3260
 3303
 3154
 3245
 3264
 3229
 3267
 3311
 3236
 3251
 3127
 3230
 3177
 3299
 3146
 3138
 3109
 3166
 3007
 3124
 3015
 3043
 3178
 3115
 3061
 3184
 3086
 2967
 2996
 3026
 3044
 3106
 3000
 2925
 3029
 3021
 2901
 2955
 2931
 2939
 2865
 2915
 2924
 2895
 2848
 2864
 2868
 2924
 2892
 2830
 2724
 2851
 2832
 2771
 2806
 2772
 2850
 2803
 2720
 2724
 2795
 2736
 2705
 2678
 2637
 2700
 2667
 2701
 2675
 2596
 2630
 2671
 2562
 2517
 2528
 2620
 2551
 2564
 2513
 2501
 2631
 2577
 2513
 2563
 2387
 2517
 2371
 2483
 2471
 2495
 2513
 2422
 2453
 2450
 2399
 2445
 2513
 2453
 2507
 2382
 2329
 2385
 2285
 2359
 2300
 2361
 2407
 2315
 2286
 2315
 2262
 2262
 2336
 2314
 2197
 2215
 2309
 2185
 2165
 2217
 2234
 2205
 2190
 2230
 2123
 2209
 2232
 2136
 2179
 2084
 2141
 2102
 2115
 2135
 2061
 2000
 2057
 2093
 2144
 2056
 2116
 2080
 1970
 1989
 1953
 2056
 1987
 1995
 1957
 2027
 2007
 1931
 2000
 2012
 1950
 1875
 1915
 1880
 1952
 1934
 1946
 1816
 1895
 1796
 1892
 1919
 1777
 1916
 1800
 1824
 1871
 1884
 1823
 1863
 1828
 1836
 1813
 1839
 1875
 1853
 1844
 1869
 1844
 1829
 1815
 1706
 1914
 1776
 1760
 1814
 1831
 1763
 1762
 1820
 1745
 1823
 1793
 1794
 1766
 1793
 1741
 1789
 1846
 1748
 1849
 1757
 1771
 1904
 1812
 1916
 1853
 1875
 1890
 1971
 1904
 2049
 2016
 2041
 2004
 2016
 2101
 2132
 2205
 2160
 2218
 2291
 2455
 2485
 2426
 2587
 2577
 2626
 2582
 2613
 2763
 2853
 2798
 2779
 2815
 2798
 2867
 2793
 2817
 2694
 2741
 2840
 2680
 2635
 2758
 2926
 2883
 3035
 3190
 3434
 3607
 3999
 4206
 4470
 4671
 4849
 4851
 4869
 4806
 4570
 4387
 4025
 3793
 3363
 3159
 2793
 2518
 2278
 2018
 1866
 1769
 1646
 1564
 1420
 1384
 1344
 1446
 1278
 1351
 1261
 1253
 1240
 1248
 1250
 1184
 1171
 1242
 1256
 1233
 1217
 1188
 1194
 1158
 1163
 1197
 1177
 1170
 1132
 1192
 1218
 1230
 1090
 1140
 1163
 1193
 1161
 1109
 1044
 1110
 1145
 1151
 1090
 1108
 1083
 1157
 1091
 1114
 1112
 1032
 1056
 1118
 1117
 1112
 1099
 1087
 1048
 989
 1061
 1007
 1012
 1073
 1015
 1031
 1048
 1003
 1052
 1020
 1038
 1076
 1025
 999
 1032
 1090
 1031
 995
 1014
 1022
 1049
 971
 979
 985
 961
 986
 1007
 994
 956
 963
 935
 955
 941
 916
 936
 957
 931
 903
 920
 935
 954
 939
 874
 858
 916
 931
 893
 883
 901
 903
 910
 920
 865
 905
 894
 896
 917
 908
 844
 907
 868
 865
 877
 900
 876
 859
 851
 857
 782
 905
 888
 874
 853
 871
 874
 871
 862
 870
 872
 862
 830
 829
 864
 857
 788
 841
 780
 774
 866
 774
 812
 875
 820
 807
 807
 832
 805
 757
 791
 837
 808
 783
 860
 779
 767
 716
 792
 822
 805
 786
 772
 803
 759
 802
 832
 756
 775
 755
 771
 791
 753
 761
 741
 785
 766
 754
 777
 774
 729
 756
 726
 767
 740
 729
 751
 745
 749
 716
 720
 703
 653
 710
 751
 716
 729
 725
 732
 754
 737
 730
 710
 738
 678
 714
 725
 712
 672
 717
 719
 652
 716
 680
 636
 675
 667
 688
 680
 666
 668
 649
 705
 634
 628
 644
 687
 689
 645
 622
 678
 697
 657
 669
 603
 719
 608
 614
 641
 694
 612
 635
 640
 648
 647
 671
 637
 606
 659
 578
 628
 634
 604
 640
 683
 634
 618
 584
 598
 623
 606
 617
 619
 647
 647
 599
 591
 616
 616
 609
 609
 553
 658
 575
 583
 576
 609
 612
 628
 591
 591
 635
 609
 613
 558
 609
 551
 570
 602
 577
 549
 588
 535
 569
 556
 567
 583
 591
 584
 552
 577
 540
 559
 614
 594
 575
 552
 593
 573
 523
 556
 561
 543
 526
 530
 577
 597
 548
 591
 560
 595
 589
 569
 520
 537
 552
 561
 528
 564
 523
 543
 522
 564
 562
 562
 556
 535
 513
 480
 552
 490
 558
 551
 517
 554
 540
 522
 560
 512
 521
 525
 504
 538
 544
 485
 529
 531
 553
 516
 494
 509
 528
 501
 525
 482
 509
 503
 520
 488
 513
 523
 509
 549
 523
 535
 453
 512
 491
 506
 495
 503
 485
 486
 476
 510
 537
 492
 520
 499
 534
 516
 509
 495
 520
 498
 492
 455
 477
 470
 498
 511
 481
 496
 468
 475
 512
 488
 484
 462
 510
 463
 482
 480
 458
 455
 519
 476
 482
 466
 504
 483
 453
 484
 449
 453
 472
 489
 468
 477
 473
 441
 456
 450
 460
 453
 445
 460
 478
 495
 450
 484
 420
 445
 424
 430
 437
 445
 404
 450
 451
 426
 434
 450
 473
 440
 459
 443
 442
 429
 428
 481
 445
 400
 437
 443
 440
 472
 432
 440
 369
 421
 424
 433
 447
 422
 411
 449
 448
 409
 394
 428
 423
 416
 395
 407
 426
 380
 423
 347
 403
 403
 398
 351
 345
 340
 342
 338
 331
 318
 302
 316
 337
 326
 301
 291
 335
 309
 271
 300
 296
 278
 319
 274
 289
 326
 332
 276
 260
 303
 309
 267
 318
 290
 291
 253
 265
 292
 281
 262
 297
 314
 286
 265
 288
 295
 275
 297
 263
 270
 272
 282
 258
 276
 286
 274
 258
 294
 272
 297
 255
 273
 271
 264
 255
 294
 251
 274
 259
 260
 259
 287
 273
 269
 278
 272
 259
 262
 282
 270
 270
 266
 296
 259
 279
 287
 236
 253
 261
 258
 263
 280
 261
 261
 235
 246
 249
 271
 252
 245
 254
 279
 265
 250
 265
 280
 280
 275
 242
 303
 285
 275
 278
 270
 297
 258
 304
 288
 292
 300
 261
 291
 269
 281
 271
 245
 268
 265
 253
 284
 253
 227
 251
 226
 216
 246
 227
 243
 226
 234
 239
 260
 264
 217
 242
 232
 225
 208
 234
 212
 204
 186
 240
 232
 208
 244
 239
 246
 221
 202
 213
 206
 232
 205
 206
 207
 223
 236
 223
 257
 221
 206
 237
 219
 209
 234
 247
 210
 223
 228
 249
 216
 202
 226
 198
 232
 217
 223
 232
 208
 213
 212
 185
 209
 206
 184
 207
 182
 194
 216
 197
 221
 188
 209
 186
 200
 221
 241
 210
 209
 204
 228
 209
 199
 196
 200
 195
 189
 202
 190
 226
 176
 207
 218
 188
 218
 230
 182
 190
 195
 199
 194
 201
 191
 186
 193
 207
 210
 206
 169
 179
 188
 186
 180
 182
 178
 172
 184
 182
 205
 193
 199
 192
 195
 175
 186
 212
 178
 177
 206
 185
 185
 180
 203
 197
 175
 178
 173
 175
 196
 187
 177
 200
 186
 193
 180
 179
 180
 178
 180
 178
 176
 170
 196
 186
 186
 156
 203
 186
 173
 168
 166
 171
 200
 185
 170
 167
 149
 160
 169
 189
 166
 198
 173
 184
 154
 185
 170
 186
 178
 168
 174
 166
 168
 173
 149
 158
 171
 182
 152
 152
 179
 157
 152
 165
 161
 168
 192
 187
 193
 165
 162
 174
 172
 179
 173
 161
 149
 173
 150
 166
 163
 169
 158
 186
 184
 165
 175
 171
 150
 185
 149
 150
 193
 178
 158
 166
 149
 156
 170
 151
 149
 150
 166
 142
 153
 194
 181
 162
 149
 175
 151
 154
 148
 154
 176
 175
 133
 152
 165
 176
 160
 169
 185
 187
 153
 189
 179
 165
 196
 199
 205
 200
 223
 250
 256
 212
 240
 236
 258
 253
 247
 288
 212
 254
 253
 228
 210
 237
 204
 195
 202
 170
 191
 173
 148
 162
 152
 159
 156
 157
 163
 167
 157
 152
 141
 159
 152
 141
 158
 152
 159
 171
 147
 163
 137
 162
 170
 188
 172
 165
 181
 174
 137
 157
 157
 127
 168
 153
 151
 163
 161
 162
 167
 165
 180
 190
 186
 173
 215
 217
 228
 236
 268
 289
 339
 304
 379
 406
 415
 448
 482
 562
 551
 554
 567
 583
 566
 559
 576
 542
 523
 496
 486
 447
 420
 366
 375
 320
 270
 273
 247
 219
 229
 235
 181
 208
 202
 181
 172
 145
 139
 141
 155
 162
 138
 147
 157
 155
 143
 158
 147
 153
 169
 156
 163
 143
 156
 152
 147
 146
 159
 151
 149
 147
 150
 144
 179
 137
 163
 159
 174
 192
 192
 154
 161
 163
 164
 145
 160
 165
 166
 160
 162
 153
 156
 143
 129
 147
 134
 146
 141
 130
 145
 156
 140
 151
 126
 137
 140
 141
 120
 138
 141
 126
 145
 134
 140
 146
 149
 121
 158
 142
 135
 150
 128
 167
 141
 146
 144
 133
 137
 119
 131
 132
 127
 131
 137
 132
 140
 125
 128
 124
 141
 153
 155
 133
 141
 132
 126
 142
 125
 122
 128
 130
 141
 136
 132
 121
 118
 107
 117
 117
 125
 121
 140
 124
 121
 132
 133
 132
 134
 138
 129
 123
 111
 126
 122
 124
 128
 108
 146
 127
 109
 114
 119
 113
 121
 133
 115
 114
 120
 130
 129
 139
 119
 132
 97
 112
 100
 119
 139
 106
 109
 119
 123
 140
 124
 141
 124
 110
 130
 100
 104
 98
 105
 122
 99
 99
 112
 105
 129
 99
 132
 123
 111
 109
 94
 98
 93
 107
 118
 126
 115
 126
 101
 116
 123
 108
 96
 125
 130
 114
 103
 113
 111
 98
 108
 94
 131
 102
 106
 115
 113
 105
 103
 96
 105
 92
 101
 116
 113
 119
 122
 115
 116
 97
 104
 103
 95
 99
 99
 99
 109
 114
 105
 92
 112
 113
 110
 106
 81
 98
 96
 97
 105
 91
 103
 96
 96
 106
 102
 93
 96
 90
 96
 90
 104
 97
 97
 98
 93
 106
 111
 97
 106
 92
 95
 91
 95
 117
 93
 93
 104
 109
 100
 95
 107
 107
 95
 110
 97
 89
 101
 110
 88
 80
 74
 97
 104
 91
 92
 102
 88
 99
 105
 88
 86
 96
 102
 81
 81
 83
 87
 87
 69
 80
 111
 71
 83
 103
 81
 75
 91
 95
 86
 75
 89
 99
 90
 83
 74
 85
 93
 91
 84
 81
 100
 83
 103
 86
 77
 85
 94
 87
 93
 89
 111
 98
 75
 82
 86
 85
 92
 85
 104
 90
 97
 95
 93
 81
 91
 92
 82
 88
 82
 72
 90
 91
 102
 95
 81
 63
 74
 70
 78
 78
 82
 75
 71
 83
 79
 79
 82
 78
 79
 81
 79
 85
 79
 93
 84
 90
 93
 77
 93
 78
 81
 76
 70
 79
 76
 86
 82
 75
 69
 75
 84
 97
 81
 100
 92
 95
 89
 97
 97
 99
 99
 111
 122
 100
 96
 99
 109
 97
 78
 92
 97
 87
 83
 66
 70
 70
 79
 80
 68
 91
 85
 86
 81
 74
 76
 72
 62
 75
 64
 71
 75
 51
 63
 67
 88
 71
 74
 73
 66
 78
 59
 78
 62
 62
 72
 65
 77
 79
 73
 88
 69
 62
 69
 58
 68
 66
 77
 67
 59
 69
 64
 55
 69
 71
 66
 84
 69
 82
 65
 77
 78
 59
 71
 63
 68
 64
 62
 68
 64
 66
 60
 60
 76
 65
 77
 61
 55
 87
 66
 53
 78
 72
 63
 57
 58
 53
 82
 65
 57
 58
 70
 52
 66
 60
 61
 59
 60
 77
 61
 60
 62
 71
 60
 62
 54
 67
 52
 57
 50
 62
 48
 53
 52
 60
 47
 53
 52
 69
 66
 60
 63
 51
 51
 53
 55
 44
 53
 54
 63
 51
 59
 66
 43
 45
 55
 59
 52
 56
 53
 60
 58
 54
 57
 67
 47
 51
 44
 55
 52
 57
 62
 55
 49
 62
 52
 62
 63
 50
 52
 55
 56
 57
 60
 51
 54
 59
 48
 52
 59
 67
 55
 63
 61
 68
 58
 48
 64
 56
 58
 55
 52
 40
 52
 52
 57
 53
 39
 49
 57
 52
 49
 50
 57
 63
 66
 46
 48
 48
 48
 50
 48
 47
 57
 55
 40
 48
 50
 49
 68
 55
 48
 47
 63
 54
 53
 48
 44
 47
 47
 59
 63
 52
 65
 61
 64
 66
 51
 56
 54
 44
 45
 57
 50
 53
 47
 50
 49
 51
 40
 61
 53
 46
 41
 57
 60
 55
 46
 53
 61
 54
 47
 44
 54
 44
 52
 66
 36
 41
 52
 45
 38
 48
 45
 39
 44
 39
 64
 56
 59
 40
 41
 50
 48
 65
 59
 57
 51
 48
 55
 63
 54
 58
 51
 60
 52
 54
 60
 47
 66
 46
 48
 35
 52
 45
 51
 53
 55
 51
 33
 44
 53
 56
 47
 43
 35
 35
 52
 36
 29
 40
 47
 36
 42
 42
 37
 45
 46
 43
 39
 39
 42
 35
 39
 41
 31
 49
 35
 28
 31
 33
 44
 32
 39
 36
 30
 36
 48
 42
 46
 46
 46
 48
 46
 53
 39
 42
 39
 41
 33
 35
 41
 42
 58
 36
 36
 45
 45
 53
 37
 42
 38
 26
 34
 39
 33
 29
 53
 34
 33
 34
 44
 36
 35
 41
 39
 38
 40
 38
 43
 47
 38
 28
 38
 35
 36
 37
 28
 35
 32
 32
 36
 32
 44
 23
 40
 48
 30
 43
 30
 37
 46
 46
 31
 36
 36
 42
 43
 30
 43
 38
 28
 30
 42
 36
 32
 42
 34
 31
 22
 45
 30
 44
 36
 31
 28
 22
 44
 30
 35
 38
 42
 44
 26
 36
 37
 29
 37
 34
 32
 30
 40
 42
 27
 37
 42
 27
 41
 30
 35
 41
 30
 28
 38
 37
 37
 34
 34
 29
 30
 29
 34
 32
 43
 29
 33
 26
 28
 20
 30
 33
 31
 32
 31
 35
 31
 30
 23
 31
 30
 29
 37
 31
 41
 19
 37
 26
 35
 28
 46
 32
 44
 30
 36
 25
 24
 36
 41
 41
 28
 33
 37
 33
 38
 36
 32
 26
 36
 24
 27
 29
 32
 35
 35
 26
 42
 34
 34
 33
 34
 29
 33
 30
 29
 18
 30
 28
 30
 36
 27
 34
 34
 24
 21
 25
 37
 21
 36
 26
 30
 27
 25
 35
 29
 40
 34
 36
 28
 27
 34
 35
 23
 38
 30
 29
 29
 28
 26
 24
 26
 28
 19
 32
 29
 33
 32
 28
 25
 29
 25
 29
 24
 24
 27
 33
 30
 34
 26
 30
 22
 31
 27
 23
 25
 30
 30
 26
 19
 37
 25
 30
 22
 27
 23
 24
 30
 27
 30
 28
 31
 30
 25
 32
 26
 26
 26
 24
 25
 38
 30
 29
 24
 30
 31
 29
 29
 28
 27
 19
 24
 27
 26
 31
 21
 27
 35
 18
 23
 16
 17
 23
 33
 23
 27
 24
 30
 30
 24
 15
 25
 19
 22
 20
 24
 29
 10
 24
 31
 26
 18
 26
 23
 29
 25
 27
 22
 24
 26
 23
 25
 31
 29
 23
 28
 26
 30
 41
 32
 33
 26
 31
 30
 36
 25
 40
 37
 30
 42
 44
 39
 38
 28
 36
 38
 29
 42
 38
 48
 37
 33
 34
 40
 35
 32
 41
 42
 40
 27
 36
 31
 26
 31
 40
 26
 19
 24
 21
 25
 28
 24
 35
 20
 24
 15
 22
 25
 16
 24
 30
 16
 15
 24
 25
 17
 15
 23
 22
 23
 22
 26
 28
 23
 19
 13
 13
 21
 21
 22
 20
 19
 18
 22
 24
 28
 22
 31
 28
 25
 21
 28
 23
 26
 23
 19
 21
 28
 23
 24
 19
 20
 17
 28
 19
 24
 20
 25
 20
 17
 18
 26
 22
 22
 31
 14
 20
 14
 29
 22
 20
 18
 21
 32
 19
 21
 12
 16
 16
 24
 25
 24
 22
 13
 16
 25
 16
 14
 12
 19
 16
 19
 22
 24
 21
 15
 16
 17
 23
 18
 20
 22
 15
 16
 25
 17
 24
 26
 22
 25
 22
 17
 18
 22
 17
 23
 20
 22
 16
 23
 13
 20
 24
 21
 9
 14
 22
 13
 24
 23
 16
 20
 19
 22
 18
 15
 24
 14
 20
 17
 21
 11
 20
 20
 19
 15
 27
 13
 23
 15
 16
 18
 13
 18
 16
 20
 18
 21
 22
 16
 9
 18
 21
 18
 12
 18
 12
 19
 17
 19
 30
 15
 18
 14
 15
 15
 17
 19
 24
 16
 20
 14
 27
 12
 15
 18
 17
 16
 13
 17
