VERSION:    3.1
ELEMENTS:              1
DATE:       MAR 10, 2010 21:18:14.400
CHANNELS:           4000
ROIS:        0
REAL_TIME:   825.9299927
LIVE_TIME:   800.3499756
CAL_OFFSET:  8.8112198e-002
CAL_SLOPE:   3.1493530e-002
CAL_QUAD:    0.0000000e+000
TWO_THETA:   9.9946346
DATA: 
 0
 0
 0
 0
 0
 0
 0
 0
 0
 0
 0
 0
 0
 0
 0
 0
 0
 0
 0
 0
 0
 0
 0
 0
 0
 0
 0
 0
 0
 0
 0
 0
 0
 0
 0
 0
 0
 0
 0
 0
 0
 0
 0
 0
 0
 0
 0
 0
 0
 0
 0
 0
 0
 0
 0
 0
 0
 0
 0
 0
 0
 0
 0
 0
 0
 0
 0
 0
 0
 0
 0
 17
 35
 24
 47
 40
 34
 27
 35
 23
 44
 23
 38
 41
 32
 31
 39
 26
 31
 29
 27
 32
 36
 47
 38
 40
 36
 37
 32
 31
 36
 39
 39
 49
 38
 42
 41
 49
 42
 37
 44
 36
 34
 41
 36
 31
 44
 48
 39
 45
 51
 38
 38
 43
 43
 39
 43
 39
 54
 57
 47
 53
 57
 40
 43
 46
 62
 42
 47
 44
 37
 55
 59
 59
 51
 55
 44
 61
 53
 40
 48
 49
 54
 49
 53
 43
 57
 54
 50
 49
 39
 57
 54
 58
 51
 57
 57
 51
 59
 65
 61
 58
 53
 53
 43
 70
 68
 68
 76
 78
 83
 71
 75
 70
 67
 58
 74
 68
 79
 70
 62
 69
 55
 84
 77
 63
 61
 57
 65
 59
 64
 73
 83
 81
 46
 55
 92
 62
 50
 81
 70
 67
 69
 70
 61
 69
 82
 59
 63
 78
 76
 73
 64
 75
 65
 68
 79
 81
 92
 95
 95
 84
 77
 90
 89
 95
 94
 114
 99
 91
 110
 103
 81
 83
 88
 96
 106
 90
 88
 81
 96
 82
 96
 96
 81
 86
 91
 86
 104
 108
 99
 94
 80
 105
 98
 101
 77
 85
 72
 102
 76
 89
 89
 95
 94
 84
 94
 85
 87
 100
 92
 116
 87
 114
 104
 98
 123
 96
 102
 116
 96
 99
 99
 127
 107
 116
 94
 119
 103
 102
 125
 116
 115
 123
 105
 135
 86
 117
 99
 96
 93
 117
 106
 109
 112
 111
 117
 131
 101
 99
 117
 102
 85
 111
 98
 86
 145
 117
 106
 110
 119
 103
 93
 104
 124
 107
 119
 100
 103
 105
 101
 125
 119
 107
 123
 101
 125
 123
 110
 92
 104
 105
 110
 122
 108
 135
 147
 117
 118
 118
 113
 123
 121
 103
 93
 116
 131
 125
 105
 115
 110
 138
 99
 115
 111
 93
 110
 133
 114
 126
 99
 115
 109
 120
 116
 109
 118
 99
 125
 100
 133
 136
 126
 119
 118
 139
 100
 106
 107
 124
 127
 114
 115
 149
 136
 132
 114
 127
 142
 112
 142
 120
 131
 136
 146
 128
 149
 123
 148
 158
 137
 150
 159
 138
 133
 145
 131
 162
 165
 163
 159
 162
 170
 179
 164
 157
 172
 149
 154
 170
 184
 179
 182
 148
 180
 170
 196
 199
 189
 165
 209
 174
 152
 206
 199
 185
 185
 168
 201
 216
 205
 210
 233
 208
 263
 241
 202
 263
 221
 229
 247
 242
 269
 246
 249
 255
 251
 284
 255
 282
 303
 264
 256
 273
 272
 272
 278
 312
 299
 312
 299
 330
 353
 328
 367
 442
 357
 395
 410
 440
 386
 415
 368
 372
 380
 333
 381
 336
 360
 380
 348
 381
 398
 379
 371
 413
 352
 385
 397
 377
 388
 403
 410
 434
 432
 422
 422
 407
 455
 398
 485
 475
 492
 453
 453
 461
 465
 476
 489
 454
 485
 491
 493
 492
 529
 572
 566
 583
 600
 601
 629
 617
 615
 623
 628
 572
 658
 567
 626
 612
 596
 606
 562
 581
 603
 580
 590
 620
 623
 599
 577
 647
 622
 613
 664
 599
 573
 654
 709
 644
 634
 689
 648
 688
 692
 674
 673
 697
 697
 692
 691
 682
 693
 735
 712
 699
 719
 717
 789
 783
 778
 735
 774
 726
 794
 807
 778
 739
 799
 785
 803
 782
 742
 809
 775
 848
 865
 886
 899
 887
 907
 888
 906
 902
 886
 840
 839
 872
 912
 895
 877
 902
 906
 833
 862
 923
 833
 929
 884
 911
 903
 924
 936
 976
 979
 920
 995
 993
 997
 912
 948
 944
 937
 935
 932
 944
 938
 910
 966
 997
 963
 957
 999
 975
 959
 970
 973
 973
 1011
 1008
 1008
 936
 1009
 992
 1038
 985
 1030
 1000
 951
 998
 1007
 1001
 1055
 1020
 1073
 1031
 1028
 1008
 999
 1041
 1065
 1021
 1026
 1009
 1053
 1033
 1016
 1012
 1019
 1057
 1019
 1033
 1095
 1046
 1066
 1109
 1048
 1054
 1033
 1071
 1072
 1080
 1017
 1047
 1067
 1113
 1070
 1097
 1102
 1135
 1132
 1049
 1117
 1041
 1066
 1079
 1093
 1086
 1183
 1136
 1176
 1095
 1185
 1135
 1158
 1178
 1199
 1110
 1195
 1163
 1156
 1191
 1134
 1237
 1215
 1261
 1205
 1190
 1263
 1186
 1219
 1208
 1143
 1238
 1250
 1260
 1203
 1246
 1252
 1208
 1281
 1322
 1192
 1299
 1328
 1320
 1335
 1315
 1334
 1237
 1299
 1335
 1326
 1260
 1335
 1347
 1331
 1320
 1335
 1368
 1380
 1383
 1375
 1373
 1329
 1404
 1380
 1365
 1305
 1420
 1354
 1340
 1382
 1356
 1423
 1338
 1427
 1446
 1448
 1434
 1454
 1347
 1375
 1436
 1424
 1461
 1473
 1447
 1448
 1427
 1361
 1442
 1452
 1472
 1497
 1467
 1462
 1497
 1428
 1491
 1460
 1427
 1473
 1452
 1525
 1418
 1486
 1483
 1451
 1473
 1519
 1480
 1454
 1486
 1485
 1478
 1493
 1488
 1494
 1471
 1531
 1531
 1510
 1448
 1518
 1520
 1478
 1523
 1469
 1417
 1506
 1555
 1570
 1504
 1457
 1473
 1496
 1456
 1515
 1443
 1505
 1542
 1489
 1485
 1558
 1565
 1523
 1472
 1491
 1501
 1411
 1436
 1508
 1570
 1621
 1516
 1618
 1521
 1532
 1505
 1520
 1548
 1531
 1511
 1577
 1583
 1506
 1575
 1500
 1553
 1526
 1579
 1508
 1551
 1538
 1532
 1551
 1520
 1572
 1591
 1526
 1548
 1655
 1541
 1571
 1534
 1529
 1550
 1515
 1536
 1513
 1562
 1489
 1587
 1590
 1567
 1567
 1582
 1550
 1569
 1547
 1643
 1558
 1628
 1568
 1619
 1612
 1617
 1575
 1618
 1530
 1543
 1647
 1477
 1511
 1581
 1532
 1617
 1634
 1576
 1519
 1598
 1586
 1637
 1586
 1581
 1617
 1651
 1602
 1580
 1500
 1588
 1588
 1655
 1625
 1583
 1676
 1604
 1541
 1595
 1499
 1598
 1613
 1654
 1593
 1556
 1630
 1585
 1638
 1576
 1634
 1605
 1674
 1611
 1635
 1676
 1665
 1593
 1629
 1618
 1648
 1670
 1682
 1599
 1642
 1605
 1611
 1604
 1648
 1579
 1643
 1596
 1709
 1716
 1605
 1661
 1679
 1618
 1647
 1651
 1688
 1646
 1648
 1613
 1645
 1660
 1570
 1668
 1688
 1652
 1688
 1676
 1701
 1693
 1629
 1704
 1736
 1678
 1716
 1735
 1782
 1700
 1745
 1664
 1693
 1747
 1707
 1783
 1759
 1658
 1734
 1738
 1705
 1735
 1745
 1738
 1697
 1737
 1744
 1733
 1743
 1803
 1748
 1748
 1754
 1749
 1720
 1756
 1801
 1776
 1695
 1774
 1789
 1764
 1778
 1814
 1819
 1735
 1811
 1738
 1702
 1774
 1699
 1780
 1891
 1772
 1785
 1788
 1833
 1773
 1769
 1792
 1785
 1850
 1836
 1840
 1798
 1854
 1738
 1848
 1824
 1766
 1868
 1798
 1782
 1838
 1796
 1776
 1808
 1789
 1825
 1750
 1874
 1734
 1762
 1786
 1837
 1779
 1800
 1822
 1749
 1736
 1791
 1921
 1790
 1765
 1814
 1781
 1778
 1846
 1805
 1883
 1724
 1800
 1890
 1816
 1781
 1836
 1723
 1810
 1859
 1828
 1817
 1845
 1800
 1833
 1918
 1764
 1792
 1801
 1806
 1788
 1915
 1756
 1812
 1923
 1771
 1838
 1739
 1817
 1792
 1860
 1740
 1814
 1666
 1780
 1766
 1764
 1785
 1744
 1782
 1840
 1772
 1749
 1770
 1786
 1782
 1739
 1687
 1735
 1822
 1771
 1728
 1751
 1694
 1832
 1680
 1659
 1824
 1815
 1718
 1720
 1780
 1812
 1786
 1700
 1814
 1804
 1686
 1762
 1649
 1741
 1704
 1642
 1621
 1674
 1748
 1735
 1707
 1681
 1750
 1711
 1699
 1726
 1699
 1738
 1679
 1771
 1699
 1681
 1699
 1659
 1695
 1680
 1704
 1670
 1765
 1653
 1755
 1692
 1654
 1693
 1625
 1655
 1650
 1696
 1745
 1726
 1613
 1642
 1677
 1722
 1662
 1569
 1632
 1606
 1653
 1640
 1693
 1686
 1671
 1656
 1582
 1698
 1632
 1689
 1585
 1699
 1664
 1631
 1704
 1694
 1681
 1628
 1622
 1645
 1621
 1629
 1602
 1599
 1648
 1754
 1684
 1618
 1621
 1628
 1649
 1601
 1620
 1652
 1659
 1606
 1616
 1646
 1590
 1652
 1689
 1596
 1592
 1570
 1655
 1618
 1647
 1651
 1560
 1646
 1595
 1638
 1611
 1643
 1674
 1605
 1588
 1613
 1663
 1725
 1612
 1674
 1646
 1591
 1625
 1619
 1582
 1588
 1587
 1644
 1598
 1615
 1705
 1543
 1516
 1587
 1610
 1582
 1589
 1560
 1657
 1639
 1574
 1579
 1656
 1679
 1591
 1587
 1465
 1566
 1599
 1594
 1538
 1568
 1582
 1578
 1554
 1474
 1508
 1497
 1573
 1535
 1555
 1525
 1580
 1537
 1573
 1557
 1474
 1500
 1546
 1481
 1451
 1437
 1503
 1510
 1464
 1459
 1443
 1408
 1473
 1547
 1469
 1403
 1448
 1439
 1462
 1392
 1434
 1363
 1425
 1396
 1384
 1380
 1314
 1301
 1308
 1361
 1332
 1320
 1353
 1280
 1304
 1337
 1265
 1285
 1266
 1351
 1279
 1302
 1270
 1226
 1194
 1166
 1224
 1248
 1186
 1201
 1244
 1220
 1132
 1099
 1122
 1151
 1141
 1137
 1159
 1091
 1167
 1042
 1094
 1102
 1117
 1095
 1050
 1076
 1036
 1094
 1065
 1010
 999
 1046
 1021
 1027
 1011
 1025
 996
 966
 1005
 1021
 1041
 937
 920
 948
 1001
 948
 936
 985
 916
 909
 889
 926
 939
 915
 867
 854
 894
 871
 859
 871
 852
 818
 826
 899
 825
 885
 828
 795
 825
 832
 836
 838
 763
 842
 779
 795
 822
 840
 794
 769
 730
 802
 801
 736
 749
 722
 755
 772
 798
 750
 748
 753
 831
 730
 752
 721
 754
 706
 763
 737
 736
 759
 718
 737
 732
 746
 725
 684
 692
 794
 702
 707
 712
 713
 685
 726
 717
 721
 707
 734
 677
 685
 699
 724
 698
 740
 700
 703
 732
 708
 739
 663
 722
 684
 666
 668
 730
 692
 702
 681
 669
 706
 707
 685
 661
 641
 676
 632
 675
 689
 674
 680
 706
 691
 671
 682
 649
 670
 622
 703
 638
 595
 635
 706
 649
 634
 656
 694
 616
 631
 672
 631
 620
 643
 660
 629
 640
 681
 625
 630
 661
 624
 637
 623
 658
 649
 632
 657
 651
 574
 658
 624
 642
 648
 604
 601
 633
 654
 635
 628
 640
 614
 658
 620
 607
 635
 625
 664
 610
 640
 629
 638
 659
 641
 621
 593
 596
 598
 585
 664
 635
 655
 590
 582
 628
 630
 621
 640
 592
 610
 598
 611
 589
 560
 662
 590
 627
 619
 644
 669
 660
 549
 608
 631
 588
 584
 599
 618
 559
 601
 620
 594
 596
 609
 611
 587
 588
 591
 641
 598
 625
 577
 558
 588
 590
 602
 552
 579
 613
 554
 629
 576
 572
 586
 586
 647
 596
 516
 539
 593
 555
 604
 574
 566
 575
 625
 601
 580
 523
 556
 539
 540
 536
 542
 543
 542
 557
 510
 560
 565
 512
 520
 548
 579
 484
 533
 553
 557
 545
 534
 545
 566
 558
 585
 547
 550
 551
 540
 534
 523
 542
 511
 554
 532
 510
 523
 521
 555
 532
 538
 521
 500
 518
 527
 537
 496
 473
 540
 484
 505
 518
 509
 490
 504
 473
 503
 499
 529
 517
 457
 520
 444
 505
 488
 486
 528
 488
 472
 467
 445
 485
 510
 453
 509
 470
 474
 481
 495
 417
 494
 450
 461
 466
 447
 469
 465
 470
 455
 457
 442
 509
 489
 484
 474
 465
 423
 452
 452
 469
 428
 447
 423
 458
 433
 435
 438
 482
 434
 425
 483
 430
 436
 413
 435
 477
 455
 407
 445
 437
 451
 420
 466
 450
 445
 408
 422
 442
 418
 408
 391
 411
 408
 421
 442
 404
 396
 418
 457
 394
 396
 387
 383
 404
 380
 397
 393
 391
 402
 400
 408
 437
 442
 404
 385
 396
 409
 394
 380
 385
 379
 361
 387
 402
 389
 428
 369
 419
 429
 403
 388
 385
 382
 374
 409
 383
 374
 367
 395
 352
 341
 346
 397
 368
 376
 372
 398
 364
 412
 388
 384
 362
 327
 386
 365
 358
 390
 390
 358
 385
 379
 372
 355
 347
 354
 356
 366
 350
 350
 390
 348
 342
 371
 337
 373
 351
 423
 339
 352
 368
 345
 328
 354
 347
 349
 385
 347
 387
 376
 355
 312
 307
 316
 331
 367
 377
 316
 346
 335
 292
 352
 362
 321
 343
 322
 334
 363
 315
 308
 329
 322
 320
 329
 325
 356
 341
 345
 315
 315
 335
 344
 354
 324
 323
 321
 351
 312
 341
 362
 332
 344
 353
 324
 259
 329
 347
 296
 330
 307
 351
 326
 352
 319
 315
 301
 332
 350
 327
 378
 319
 371
 305
 321
 294
 348
 330
 311
 315
 362
 337
 366
 308
 327
 325
 343
 329
 346
 342
 314
 309
 308
 329
 314
 357
 323
 342
 321
 323
 289
 308
 337
 331
 324
 308
 313
 313
 309
 317
 319
 313
 304
 335
 331
 360
 339
 330
 345
 316
 324
 317
 339
 306
 308
 316
 313
 351
 313
 333
 310
 296
 324
 294
 323
 345
 319
 376
 315
 310
 291
 311
 354
 318
 334
 299
 321
 299
 323
 320
 355
 319
 330
 353
 349
 309
 309
 318
 307
 327
 308
 306
 354
 280
 337
 349
 320
 299
 314
 283
 310
 321
 289
 305
 314
 271
 296
 273
 311
 322
 291
 308
 321
 329
 307
 305
 312
 328
 302
 289
 322
 309
 326
 324
 292
 309
 295
 300
 289
 331
 306
 289
 336
 299
 289
 313
 301
 330
 312
 321
 319
 303
 303
 292
 284
 289
 306
 288
 292
 280
 285
 282
 275
 326
 303
 285
 310
 332
 279
 292
 321
 307
 274
 317
 296
 322
 318
 285
 291
 300
 289
 290
 285
 264
 279
 312
 276
 296
 303
 288
 284
 296
 291
 242
 277
 324
 279
 286
 285
 286
 260
 286
 283
 279
 304
 288
 259
 278
 279
 269
 305
 284
 280
 301
 262
 278
 276
 268
 268
 296
 274
 246
 276
 247
 249
 270
 259
 221
 262
 267
 258
 259
 255
 285
 243
 263
 282
 251
 265
 263
 288
 236
 283
 297
 274
 258
 278
 255
 252
 285
 241
 242
 235
 228
 253
 265
 232
 204
 220
 213
 177
 203
 206
 197
 205
 166
 172
 175
 183
 172
 198
 168
 186
 160
 174
 157
 157
 183
 157
 162
 182
 145
 153
 168
 174
 162
 180
 153
 152
 177
 161
 169
 167
 169
 163
 148
 134
 148
 159
 154
 164
 167
 158
 167
 164
 157
 154
 180
 162
 153
 179
 164
 176
 150
 189
 151
 155
 161
 166
 134
 152
 160
 136
 156
 148
 150
 155
 166
 164
 134
 156
 137
 135
 159
 139
 113
 148
 153
 153
 170
 157
 128
 161
 179
 128
 173
 140
 139
 150
 166
 125
 153
 142
 121
 156
 138
 127
 152
 122
 168
 144
 168
 142
 163
 151
 133
 129
 156
 144
 159
 150
 142
 131
 135
 135
 135
 148
 169
 145
 143
 137
 140
 126
 144
 140
 148
 117
 143
 131
 133
 128
 141
 138
 145
 141
 123
 143
 121
 114
 118
 140
 113
 134
 145
 133
 130
 118
 124
 115
 119
 130
 129
 127
 123
 141
 127
 136
 146
 110
 121
 131
 144
 131
 120
 122
 120
 128
 115
 105
 115
 117
 128
 118
 110
 136
 146
 120
 117
 132
 119
 101
 134
 127
 121
 127
 112
 122
 118
 117
 121
 120
 108
 107
 120
 101
 113
 106
 108
 101
 96
 100
 109
 123
 116
 121
 111
 112
 126
 100
 102
 111
 94
 115
 117
 108
 138
 112
 112
 108
 121
 105
 95
 99
 114
 96
 88
 99
 97
 103
 113
 105
 76
 102
 109
 89
 112
 86
 86
 101
 93
 117
 101
 88
 125
 112
 98
 83
 87
 90
 92
 97
 85
 93
 98
 86
 98
 74
 90
 86
 98
 93
 88
 103
 82
 102
 86
 88
 94
 74
 82
 84
 92
 96
 90
 84
 93
 97
 96
 84
 94
 71
 85
 99
 87
 103
 101
 88
 75
 104
 86
 89
 99
 96
 102
 85
 84
 93
 104
 76
 93
 88
 94
 97
 98
 87
 78
 81
 86
 79
 69
 80
 81
 81
 90
 82
 81
 86
 82
 67
 92
 70
 68
 85
 94
 81
 73
 81
 69
 83
 83
 86
 80
 92
 70
 73
 90
 70
 82
 68
 83
 79
 63
 82
 75
 81
 98
 86
 82
 84
 80
 76
 89
 84
 79
 80
 96
 85
 77
 76
 85
 70
 73
 72
 78
 65
 75
 65
 80
 83
 76
 64
 68
 55
 79
 71
 71
 87
 78
 73
 82
 62
 66
 75
 62
 69
 59
 79
 86
 62
 62
 83
 91
 81
 87
 66
 74
 64
 80
 53
 80
 84
 97
 68
 72
 80
 64
 68
 58
 77
 75
 64
 61
 83
 74
 68
 83
 68
 65
 64
 74
 65
 67
 65
 71
 68
 79
 70
 75
 77
 58
 56
 69
 65
 57
 57
 66
 67
 64
 65
 65
 72
 71
 47
 71
 71
 75
 71
 73
 75
 71
 60
 64
 57
 67
 54
 70
 55
 63
 67
 80
 65
 63
 66
 64
 77
 61
 64
 64
 65
 61
 58
 64
 56
 73
 73
 65
 65
 70
 57
 61
 66
 44
 62
 55
 58
 68
 72
 56
 68
 66
 58
 71
 75
 57
 75
 47
 49
 51
 77
 51
 53
 62
 76
 53
 52
 74
 55
 64
 56
 70
 44
 56
 52
 50
 50
 52
 49
 66
 50
 56
 53
 60
 47
 66
 43
 48
 44
 58
 55
 65
 55
 53
 59
 58
 47
 52
 64
 63
 68
 61
 44
 45
 56
 66
 61
 56
 57
 47
 44
 56
 53
 47
 60
 65
 46
 53
 48
 43
 52
 41
 54
 54
 49
 45
 69
 42
 51
 58
 43
 50
 53
 54
 53
 43
 55
 44
 48
 48
 46
 42
 55
 49
 61
 45
 59
 49
 44
 37
 38
 37
 39
 43
 40
 40
 45
 46
 49
 47
 43
 51
 46
 50
 38
 49
 48
 65
 32
 49
 44
 33
 40
 50
 47
 38
 45
 54
 31
 54
 43
 38
 50
 46
 51
 47
 37
 45
 46
 32
 46
 42
 46
 49
 52
 47
 39
 43
 50
 42
 53
 50
 48
 48
 40
 44
 55
 42
 39
 43
 34
 35
 38
 36
 47
 54
 50
 39
 38
 64
 42
 42
 38
 41
 42
 34
 40
 43
 48
 31
 47
 34
 29
 47
 48
 40
 37
 42
 39
 48
 39
 25
 34
 38
 35
 39
 45
 40
 36
 42
 43
 49
 44
 35
 35
 34
 43
 40
 35
 45
 34
 39
 38
 36
 37
 30
 41
 25
 30
 36
 45
 37
 30
 48
 33
 32
 36
 43
 27
 40
 43
 33
 30
 33
 39
 42
 34
 33
 34
 36
 30
 43
 45
 38
 32
 38
 40
 37
 41
 42
 28
 24
 42
 30
 25
 47
 30
 41
 41
 39
 36
 35
 46
 39
 40
 39
 35
 39
 32
 22
 39
 39
 27
 34
 42
 30
 30
 29
 34
 31
 38
 34
 37
 22
 38
 38
 37
 28
 37
 36
 34
 34
 31
 36
 30
 30
 32
 41
 32
 31
 26
 37
 30
 45
 27
 39
 38
 31
 28
 29
 29
 31
 38
 38
 26
 33
 37
 43
 35
 32
 32
 30
 24
 35
 32
 35
 26
 29
 33
 38
 24
 31
 25
 32
 34
 24
 30
 29
 32
 38
 29
 33
 35
 24
 35
 38
 29
 32
 23
 31
 21
 34
 24
 22
 20
 27
 28
 33
 31
 25
 39
 23
 33
 28
 23
 43
 35
 19
 29
 33
 28
 25
 28
 31
 27
 32
 27
 40
 34
 30
 35
 29
 31
 25
 29
 32
 31
 29
 24
 26
 28
 36
 35
 32
 27
 27
 30
 30
 18
 24
 26
 19
 16
 26
 36
 20
 25
 27
 35
 26
 26
 31
 24
 34
 37
 27
 27
 33
 26
 34
 21
 27
 25
 24
 21
 27
 29
 16
 35
 22
 26
 36
 24
 21
 29
 25
 20
 25
 23
 22
 18
 23
 17
 19
 24
 23
 24
 20
 31
 26
 23
 27
 29
 26
 31
 24
 19
 26
 16
 30
 30
 21
 38
 22
 29
 27
 24
 23
 18
 20
 22
 25
 18
 20
 25
 22
 24
 15
 22
 28
 18
 20
 26
 27
 22
 24
 31
 23
 22
 24
 27
 34
 19
 32
 24
 26
 24
 20
 33
 23
 24
 18
 26
 18
 27
 22
 19
 25
 22
 27
 19
 30
 20
 29
 20
 23
 24
 27
 23
 20
 23
 30
 25
 17
 26
 23
 15
 23
 28
 11
 16
 15
 34
 27
 21
 38
 34
 29
 24
 27
 24
 20
 23
 23
 31
 25
 15
 23
 17
 23
 18
 21
 15
 27
 34
 23
 15
 18
 20
 25
 22
 23
 24
 18
 27
 25
 19
 24
 22
 21
 21
 23
 23
 19
 19
 20
 19
 30
 20
 13
 21
 14
 15
 25
 24
 13
 11
 16
 14
 12
 18
 32
 21
 27
 31
 22
 30
 21
 18
 17
 19
 22
 20
 15
 21
 22
 7
 12
 14
 24
 25
 17
 19
 18
 24
 19
 24
 15
 12
 21
 20
 12
 16
 21
 19
 21
 17
 18
 19
 21
 19
 18
 24
 13
 23
 18
 13
 18
 17
 24
 12
 14
 17
 13
 15
 14
 16
 18
 19
 18
 21
 16
 20
 21
 22
 12
 21
 21
 16
 12
 16
 13
 9
 18
 15
 20
 10
 23
 16
 14
 18
 19
 17
 23
 16
 18
 14
 14
 14
 17
 12
 18
 18
 15
 13
 18
 10
 16
 17
 15
 9
 19
 8
 15
 12
 16
 20
 14
 17
 17
 11
 12
 15
 21
 8
 12
 14
 18
 11
 17
 21
 18
 20
 14
 16
 9
 13
 17
 12
 11
 12
 13
 15
 11
 20
 15
 17
 20
 19
 12
 17
 16
 8
 15
 20
 10
 5
 17
 9
 16
 12
 16
 16
 17
 10
 13
 16
 14
 8
 21
 12
 8
 8
 10
 16
 19
 18
 9
 19
 17
 18
 13
 12
 12
 15
 15
 10
 11
 6
 20
 11
 10
 16
 15
 13
 15
 15
 11
 8
 16
 13
 6
 7
 10
 17
 11
 16
 10
 15
 13
 15
 11
 10
 10
 18
 11
 10
 13
 14
 9
 14
 16
 9
 16
 12
 10
 14
 18
 14
 13
 15
 16
 12
 19
 9
 9
 16
 13
 18
 10
 12
 12
 11
 9
 10
 10
 13
 12
 19
 9
 20
 9
 14
 8
 8
 15
 15
 12
 6
 7
 15
 13
 9
 12
 7
 8
 11
 14
 14
 17
 3
 10
 13
 14
 10
 7
 6
 11
 18
 10
 14
 12
 20
 10
 15
 8
 20
 8
 10
 12
 7
 25
 11
 7
 12
 11
 9
 13
 17
 15
 10
 7
 11
 7
 11
 18
 15
 9
 10
 8
 7
 10
 7
 10
 11
 11
 7
 11
 10
 8
 3
 13
 17
 11
 11
 10
 9
 10
 13
 17
 6
 10
 8
 7
 9
 7
 7
 6
 11
 6
 8
 10
 11
 13
 9
 8
 6
 7
 7
 16
 12
 12
 18
 10
 12
 12
 10
 8
 12
 9
 7
 5
 10
 7
 8
 5
 5
 9
 8
 7
 11
 10
 5
 13
 13
 9
 14
 9
 6
 8
 6
 14
 14
 7
 7
 9
 5
 9
 8
 7
 9
 12
 9
 8
 9
 7
 11
 7
 9
 4
 7
 7
 3
 7
 7
 4
 12
 10
 9
 7
 8
 13
 9
 10
 15
 7
 18
 13
 11
 7
 11
 11
 7
 10
 13
 10
 6
 7
 9
 11
 7
 11
 9
 7
 9
 7
 3
 7
 14
 9
 4
 5
 6
 7
 11
 12
 7
 3
 5
 8
 7
 6
 12
 5
 9
 8
 8
 13
 7
 10
 7
 5
 7
 14
 6
 4
 12
 13
 4
 6
 7
 10
 4
 9
 9
 9
 10
 8
 5
 6
 7
 7
 6
 12
 9
 4
 10
 9
 10
 5
 9
 4
 4
 7
 8
 10
 10
 10
 5
 12
 8
 8
 9
 6
 10
 4
 11
 9
 7
 8
 3
 10
 9
 8
 12
 9
 7
 9
 7
 12
 10
 4
 8
 9
 9
 9
 9
 12
 9
 4
 6
 9
 4
 6
 6
 6
 13
 3
 4
 7
 4
 9
 11
 7
 6
 7
 4
 12
 6
 2
 5
 10
 5
 12
 7
 8
 2
 6
 8
 3
 8
 11
 4
 6
 4
 6
 7
 6
 3
 7
 3
 7
 5
 6
 6
 5
 2
 6
 4
 5
 11
 9
 4
 5
 10
 12
 3
 3
 7
 4
 9
 5
 9
 2
 5
 7
 7
 4
 5
 6
 12
 10
 9
 13
 4
 9
 6
 5
 3
 10
 4
 8
 2
 5
 5
 9
 4
 7
 7
 5
 4
 2
 6
 0
 9
 5
 3
 6
 11
 7
 8
 7
 4
 4
 5
 8
 5
 6
 7
 5
 2
 4
 6
 7
 6
 4
 7
 6
 5
 9
 9
 3
 6
 7
 4
 2
 2
 8
 10
 3
 7
 4
 4
 5
 7
 5
 9
 5
 8
 5
 3
 6
 11
 7
 4
 2
 11
 6
 6
 5
 6
 8
 8
 7
 8
 6
 5
 3
 3
 3
 6
 4
 0
 8
 5
 6
 2
 7
 3
 6
 2
 5
 5
 2
 5
 9
 7
 4
 3
 4
 5
 2
 4
 4
 6
 3
 5
 8
 5
 2
 5
 6
 8
 8
 5
 4
 4
 7
 7
