VERSION:    3.1
ELEMENTS:              1
DATE:       MAR 11, 2010 04:20:43.648
CHANNELS:           4000
ROIS:        0
REAL_TIME:   1216.0000000
LIVE_TIME:   1200.3299561
CAL_OFFSET:  8.8112198e-002
CAL_SLOPE:   3.1493530e-002
CAL_QUAD:    0.0000000e+000
TWO_THETA:   9.9946346
DATA: 
 0
 0
 0
 0
 0
 0
 0
 0
 0
 0
 0
 0
 0
 0
 0
 0
 0
 0
 0
 0
 0
 0
 0
 0
 0
 0
 0
 0
 0
 0
 0
 0
 0
 0
 0
 0
 0
 0
 0
 0
 0
 0
 0
 0
 0
 0
 0
 0
 0
 0
 0
 0
 0
 0
 0
 0
 0
 0
 0
 0
 0
 0
 0
 0
 0
 0
 0
 0
 0
 0
 1
 16
 24
 19
 24
 19
 16
 23
 21
 16
 22
 19
 19
 17
 19
 11
 19
 22
 8
 20
 20
 20
 19
 18
 19
 17
 28
 14
 24
 18
 16
 18
 22
 21
 27
 14
 20
 15
 19
 15
 24
 24
 18
 12
 20
 17
 13
 27
 40
 20
 21
 28
 25
 22
 21
 27
 31
 14
 21
 23
 17
 26
 14
 19
 21
 34
 20
 16
 17
 18
 18
 19
 22
 27
 23
 27
 19
 25
 24
 25
 28
 26
 25
 21
 22
 15
 27
 35
 26
 14
 24
 31
 24
 24
 18
 28
 32
 39
 25
 29
 25
 24
 27
 27
 21
 34
 38
 34
 36
 43
 43
 34
 38
 42
 49
 38
 47
 51
 35
 41
 32
 38
 43
 39
 28
 41
 37
 38
 35
 36
 39
 33
 47
 40
 52
 35
 39
 35
 33
 34
 57
 39
 36
 38
 33
 39
 44
 53
 33
 52
 41
 42
 36
 31
 34
 52
 43
 49
 43
 63
 42
 55
 50
 42
 66
 58
 61
 84
 58
 66
 64
 58
 45
 63
 60
 45
 64
 44
 52
 61
 50
 52
 52
 52
 62
 66
 45
 51
 53
 54
 52
 67
 64
 56
 55
 59
 63
 52
 53
 61
 55
 65
 67
 55
 75
 49
 58
 55
 74
 66
 52
 60
 64
 70
 63
 55
 56
 61
 55
 68
 71
 63
 65
 81
 69
 63
 58
 54
 67
 69
 72
 73
 83
 75
 87
 59
 79
 72
 82
 71
 72
 87
 78
 68
 83
 78
 86
 68
 83
 74
 83
 79
 69
 84
 75
 74
 82
 72
 79
 82
 76
 71
 83
 80
 89
 92
 67
 80
 66
 87
 74
 76
 92
 84
 91
 75
 81
 87
 88
 100
 83
 85
 75
 106
 86
 80
 94
 73
 104
 88
 94
 90
 81
 90
 95
 92
 90
 87
 76
 97
 95
 82
 83
 76
 85
 85
 92
 97
 92
 85
 80
 87
 97
 93
 90
 96
 91
 104
 85
 106
 91
 105
 92
 106
 85
 79
 99
 103
 86
 104
 94
 112
 107
 85
 101
 91
 95
 78
 103
 97
 88
 69
 100
 112
 91
 102
 99
 94
 87
 88
 123
 109
 116
 118
 102
 116
 88
 105
 97
 101
 107
 70
 98
 107
 110
 109
 117
 105
 93
 102
 104
 112
 104
 108
 118
 135
 109
 114
 108
 120
 137
 106
 120
 136
 100
 130
 146
 132
 114
 125
 138
 119
 139
 123
 131
 122
 125
 128
 150
 145
 163
 159
 153
 120
 143
 142
 156
 165
 142
 171
 133
 159
 169
 139
 146
 152
 155
 171
 173
 144
 184
 206
 195
 203
 219
 239
 253
 217
 254
 222
 234
 233
 195
 213
 220
 195
 169
 170
 177
 206
 200
 212
 243
 211
 194
 209
 214
 214
 183
 219
 205
 211
 218
 232
 202
 233
 230
 232
 220
 223
 217
 231
 237
 233
 240
 238
 257
 259
 279
 267
 277
 266
 300
 325
 304
 344
 361
 369
 354
 418
 459
 405
 435
 422
 424
 424
 431
 378
 371
 349
 325
 321
 337
 346
 335
 357
 352
 334
 335
 362
 348
 356
 355
 350
 381
 366
 395
 387
 381
 414
 397
 378
 402
 400
 396
 419
 424
 384
 436
 388
 434
 454
 496
 439
 435
 441
 467
 462
 414
 491
 499
 509
 483
 515
 536
 524
 527
 565
 536
 504
 578
 539
 605
 565
 581
 588
 594
 587
 619
 639
 604
 632
 637
 631
 659
 624
 613
 646
 649
 612
 622
 688
 673
 694
 718
 702
 705
 718
 714
 700
 711
 730
 717
 759
 694
 780
 751
 776
 785
 776
 774
 801
 799
 831
 783
 805
 817
 831
 794
 829
 854
 813
 859
 879
 813
 853
 891
 882
 813
 904
 867
 878
 908
 921
 923
 863
 938
 890
 943
 907
 903
 941
 928
 937
 945
 944
 887
 914
 964
 975
 911
 953
 961
 985
 930
 912
 1012
 956
 942
 1014
 977
 1014
 952
 1052
 1019
 1056
 1069
 973
 1041
 1057
 1050
 1000
 1036
 1058
 1016
 1038
 1096
 1052
 1053
 1095
 1034
 1016
 1051
 1067
 1055
 1083
 1113
 1110
 1007
 1100
 1122
 1126
 1182
 1131
 1203
 1167
 1139
 1084
 1117
 1170
 1170
 1193
 1212
 1185
 1169
 1230
 1164
 1201
 1263
 1154
 1217
 1223
 1199
 1217
 1200
 1245
 1214
 1191
 1175
 1194
 1298
 1255
 1222
 1287
 1283
 1269
 1305
 1236
 1290
 1253
 1286
 1272
 1282
 1347
 1241
 1239
 1296
 1293
 1321
 1277
 1266
 1317
 1290
 1367
 1254
 1268
 1293
 1219
 1224
 1296
 1272
 1244
 1232
 1204
 1274
 1199
 1217
 1272
 1247
 1269
 1209
 1174
 1198
 1247
 1187
 1140
 1131
 1137
 1145
 1176
 1159
 1171
 1099
 1116
 1071
 1099
 1095
 1117
 1023
 1083
 1092
 1076
 1104
 1016
 1003
 1041
 1081
 1030
 972
 1004
 1030
 1024
 991
 944
 950
 978
 955
 952
 882
 978
 978
 920
 915
 878
 943
 880
 925
 922
 946
 867
 890
 867
 874
 948
 921
 899
 932
 846
 923
 844
 875
 847
 934
 888
 865
 907
 865
 838
 906
 869
 896
 809
 852
 873
 880
 845
 889
 868
 832
 848
 871
 883
 840
 734
 843
 834
 806
 874
 854
 830
 857
 893
 833
 845
 883
 829
 873
 847
 836
 868
 846
 863
 863
 791
 817
 813
 868
 843
 888
 846
 887
 806
 916
 845
 861
 911
 844
 863
 881
 893
 846
 821
 894
 842
 864
 902
 912
 848
 870
 870
 873
 898
 831
 917
 890
 933
 792
 907
 830
 884
 849
 858
 899
 865
 832
 887
 922
 906
 935
 884
 882
 866
 842
 831
 869
 855
 957
 938
 893
 845
 881
 877
 916
 861
 882
 923
 858
 872
 843
 833
 932
 848
 845
 874
 821
 889
 897
 895
 794
 907
 869
 852
 887
 826
 905
 883
 851
 874
 904
 847
 830
 820
 827
 862
 917
 831
 852
 838
 846
 839
 832
 811
 840
 912
 807
 844
 825
 922
 844
 846
 750
 816
 797
 832
 840
 785
 770
 819
 811
 772
 819
 760
 760
 778
 797
 794
 798
 792
 804
 797
 814
 754
 793
 732
 794
 803
 801
 785
 811
 813
 759
 744
 745
 729
 764
 762
 713
 762
 763
 723
 721
 744
 784
 727
 716
 706
 720
 732
 740
 733
 704
 673
 738
 705
 710
 776
 700
 696
 731
 732
 720
 751
 696
 736
 711
 719
 691
 667
 690
 678
 688
 709
 648
 693
 638
 656
 691
 687
 675
 748
 709
 679
 712
 658
 663
 706
 674
 635
 656
 677
 659
 665
 691
 631
 714
 669
 631
 684
 680
 655
 642
 676
 702
 643
 686
 690
 664
 657
 595
 663
 637
 654
 647
 652
 701
 645
 704
 698
 656
 647
 635
 661
 702
 688
 619
 652
 678
 657
 702
 661
 682
 689
 679
 665
 708
 652
 657
 675
 661
 651
 659
 674
 699
 673
 667
 663
 651
 719
 692
 653
 715
 721
 689
 700
 731
 693
 714
 676
 660
 674
 710
 700
 681
 680
 699
 766
 682
 719
 710
 673
 679
 696
 658
 647
 718
 719
 676
 659
 719
 700
 686
 668
 692
 674
 691
 688
 756
 691
 688
 717
 673
 677
 689
 689
 690
 680
 710
 670
 654
 704
 712
 660
 756
 668
 646
 671
 711
 695
 715
 689
 644
 660
 707
 675
 684
 653
 707
 644
 638
 692
 712
 700
 671
 672
 689
 639
 643
 689
 634
 687
 644
 661
 694
 651
 649
 617
 602
 639
 698
 684
 642
 634
 612
 677
 646
 640
 665
 662
 656
 630
 639
 619
 631
 649
 624
 637
 631
 651
 623
 588
 662
 644
 640
 639
 621
 651
 641
 626
 584
 593
 608
 622
 605
 607
 577
 647
 626
 606
 623
 617
 640
 594
 644
 569
 556
 585
 616
 616
 551
 600
 619
 593
 543
 592
 603
 581
 578
 589
 590
 563
 644
 604
 560
 567
 542
 580
 579
 574
 583
 574
 541
 528
 595
 558
 547
 559
 529
 611
 544
 537
 585
 571
 544
 548
 585
 551
 548
 545
 566
 564
 558
 523
 554
 539
 557
 510
 522
 528
 546
 538
 506
 526
 505
 521
 494
 560
 530
 508
 506
 492
 484
 525
 523
 498
 546
 523
 527
 545
 461
 515
 516
 524
 511
 526
 511
 531
 533
 508
 503
 479
 489
 477
 498
 505
 492
 493
 486
 471
 477
 459
 497
 425
 520
 500
 470
 484
 435
 453
 470
 495
 505
 489
 486
 503
 439
 464
 475
 427
 451
 471
 444
 465
 450
 491
 475
 438
 444
 415
 469
 460
 454
 425
 448
 462
 467
 438
 439
 442
 423
 427
 460
 429
 435
 430
 449
 445
 425
 415
 406
 431
 427
 427
 429
 431
 409
 411
 388
 406
 457
 430
 437
 397
 377
 385
 415
 403
 381
 432
 417
 411
 417
 420
 377
 403
 389
 391
 401
 428
 371
 411
 401
 383
 397
 411
 398
 396
 378
 390
 381
 385
 412
 350
 403
 398
 396
 384
 385
 383
 384
 383
 401
 399
 364
 363
 366
 363
 350
 372
 378
 351
 357
 390
 381
 384
 348
 371
 353
 389
 354
 399
 396
 358
 370
 364
 381
 373
 376
 351
 377
 350
 332
 381
 351
 373
 371
 334
 359
 380
 305
 376
 336
 339
 365
 358
 335
 315
 360
 372
 323
 334
 328
 328
 323
 337
 348
 327
 354
 335
 367
 340
 358
 326
 359
 313
 334
 318
 339
 312
 341
 316
 329
 355
 328
 301
 316
 313
 310
 339
 318
 303
 336
 326
 346
 302
 330
 353
 292
 327
 308
 309
 330
 338
 347
 319
 331
 279
 319
 350
 305
 331
 322
 337
 343
 316
 309
 307
 322
 319
 342
 319
 298
 314
 308
 302
 312
 289
 311
 278
 309
 283
 293
 322
 299
 292
 308
 333
 293
 311
 292
 303
 270
 312
 290
 290
 296
 254
 289
 317
 312
 293
 298
 322
 303
 309
 251
 302
 278
 293
 292
 306
 273
 266
 259
 296
 259
 295
 286
 313
 297
 313
 255
 275
 292
 260
 295
 290
 278
 296
 303
 271
 293
 273
 268
 262
 288
 277
 279
 296
 288
 282
 283
 289
 280
 284
 282
 283
 293
 263
 266
 273
 255
 272
 247
 272
 277
 252
 250
 274
 258
 269
 322
 277
 271
 311
 241
 258
 261
 261
 254
 240
 244
 257
 239
 262
 257
 232
 241
 244
 284
 264
 254
 248
 253
 245
 230
 264
 258
 237
 237
 253
 268
 220
 251
 260
 235
 254
 251
 234
 245
 256
 257
 249
 220
 232
 211
 228
 303
 221
 255
 264
 243
 253
 243
 231
 239
 283
 243
 218
 232
 249
 248
 207
 229
 238
 241
 223
 239
 222
 225
 260
 251
 247
 244
 235
 187
 271
 226
 243
 221
 227
 245
 245
 241
 250
 234
 227
 239
 220
 229
 235
 227
 226
 246
 217
 219
 236
 233
 230
 222
 215
 237
 271
 238
 235
 203
 245
 222
 214
 239
 234
 253
 224
 222
 212
 232
 225
 247
 254
 216
 205
 224
 225
 225
 229
 240
 193
 230
 238
 192
 194
 235
 234
 237
 200
 203
 274
 225
 218
 232
 237
 259
 224
 244
 235
 210
 225
 223
 207
 228
 205
 248
 224
 191
 210
 221
 229
 217
 220
 204
 224
 218
 258
 249
 217
 215
 208
 232
 230
 239
 230
 236
 218
 194
 204
 226
 210
 218
 190
 251
 259
 220
 214
 190
 217
 234
 218
 239
 219
 201
 240
 216
 225
 230
 237
 207
 240
 223
 230
 222
 200
 211
 217
 231
 217
 213
 190
 200
 207
 199
 214
 204
 204
 200
 230
 199
 218
 197
 188
 170
 219
 183
 231
 203
 217
 220
 207
 190
 211
 189
 218
 198
 193
 160
 207
 186
 209
 178
 185
 212
 194
 181
 193
 170
 180
 189
 217
 192
 173
 206
 195
 208
 183
 201
 191
 162
 177
 186
 183
 187
 201
 174
 193
 197
 210
 176
 165
 156
 203
 191
 190
 168
 215
 200
 153
 184
 179
 215
 150
 174
 160
 183
 176
 185
 168
 169
 179
 161
 178
 196
 188
 154
 158
 191
 176
 171
 176
 170
 166
 176
 168
 167
 165
 165
 165
 163
 172
 182
 185
 173
 169
 155
 169
 218
 168
 167
 161
 162
 155
 178
 152
 181
 167
 157
 181
 156
 169
 177
 153
 154
 176
 162
 165
 151
 162
 151
 175
 159
 150
 156
 173
 174
 149
 146
 155
 159
 142
 158
 179
 159
 131
 151
 146
 159
 158
 154
 158
 168
 145
 146
 160
 158
 152
 167
 168
 148
 156
 162
 140
 145
 137
 125
 149
 145
 149
 139
 143
 143
 145
 160
 145
 166
 153
 164
 148
 151
 125
 147
 141
 147
 148
 147
 140
 132
 146
 161
 160
 144
 142
 163
 138
 146
 133
 154
 154
 140
 152
 140
 141
 146
 153
 160
 154
 145
 142
 143
 138
 141
 118
 160
 144
 121
 138
 141
 159
 143
 153
 142
 161
 156
 142
 141
 133
 131
 142
 122
 153
 128
 147
 147
 147
 138
 142
 152
 148
 152
 147
 164
 133
 135
 132
 131
 161
 140
 142
 126
 106
 127
 120
 146
 133
 123
 126
 129
 124
 134
 136
 140
 134
 125
 129
 131
 142
 140
 159
 141
 158
 122
 159
 142
 126
 150
 129
 130
 119
 122
 139
 134
 130
 129
 136
 136
 109
 121
 118
 138
 113
 127
 136
 115
 121
 113
 110
 103
 120
 122
 123
 110
 107
 114
 93
 114
 113
 109
 120
 92
 112
 95
 108
 110
 103
 88
 88
 101
 88
 78
 88
 83
 85
 90
 95
 87
 82
 69
 83
 102
 64
 79
 81
 73
 72
 79
 82
 66
 85
 98
 77
 86
 108
 90
 81
 85
 75
 79
 77
 87
 98
 70
 84
 88
 79
 64
 81
 72
 71
 79
 75
 85
 92
 86
 81
 87
 89
 86
 81
 71
 82
 91
 86
 79
 79
 70
 70
 82
 75
 59
 77
 76
 80
 90
 67
 86
 65
 78
 68
 65
 66
 78
 60
 79
 85
 79
 80
 72
 75
 70
 80
 89
 82
 92
 76
 92
 88
 64
 67
 71
 82
 90
 72
 73
 75
 67
 76
 77
 76
 77
 66
 70
 78
 69
 58
 66
 66
 60
 75
 69
 75
 61
 67
 58
 62
 59
 72
 73
 85
 60
 68
 70
 67
 68
 52
 74
 73
 73
 74
 72
 72
 75
 66
 73
 62
 62
 62
 67
 71
 63
 73
 62
 76
 63
 63
 67
 59
 73
 74
 69
 70
 64
 74
 56
 64
 66
 67
 83
 47
 76
 67
 59
 64
 71
 55
 76
 76
 72
 73
 81
 76
 58
 60
 63
 61
 59
 64
 74
 71
 48
 75
 64
 52
 70
 42
 59
 59
 71
 75
 56
 60
 45
 69
 65
 67
 69
 69
 61
 51
 60
 52
 57
 68
 66
 61
 51
 66
 61
 37
 75
 58
 58
 55
 65
 56
 62
 51
 60
 78
 55
 63
 60
 56
 78
 53
 61
 51
 62
 59
 71
 46
 57
 52
 69
 48
 54
 61
 54
 72
 65
 49
 56
 57
 65
 55
 44
 52
 53
 62
 40
 48
 62
 69
 51
 63
 59
 70
 59
 52
 53
 68
 42
 65
 60
 43
 67
 52
 54
 53
 63
 61
 45
 55
 57
 50
 59
 74
 49
 53
 59
 43
 65
 64
 64
 43
 50
 67
 53
 48
 57
 57
 56
 58
 64
 46
 46
 44
 53
 67
 49
 42
 47
 46
 39
 57
 49
 43
 67
 41
 48
 55
 62
 45
 50
 51
 45
 51
 43
 55
 58
 41
 57
 50
 44
 50
 55
 39
 47
 49
 43
 45
 54
 38
 58
 48
 55
 41
 48
 45
 39
 56
 33
 55
 57
 43
 50
 56
 42
 46
 50
 43
 74
 62
 54
 54
 39
 37
 45
 43
 43
 63
 57
 43
 58
 59
 44
 50
 36
 37
 48
 30
 34
 48
 56
 36
 54
 37
 46
 47
 36
 42
 54
 48
 41
 49
 48
 48
 42
 45
 51
 44
 42
 54
 30
 41
 38
 41
 45
 45
 36
 45
 32
 50
 44
 32
 39
 37
 56
 44
 41
 45
 47
 41
 35
 47
 39
 44
 51
 35
 49
 47
 50
 36
 35
 38
 33
 48
 47
 42
 33
 51
 43
 46
 41
 39
 37
 42
 44
 35
 44
 41
 46
 43
 43
 42
 38
 52
 50
 40
 44
 31
 38
 37
 27
 45
 34
 34
 42
 43
 41
 41
 36
 37
 44
 45
 40
 38
 55
 40
 35
 44
 41
 35
 36
 41
 46
 38
 39
 34
 42
 40
 43
 38
 57
 28
 37
 38
 38
 32
 41
 40
 39
 34
 34
 29
 27
 42
 37
 42
 31
 28
 33
 35
 38
 32
 34
 33
 27
 36
 48
 43
 40
 36
 30
 43
 29
 26
 32
 43
 29
 28
 39
 38
 43
 35
 31
 36
 25
 51
 37
 35
 43
 39
 36
 39
 35
 29
 41
 21
 36
 33
 34
 38
 37
 35
 37
 31
 30
 46
 29
 30
 32
 26
 20
 34
 31
 31
 36
 33
 34
 41
 22
 33
 38
 34
 31
 33
 37
 21
 27
 31
 28
 37
 26
 32
 26
 27
 28
 33
 28
 33
 22
 25
 29
 34
 27
 25
 36
 26
 31
 25
 37
 36
 30
 29
 37
 37
 31
 29
 32
 33
 25
 25
 33
 36
 37
 28
 30
 41
 23
 21
 33
 40
 31
 25
 27
 37
 23
 30
 32
 33
 28
 35
 22
 27
 35
 27
 19
 19
 28
 24
 34
 25
 31
 28
 23
 22
 23
 34
 27
 25
 35
 37
 26
 26
 30
 30
 22
 19
 35
 26
 32
 25
 36
 21
 34
 22
 25
 30
 37
 26
 28
 26
 44
 24
 19
 19
 25
 33
 27
 23
 25
 20
 11
 19
 25
 40
 32
 25
 25
 20
 21
 25
 26
 20
 36
 21
 18
 30
 22
 25
 25
 20
 22
 22
 26
 23
 26
 28
 28
 30
 21
 15
 21
 20
 20
 23
 25
 28
 26
 15
 18
 21
 27
 15
 22
 19
 17
 23
 27
 27
 22
 25
 19
 20
 30
 21
 18
 26
 25
 22
 26
 31
 24
 24
 29
 27
 22
 18
 22
 28
 17
 25
 21
 22
 34
 26
 22
 26
 28
 26
 19
 22
 18
 7
 29
 25
 27
 20
 21
 22
 22
 25
 21
 23
 25
 10
 22
 19
 18
 25
 19
 19
 13
 25
 29
 30
 13
 19
 18
 17
 16
 18
 23
 27
 23
 21
 29
 17
 21
 18
 22
 20
 26
 14
 25
 11
 16
 21
 21
 21
 19
 26
 20
 14
 19
 25
 18
 24
 22
 20
 29
 21
 24
 19
 19
 14
 18
 24
 18
 17
 12
 25
 19
 21
 24
 16
 22
 16
 25
 20
 18
 29
 20
 22
 20
 24
 23
 14
 15
 19
 23
 14
 15
 19
 18
 33
 17
 21
 21
 15
 14
 17
 23
 12
 23
 20
 17
 17
 17
 24
 10
 19
 15
 25
 21
 10
 17
 19
 15
 12
 23
 14
 24
 16
 22
 16
 20
 18
 17
 18
 18
 19
 13
 17
 12
 18
 15
 17
 26
 10
 18
 19
 16
 12
 18
 14
 13
 13
 18
 17
 17
 17
 25
 20
 13
 17
 22
 17
 19
 16
 15
 17
 20
 18
 17
 22
 15
 19
 14
 17
 15
 14
 16
 12
 18
 15
 18
 15
 14
 21
 20
 11
 19
 15
 14
 12
 15
 23
 15
 11
 20
 20
 16
 16
 14
 15
 13
 14
 11
 14
 18
 13
 10
 8
 16
 21
 16
 15
 13
 11
 14
 12
 19
 7
 23
 15
 15
 15
 13
 13
 15
 14
 13
 14
 19
 17
 13
 16
 18
 13
 13
 16
 20
 14
 18
 12
 16
 13
 19
 13
 16
 12
 8
 19
 6
 11
 16
 12
 9
 13
 11
 9
 17
 14
 22
 14
 12
 18
 15
 13
 21
 9
 17
 10
 17
 13
 12
 10
 15
 19
 17
 12
 19
 22
 11
 13
 13
 15
 10
 16
 10
 7
 12
 16
 9
 9
 9
 20
 9
 17
 12
 23
 13
 9
 16
 10
 13
 8
 15
 13
 16
 11
 18
 8
 9
 9
 12
 8
 4
 9
 11
 10
 15
 17
 14
 14
 10
 10
 12
 12
 13
 13
 14
 10
 7
 11
 13
 15
 10
 14
 11
 14
 14
 9
 12
 15
 13
 10
 11
 8
 6
 5
 12
 13
 8
 7
 10
 16
 13
 14
 12
 8
 9
 9
 12
 7
 7
 7
 11
 12
 15
 19
 14
 8
 10
 8
 14
 13
 18
 10
 9
 11
 5
 15
 6
 9
 7
 14
 12
 13
 14
 10
 6
 11
 11
 11
 21
 8
 16
 12
 6
 11
 15
 13
 12
 13
 9
 8
 7
 16
 10
 4
 10
 9
 12
 17
 9
 8
 14
 15
 11
 16
 9
 10
 11
 11
 10
 5
 13
 6
 13
 10
 10
 18
 11
 8
 6
 8
 7
 5
 13
 15
 14
 8
 13
 9
 8
 10
 10
 12
 8
 14
 7
 6
 10
 5
 14
 13
 7
 4
 8
 10
 13
 4
 12
 12
 11
 8
 9
 12
 6
 11
 15
 7
 9
 8
 8
 10
 10
 9
 11
 14
 6
 9
 11
 3
 12
 9
 11
 9
 13
 5
 12
 8
 14
 4
 8
 7
 4
 10
 14
 8
 7
 11
 7
 10
 12
 11
 8
 11
 4
 9
 8
 14
 9
 8
 8
 8
 6
 12
 3
 4
 8
 7
 8
 9
 7
 7
 7
 12
 11
 8
 12
 5
 6
 5
 6
 10
 5
 10
 3
 11
 2
 8
 10
 9
 7
 9
 9
 9
 7
 6
 10
 7
 8
 6
 8
 11
 7
 9
 9
 9
 9
 12
 9
 10
 5
 9
 6
 7
 7
 13
 5
 8
 7
 15
 6
 8
 3
 8
 7
 11
 7
 7
 4
 8
 6
 3
 8
 7
 5
 9
 8
 6
 15
 7
 7
 4
 14
 7
 9
 6
 6
 6
 8
 7
 16
 8
 6
 8
 9
 7
 4
 5
 4
 9
 4
 10
 6
 8
 8
 5
 10
 6
 7
 7
 10
 6
 6
 8
 7
 5
 7
 3
 6
 8
 6
 9
 9
 3
 9
 6
 6
 7
 8
 7
 6
 7
 4
 4
 9
 19
 5
 6
 7
 6
 7
 11
 12
 8
 5
 4
 1
 8
 4
 10
 6
 9
 5
 7
 3
 6
 9
 7
 8
 4
 6
 7
 9
 8
 10
 6
 8
 7
 10
 8
 7
 9
 8
 8
 6
 5
 10
 12
 3
 8
 4
 5
 5
 4
 5
 9
 8
 6
 10
 7
 5
 5
 7
 3
 12
 6
 9
 11
 7
 6
 6
 6
 2
 7
 3
 7
 4
 7
 2
 5
 5
 7
 7
 8
 6
 5
 4
 1
 7
 8
 5
 7
 3
 5
 8
 4
 7
 7
 8
 1
 6
 3
 7
 8
 7
 6
 6
 10
 11
 6
 4
 8
 6
 5
 7
 8
 4
 10
 6
 4
 5
 6
 8
 0
 8
 7
 1
 5
 5
 5
 7
 1
 4
 5
 2
 7
 5
 2
 9
 1
 5
 8
 3
 2
 4
 7
 6
 1
 4
 5
 4
 3
 6
 8
 1
 3
 4
 4
 7
 3
 5
 4
 6
 5
 1
 4
 6
 4
 2
 4
 4
 9
 2
 4
 10
 3
 6
 4
 1
 5
 3
 1
 5
 5
 6
 4
 1
 3
 8
 4
 14
 5
 8
 7
 1
 1
 5
 6
 4
 8
 7
 4
 2
 2
 4
 4
 1
 7
 7
 6
 4
 1
 4
 4
 9
 8
 4
 4
 2
 2
 6
 5
 4
 2
 4
 8
 5
 5
 4
 9
 2
 7
 4
 4
 5
 6
 0
 2
 2
 5
 4
 7
 5
 7
 6
 6
 3
 4
 3
 0
 2
 6
 5
 4
 4
 4
 7
 4
 7
 2
 1
 4
 6
 4
 4
 10
 2
 3
 0
 5
 5
 6
 5
 7
 5
 5
 5
 2
 6
 6
 4
 5
 3
 4
 4
 5
 6
 4
 3
 6
 2
 2
 6
 10
 6
 2
 7
 3
 3
 4
 2
 5
 3
 4
 5
 1
 1
 4
 2
 6
 4
 4
 7
 3
 4
 3
 7
 1
 7
 5
 2
 1
 2
 1
 5
 2
 3
 5
 4
 4
 6
 4
 1
 5
 4
 5
 6
 4
 3
 1
 5
 0
 7
 3
 5
 3
 3
 5
 2
 3
 2
 3
 6
 5
 6
 3
 5
 0
 2
 5
 4
 7
 5
 3
 2
 4
 5
 4
 1
 4
 6
 1
 2
 1
 2
 3
 3
 0
 0
 4
 1
 1
 6
 4
 7
 4
 6
 4
 4
 4
 4
 3
 5
 8
 5
 4
 4
 5
