VERSION:    3.1
ELEMENTS:              1
DATE:       MAR 11, 2010 11:54:16.592
CHANNELS:           4000
ROIS:        0
REAL_TIME:   3622.3200684
LIVE_TIME:   3600.0000000
CAL_OFFSET:  8.8112198e-002
CAL_SLOPE:   3.1493530e-002
CAL_QUAD:    0.0000000e+000
TWO_THETA:   9.9946346
DATA: 
 0
 0
 0
 0
 0
 0
 0
 0
 0
 0
 0
 0
 0
 0
 0
 0
 0
 0
 0
 0
 0
 0
 0
 0
 0
 0
 0
 0
 0
 0
 0
 0
 0
 0
 0
 0
 0
 0
 0
 0
 0
 0
 0
 0
 0
 0
 0
 0
 0
 0
 0
 0
 0
 0
 0
 0
 0
 0
 0
 0
 0
 0
 0
 0
 0
 0
 0
 0
 0
 0
 1
 18
 22
 28
 30
 15
 14
 24
 18
 19
 18
 24
 23
 19
 14
 14
 18
 18
 26
 19
 18
 19
 15
 21
 26
 18
 22
 20
 15
 26
 27
 22
 14
 17
 28
 24
 18
 31
 19
 27
 24
 22
 30
 21
 26
 27
 25
 34
 20
 22
 27
 28
 24
 26
 29
 27
 25
 24
 16
 31
 21
 26
 27
 25
 32
 27
 17
 30
 17
 36
 17
 25
 35
 37
 22
 35
 29
 38
 30
 32
 30
 30
 31
 39
 30
 35
 32
 32
 28
 33
 25
 29
 34
 28
 37
 27
 22
 35
 42
 47
 46
 28
 39
 39
 34
 43
 39
 37
 51
 43
 54
 55
 48
 52
 65
 67
 54
 48
 43
 51
 46
 54
 39
 40
 27
 51
 50
 48
 46
 38
 42
 50
 48
 52
 57
 47
 50
 52
 47
 41
 55
 45
 33
 42
 44
 35
 42
 37
 47
 54
 43
 45
 51
 47
 37
 46
 47
 38
 53
 45
 47
 70
 55
 75
 70
 86
 89
 74
 76
 96
 95
 74
 80
 80
 52
 64
 61
 59
 53
 51
 55
 48
 37
 64
 54
 47
 63
 58
 56
 54
 54
 62
 50
 64
 66
 62
 75
 63
 61
 71
 60
 57
 67
 64
 67
 60
 55
 53
 58
 68
 47
 75
 58
 65
 60
 49
 67
 57
 52
 68
 54
 58
 68
 66
 64
 65
 79
 71
 77
 61
 52
 71
 82
 75
 73
 83
 77
 66
 68
 68
 79
 85
 76
 76
 69
 65
 65
 64
 53
 72
 52
 68
 64
 49
 78
 68
 72
 69
 66
 58
 61
 55
 61
 50
 65
 67
 73
 50
 78
 72
 71
 63
 61
 71
 77
 66
 72
 58
 73
 69
 72
 85
 65
 75
 78
 61
 62
 64
 60
 76
 76
 67
 57
 68
 74
 76
 74
 71
 68
 84
 61
 74
 89
 56
 68
 71
 70
 69
 84
 87
 65
 82
 94
 68
 71
 93
 80
 87
 76
 67
 74
 73
 74
 71
 77
 84
 69
 75
 77
 65
 79
 66
 85
 90
 81
 102
 80
 69
 88
 71
 84
 98
 85
 87
 85
 74
 89
 84
 84
 103
 86
 88
 95
 87
 100
 91
 98
 95
 112
 86
 106
 108
 89
 96
 109
 94
 95
 104
 106
 103
 97
 76
 106
 117
 113
 121
 114
 94
 113
 108
 104
 113
 137
 121
 140
 101
 129
 115
 134
 169
 130
 131
 146
 141
 155
 133
 148
 171
 165
 149
 136
 149
 135
 185
 155
 181
 187
 173
 179
 180
 163
 166
 173
 170
 180
 206
 191
 200
 183
 208
 231
 263
 267
 275
 278
 308
 317
 287
 343
 331
 326
 286
 268
 258
 241
 212
 217
 200
 191
 195
 234
 211
 253
 231
 210
 191
 235
 254
 241
 244
 233
 270
 240
 239
 243
 218
 250
 242
 234
 254
 234
 272
 255
 253
 270
 260
 288
 287
 301
 288
 288
 292
 361
 370
 417
 439
 434
 529
 567
 607
 619
 605
 600
 572
 648
 560
 509
 465
 423
 370
 388
 375
 357
 375
 342
 331
 325
 317
 342
 364
 357
 342
 350
 334
 324
 384
 370
 358
 363
 405
 395
 371
 385
 398
 424
 431
 385
 464
 388
 396
 398
 419
 403
 423
 427
 471
 418
 457
 441
 431
 467
 457
 441
 463
 446
 457
 504
 497
 443
 484
 505
 467
 506
 526
 531
 544
 585
 536
 585
 536
 605
 590
 572
 574
 569
 565
 557
 577
 509
 550
 563
 560
 530
 513
 563
 526
 548
 545
 516
 537
 518
 529
 557
 531
 545
 575
 535
 591
 555
 530
 562
 576
 609
 551
 556
 593
 552
 580
 570
 606
 567
 555
 594
 593
 562
 576
 610
 625
 607
 564
 616
 572
 597
 604
 610
 646
 638
 607
 610
 677
 588
 617
 636
 576
 600
 627
 648
 666
 629
 643
 642
 616
 664
 672
 626
 682
 661
 660
 662
 706
 674
 684
 668
 703
 716
 713
 717
 729
 764
 729
 728
 708
 754
 697
 723
 733
 771
 725
 797
 772
 814
 802
 753
 773
 734
 825
 803
 774
 745
 798
 822
 784
 791
 874
 835
 853
 784
 849
 807
 779
 809
 822
 869
 877
 859
 835
 848
 834
 877
 871
 906
 844
 834
 829
 869
 926
 858
 875
 929
 871
 912
 842
 867
 900
 890
 929
 965
 866
 879
 860
 889
 951
 839
 887
 937
 939
 940
 920
 876
 960
 882
 898
 894
 932
 942
 941
 904
 950
 884
 935
 941
 920
 939
 932
 939
 933
 909
 910
 893
 934
 947
 913
 937
 890
 979
 922
 901
 896
 941
 944
 961
 996
 916
 926
 947
 920
 977
 896
 909
 921
 925
 894
 951
 905
 900
 906
 951
 904
 887
 940
 964
 889
 944
 866
 898
 898
 943
 982
 936
 932
 900
 912
 901
 895
 957
 954
 908
 893
 925
 879
 839
 919
 908
 884
 883
 889
 838
 880
 925
 870
 917
 857
 865
 881
 858
 846
 925
 928
 851
 908
 892
 889
 878
 869
 860
 903
 858
 863
 816
 865
 839
 898
 847
 820
 860
 812
 866
 859
 818
 849
 765
 796
 857
 871
 835
 929
 888
 848
 795
 860
 799
 821
 817
 850
 846
 812
 862
 788
 873
 871
 843
 868
 804
 829
 800
 828
 798
 802
 816
 852
 852
 841
 784
 775
 812
 804
 833
 824
 792
 825
 790
 824
 781
 748
 795
 805
 814
 830
 771
 804
 797
 796
 833
 824
 784
 801
 770
 810
 798
 782
 795
 762
 764
 853
 769
 798
 798
 757
 800
 781
 763
 810
 780
 783
 725
 781
 735
 739
 767
 768
 798
 798
 769
 746
 835
 742
 800
 757
 836
 757
 820
 777
 774
 732
 790
 739
 767
 862
 817
 805
 797
 787
 773
 782
 757
 736
 704
 798
 784
 773
 780
 756
 792
 729
 714
 760
 736
 771
 786
 752
 781
 782
 762
 771
 736
 737
 746
 719
 740
 773
 734
 743
 774
 756
 738
 723
 727
 724
 703
 759
 748
 717
 725
 759
 742
 700
 732
 728
 702
 693
 723
 729
 656
 723
 784
 721
 730
 703
 705
 737
 720
 728
 712
 694
 719
 670
 684
 725
 738
 712
 727
 679
 745
 704
 710
 658
 737
 719
 713
 676
 723
 744
 713
 715
 670
 709
 745
 659
 709
 712
 715
 685
 752
 677
 716
 727
 675
 694
 732
 671
 693
 715
 678
 687
 693
 678
 691
 740
 691
 643
 666
 735
 740
 714
 702
 717
 687
 653
 741
 701
 689
 710
 727
 730
 682
 657
 680
 692
 690
 707
 711
 733
 711
 692
 744
 751
 668
 712
 652
 711
 706
 680
 689
 683
 719
 699
 663
 714
 672
 705
 690
 713
 707
 684
 701
 676
 689
 689
 708
 667
 659
 650
 700
 705
 707
 683
 699
 713
 677
 688
 707
 695
 660
 705
 639
 723
 687
 713
 644
 675
 707
 726
 643
 711
 671
 679
 665
 713
 664
 656
 666
 657
 692
 694
 700
 682
 639
 624
 653
 702
 684
 662
 652
 625
 649
 676
 595
 612
 648
 600
 595
 627
 609
 620
 651
 630
 642
 590
 642
 623
 656
 621
 648
 591
 600
 589
 641
 592
 609
 615
 617
 577
 589
 644
 597
 585
 620
 566
 617
 565
 603
 567
 551
 574
 560
 622
 588
 570
 608
 594
 622
 570
 583
 578
 571
 566
 620
 598
 562
 589
 539
 581
 570
 586
 550
 578
 582
 551
 557
 550
 566
 559
 561
 547
 533
 547
 532
 576
 575
 599
 542
 530
 553
 570
 577
 550
 562
 534
 513
 518
 562
 570
 542
 530
 561
 566
 525
 537
 525
 542
 541
 563
 542
 531
 524
 535
 555
 550
 550
 579
 525
 546
 499
 523
 532
 531
 500
 520
 528
 498
 526
 527
 517
 519
 549
 525
 541
 503
 528
 504
 514
 496
 518
 518
 534
 524
 522
 512
 529
 517
 499
 461
 531
 501
 529
 482
 491
 571
 478
 506
 511
 471
 513
 470
 482
 521
 475
 510
 502
 504
 490
 464
 487
 519
 480
 491
 507
 524
 533
 492
 465
 493
 487
 509
 499
 527
 509
 501
 496
 486
 479
 490
 488
 496
 493
 497
 444
 507
 455
 502
 505
 499
 490
 440
 459
 477
 459
 466
 441
 450
 453
 458
 479
 455
 464
 453
 490
 503
 423
 416
 438
 489
 501
 485
 453
 467
 488
 478
 440
 471
 432
 489
 426
 466
 450
 477
 467
 470
 486
 488
 457
 425
 454
 428
 413
 449
 464
 447
 460
 454
 477
 474
 453
 439
 463
 435
 480
 482
 462
 454
 415
 439
 442
 452
 420
 469
 445
 453
 487
 442
 444
 417
 460
 447
 455
 420
 431
 436
 427
 401
 424
 463
 441
 453
 406
 449
 466
 402
 439
 427
 431
 404
 444
 445
 438
 424
 415
 436
 432
 451
 439
 426
 427
 449
 410
 434
 445
 425
 437
 391
 407
 411
 402
 462
 435
 416
 417
 442
 420
 446
 405
 420
 420
 425
 403
 451
 380
 423
 422
 390
 394
 389
 402
 433
 417
 390
 394
 401
 408
 403
 423
 416
 393
 426
 383
 374
 420
 426
 408
 366
 433
 393
 397
 433
 381
 403
 408
 407
 467
 401
 402
 413
 428
 427
 385
 393
 383
 372
 377
 407
 402
 398
 368
 386
 394
 464
 382
 374
 398
 402
 372
 379
 396
 412
 392
 372
 354
 399
 381
 380
 379
 372
 367
 361
 374
 386
 406
 376
 376
 371
 417
 370
 360
 364
 406
 352
 361
 355
 364
 396
 387
 348
 370
 366
 381
 376
 384
 392
 325
 346
 349
 366
 364
 402
 326
 351
 363
 349
 360
 353
 371
 393
 338
 340
 334
 334
 353
 390
 373
 340
 349
 361
 347
 378
 341
 340
 367
 336
 361
 351
 345
 342
 368
 323
 359
 348
 353
 303
 340
 344
 341
 312
 325
 374
 361
 324
 320
 334
 339
 309
 320
 317
 335
 366
 300
 317
 317
 332
 319
 315
 348
 326
 329
 329
 347
 319
 331
 339
 347
 349
 321
 349
 338
 326
 334
 326
 328
 336
 314
 336
 318
 309
 325
 313
 312
 354
 306
 356
 321
 322
 322
 340
 321
 327
 309
 282
 331
 316
 290
 320
 342
 295
 288
 282
 313
 300
 321
 342
 360
 340
 323
 316
 303
 310
 297
 328
 314
 320
 353
 307
 314
 327
 323
 333
 324
 273
 307
 325
 311
 334
 240
 287
 285
 279
 328
 314
 285
 314
 310
 326
 289
 295
 326
 298
 281
 311
 301
 303
 284
 298
 294
 342
 270
 286
 262
 322
 296
 279
 327
 281
 316
 319
 311
 321
 300
 286
 298
 286
 277
 306
 274
 270
 288
 314
 294
 287
 279
 286
 284
 272
 305
 280
 310
 296
 296
 289
 290
 283
 297
 258
 261
 313
 278
 264
 302
 311
 304
 290
 288
 305
 287
 275
 260
 278
 286
 276
 274
 254
 255
 285
 315
 281
 306
 272
 261
 243
 303
 252
 276
 264
 296
 266
 287
 267
 269
 252
 275
 249
 272
 270
 279
 245
 310
 245
 288
 307
 254
 252
 267
 260
 266
 272
 283
 245
 271
 251
 270
 252
 253
 284
 282
 283
 262
 270
 279
 249
 271
 284
 225
 260
 259
 286
 276
 242
 263
 280
 251
 273
 252
 248
 250
 283
 277
 267
 276
 291
 297
 266
 260
 274
 278
 257
 280
 294
 283
 261
 240
 260
 254
 239
 291
 267
 233
 257
 257
 247
 256
 235
 258
 256
 276
 270
 244
 251
 234
 261
 279
 235
 256
 247
 269
 236
 231
 263
 228
 266
 223
 261
 249
 232
 234
 242
 243
 244
 243
 224
 223
 241
 244
 270
 254
 244
 227
 267
 275
 213
 241
 228
 254
 229
 221
 223
 233
 228
 219
 219
 265
 246
 224
 237
 208
 221
 230
 213
 222
 223
 210
 249
 217
 247
 216
 225
 236
 214
 214
 250
 228
 197
 233
 238
 224
 228
 243
 243
 225
 247
 218
 202
 225
 238
 245
 253
 222
 249
 231
 228
 228
 215
 231
 226
 221
 224
 228
 224
 256
 229
 214
 215
 207
 249
 182
 220
 220
 219
 220
 229
 249
 219
 213
 221
 207
 216
 241
 204
 208
 201
 192
 210
 217
 177
 229
 203
 216
 214
 215
 236
 205
 212
 207
 232
 223
 212
 211
 207
 204
 192
 200
 213
 189
 207
 194
 217
 218
 200
 218
 222
 218
 211
 198
 201
 203
 206
 234
 197
 218
 195
 221
 206
 206
 226
 223
 211
 182
 191
 201
 215
 222
 178
 227
 200
 191
 216
 212
 200
 204
 205
 219
 216
 186
 192
 216
 197
 199
 215
 181
 189
 191
 213
 197
 228
 196
 215
 209
 191
 193
 212
 193
 208
 194
 196
 161
 183
 188
 190
 203
 192
 209
 194
 196
 216
 197
 171
 210
 185
 201
 181
 201
 193
 188
 203
 213
 197
 216
 180
 200
 208
 198
 201
 191
 205
 198
 211
 198
 203
 165
 200
 198
 185
 180
 192
 188
 188
 168
 202
 184
 183
 186
 173
 184
 197
 190
 173
 186
 188
 177
 191
 187
 163
 180
 160
 184
 184
 163
 167
 180
 184
 132
 152
 154
 172
 185
 159
 167
 177
 175
 160
 161
 168
 203
 169
 181
 190
 174
 165
 194
 181
 158
 147
 177
 155
 157
 174
 148
 172
 153
 173
 162
 146
 140
 150
 139
 126
 132
 146
 124
 159
 129
 125
 121
 128
 119
 105
 137
 145
 119
 112
 121
 119
 118
 101
 121
 118
 134
 119
 117
 102
 138
 132
 101
 117
 129
 119
 116
 121
 97
 120
 112
 130
 114
 116
 99
 119
 110
 104
 125
 127
 110
 128
 103
 110
 120
 100
 118
 118
 115
 112
 123
 122
 135
 104
 120
 124
 105
 111
 113
 103
 124
 116
 138
 107
 113
 106
 108
 109
 110
 106
 108
 122
 110
 105
 119
 93
 108
 105
 110
 106
 113
 113
 101
 98
 108
 100
 120
 94
 119
 106
 99
 116
 110
 100
 121
 104
 105
 97
 115
 104
 97
 120
 95
 117
 82
 103
 99
 125
 123
 99
 91
 92
 104
 116
 112
 133
 96
 93
 88
 84
 104
 102
 115
 96
 107
 104
 95
 86
 103
 112
 108
 79
 122
 98
 96
 107
 93
 84
 93
 88
 103
 100
 107
 88
 111
 96
 79
 103
 94
 83
 105
 88
 92
 93
 126
 85
 91
 108
 90
 75
 81
 87
 93
 98
 99
 104
 98
 105
 96
 104
 96
 97
 102
 98
 98
 100
 102
 82
 112
 113
 91
 82
 95
 93
 88
 100
 80
 85
 92
 71
 91
 89
 73
 75
 81
 95
 80
 88
 105
 76
 85
 86
 91
 85
 67
 74
 97
 77
 83
 84
 83
 98
 85
 103
 83
 97
 71
 91
 91
 98
 75
 104
 90
 86
 81
 81
 93
 83
 82
 87
 98
 92
 88
 90
 96
 76
 91
 86
 89
 92
 72
 80
 77
 97
 87
 74
 68
 86
 78
 65
 70
 80
 77
 87
 80
 90
 80
 85
 93
 103
 74
 102
 102
 71
 80
 90
 95
 76
 83
 75
 85
 87
 83
 88
 86
 84
 78
 82
 90
 76
 94
 77
 84
 83
 76
 62
 86
 93
 77
 75
 75
 86
 74
 80
 79
 67
 72
 68
 78
 69
 58
 82
 68
 80
 73
 68
 63
 69
 70
 73
 78
 74
 89
 94
 61
 73
 79
 72
 73
 85
 74
 64
 89
 74
 86
 70
 83
 69
 69
 63
 82
 73
 71
 72
 91
 71
 57
 64
 69
 64
 74
 71
 60
 76
 63
 79
 52
 60
 78
 72
 73
 71
 80
 84
 58
 65
 67
 68
 69
 63
 72
 70
 84
 73
 71
 60
 56
 75
 68
 71
 63
 78
 68
 49
 60
 65
 75
 76
 74
 58
 50
 61
 61
 66
 62
 61
 78
 58
 47
 77
 54
 71
 70
 69
 61
 78
 62
 77
 66
 62
 62
 68
 61
 61
 75
 69
 69
 77
 66
 72
 60
 76
 66
 68
 64
 60
 66
 74
 74
 53
 68
 67
 56
 66
 59
 46
 68
 61
 64
 63
 58
 59
 57
 75
 58
 70
 70
 53
 63
 54
 57
 73
 64
 61
 63
 54
 42
 49
 58
 53
 60
 61
 59
 68
 56
 53
 50
 65
 50
 69
 51
 67
 68
 58
 47
 56
 72
 56
 69
 55
 68
 60
 67
 69
 61
 58
 54
 65
 56
 77
 73
 71
 63
 62
 63
 63
 50
 56
 49
 56
 61
 66
 58
 61
 70
 54
 48
 45
 46
 65
 52
 64
 42
 62
 63
 60
 49
 56
 47
 55
 50
 58
 59
 58
 55
 64
 62
 54
 52
 57
 38
 55
 43
 53
 56
 57
 37
 55
 53
 50
 42
 44
 51
 54
 47
 50
 53
 57
 44
 52
 64
 57
 55
 50
 52
 44
 48
 66
 37
 54
 46
 58
 68
 37
 55
 55
 46
 68
 46
 41
 53
 47
 38
 45
 61
 48
 51
 47
 54
 46
 63
 48
 49
 32
 42
 59
 60
 63
 58
 50
 43
 37
 42
 45
 33
 50
 46
 37
 45
 40
 42
 51
 62
 51
 47
 51
 46
 47
 47
 53
 48
 50
 44
 39
 38
 59
 53
 42
 44
 35
 52
 43
 48
 51
 51
 44
 38
 51
 52
 50
 57
 46
 40
 39
 47
 56
 46
 42
 46
 48
 50
 41
 44
 42
 44
 50
 35
 59
 41
 46
 46
 35
 41
 37
 43
 49
 39
 43
 41
 42
 31
 41
 48
 43
 37
 35
 39
 39
 37
 39
 34
 32
 40
 35
 42
 32
 53
 39
 36
 46
 32
 35
 34
 33
 42
 41
 38
 42
 38
 44
 43
 44
 39
 35
 40
 43
 30
 38
 46
 35
 44
 47
 41
 33
 40
 32
 31
 34
 33
 40
 32
 45
 42
 36
 42
 37
 36
 33
 45
 33
 51
 33
 44
 35
 39
 38
 49
 45
 28
 41
 28
 35
 33
 42
 38
 35
 31
 31
 37
 43
 32
 47
 35
 37
 32
 32
 25
 35
 41
 31
 41
 34
 40
 40
 39
 41
 28
 31
 37
 44
 46
 37
 32
 38
 35
 46
 38
 38
 41
 40
 37
 40
 31
 29
 39
 39
 43
 37
 28
 38
 40
 34
 25
 35
 32
 30
 30
 45
 36
 24
 28
 41
 38
 37
 27
 20
 40
 36
 29
 41
 22
 33
 23
 23
 35
 33
 43
 31
 36
 35
 44
 41
 27
 34
 31
 26
 35
 39
 40
 31
 30
 29
 37
 43
 34
 28
 33
 19
 32
 37
 26
 25
 29
 21
 35
 32
 32
 41
 22
 32
 32
 25
 24
 28
 26
 26
 23
 26
 29
 29
 29
 31
 28
 38
 25
 27
 33
 30
 28
 24
 23
 30
 28
 22
 35
 25
 29
 23
 21
 39
 24
 25
 29
 28
 32
 27
 29
 28
 23
 26
 27
 30
 30
 36
 23
 41
 33
 32
 19
 34
 30
 31
 29
 33
 30
 33
 34
 21
 23
 43
 26
 20
 30
 25
 31
 27
 31
 29
 27
 32
 30
 32
 26
 21
 31
 26
 24
 24
 32
 24
 21
 29
 17
 20
 24
 30
 22
 23
 24
 25
 29
 23
 27
 16
 24
 22
 23
 27
 31
 30
 23
 24
 35
 25
 26
 32
 26
 31
 24
 26
 22
 18
 18
 29
 22
 22
 31
 29
 33
 30
 19
 17
 26
 14
 28
 22
 20
 17
 28
 19
 21
 22
 16
 25
 20
 20
 18
 28
 20
 27
 22
 31
 22
 23
 31
 17
 33
 21
 22
 15
 18
 16
 18
 24
 29
 23
 25
 20
 25
 19
 20
 15
 23
 23
 28
 27
 22
 31
 23
 31
 19
 23
 26
 23
 26
 36
 22
 22
 17
 24
 24
 18
 24
 16
 27
 16
 23
 22
 20
 25
 19
 26
 16
 18
 24
 13
 19
 25
 18
 23
 17
 23
 26
 28
 23
 31
 19
 21
 20
 16
 26
 20
 18
 25
 14
 13
 28
 19
 17
 24
 23
 12
 26
 19
 17
 21
 23
 19
 20
 20
 22
 17
 19
 17
 21
 21
 25
 17
 14
 27
 20
 15
 16
 16
 21
 26
 25
 16
 20
 23
 12
 26
 15
 19
 17
 10
 19
 12
 15
 26
 19
 19
 20
 18
 23
 15
 22
 15
 19
 15
 16
 14
 14
 21
 25
 14
 22
 11
 17
 15
 13
 17
 13
 12
 21
 16
 24
 8
 16
 15
 16
 14
 21
 15
 11
 21
 18
 15
 21
 21
 18
 22
 22
 9
 22
 18
 16
 20
 17
 16
 15
 17
 17
 19
 12
 10
 14
 14
 18
 18
 17
 16
 19
 16
 11
 13
 20
 18
 18
 15
 19
 18
 21
 22
 22
 15
 14
 13
 14
 15
 17
 9
 13
 12
 24
 15
 17
 17
 26
 11
 18
 12
 18
 15
 14
 14
 16
 17
 11
 10
 16
 15
 15
 16
 18
 18
 11
 7
 19
 16
 14
 21
 19
 13
 16
 18
 8
 15
 15
 20
 15
 17
 10
 11
 11
 16
 18
 16
 24
 12
 12
 12
 12
 16
 17
 15
 15
 11
 12
 14
 8
 17
 18
 8
 17
 18
 11
 12
 19
 12
 9
 8
 14
 15
 12
 15
 15
 20
 16
 13
 11
 13
 11
 12
 17
 12
 9
 12
 11
 6
 14
 17
 8
 17
 16
 2
 21
 8
 11
 12
 17
 20
 18
 14
 23
 21
 13
 11
 13
 13
 15
 10
 14
 10
 12
 14
 11
 16
 17
 13
 15
 11
 14
 13
 9
 16
 9
 13
 9
 14
 12
 10
 12
 14
 14
 15
 10
 7
 17
 14
 14
 8
 6
 16
 10
 8
 8
 14
 13
 7
 10
 10
 7
 13
 10
 7
 16
 11
 10
 15
 18
 9
 16
 8
 12
 10
 8
 6
 14
 13
 14
 11
 16
 15
 10
 10
 9
 13
 13
 10
 9
 9
 14
 11
 8
 5
 8
 9
 13
 14
 9
 9
 17
 14
 13
 8
 11
 14
 9
 12
 16
 13
 9
 14
 12
 15
 12
 14
 10
 12
 15
 13
 7
 15
 11
 5
 9
 11
 12
 9
 11
 8
 13
 7
 9
 12
 12
 9
 9
 14
 7
 13
 9
 8
 16
 14
 10
 14
 13
 7
 13
 11
 14
 9
 10
 6
 15
 10
 14
 4
 9
 3
 15
 7
 10
 11
 10
 12
 10
 7
 16
 8
 8
 6
 6
 7
 10
 6
 12
 10
 9
 16
 14
 16
 9
 6
 12
 8
 11
 9
 12
 10
 6
 9
 9
 7
 3
 9
 10
 9
 15
 5
 8
 7
 3
 5
 6
 6
 6
 9
 6
 16
 12
 7
 5
 7
 5
 11
 11
 8
 8
 10
 9
 10
 13
 9
 8
 13
 4
 4
 5
 12
 10
 9
 8
 12
 8
 10
 9
 3
 8
 12
 9
 12
 9
 6
 9
 3
 13
 9
 7
 12
 8
 7
 11
 8
 10
 7
 11
 4
 8
 13
 7
 6
 5
 8
 7
 7
 6
 6
 7
 7
 5
 10
 5
 11
 7
 10
 6
 5
 9
 14
 14
 12
 9
 13
 7
 8
 5
 7
 5
 8
 8
 8
 6
 2
 8
 8
 5
 6
 11
 7
 8
 9
 14
 11
 12
 6
 9
 8
 3
 7
 5
 10
 9
 10
 8
 8
 5
 5
 4
 7
 5
 8
 9
 7
 9
 11
 10
 6
 3
 7
 6
 6
 6
 8
 6
 8
 5
 8
 8
 9
 10
 4
 3
 11
 9
 8
 5
 6
 11
 5
 10
 8
 6
 8
 7
 5
 9
 10
 5
 5
 8
 6
 8
 7
 4
 11
 8
 7
 6
 5
 5
 12
 6
 5
 7
 8
 4
 12
 4
 6
 10
 6
 7
 6
 8
 11
 5
 7
 6
 7
 7
 6
 6
 9
 8
 6
 6
 10
 6
 6
 4
 6
 11
 6
 9
 11
 11
 11
 2
 7
 12
 7
 4
 3
 5
 4
 11
 7
 8
 7
 3
 5
 6
 12
 4
 5
 4
 2
 5
 8
 6
 7
 7
 12
 11
 9
 8
 7
 6
 8
 0
 2
 9
 4
 2
 7
 9
 7
 14
 6
 7
 4
 1
 5
 1
 10
 6
 4
 10
 5
 6
 11
 4
 8
 5
 9
 3
 10
 4
 7
 9
 6
 4
 9
 7
 4
 7
 6
 4
 3
 4
 9
 5
 2
 7
 4
 9
 1
 2
 0
 10
 7
 8
 11
 2
 12
 5
 3
 4
 7
 3
 1
 5
 5
 7
 7
 9
 6
 6
 7
 3
 2
 7
 8
 10
 4
 9
 3
 7
 10
 3
 2
 5
 5
 7
 5
 4
 9
 3
 4
 1
 3
