VERSION:    3.1
ELEMENTS:              1
DATE:       MAR 11, 2010 06:27:52.514
CHANNELS:           4000
ROIS:        0
REAL_TIME:   846.5200195
LIVE_TIME:   800.5599976
CAL_OFFSET:  8.8112198e-002
CAL_SLOPE:   3.1493530e-002
CAL_QUAD:    0.0000000e+000
TWO_THETA:   9.9946346
DATA: 
 0
 0
 0
 0
 0
 0
 0
 0
 0
 0
 0
 0
 0
 0
 0
 0
 0
 0
 0
 0
 0
 0
 0
 0
 0
 0
 0
 0
 0
 0
 0
 0
 0
 0
 0
 0
 0
 0
 0
 0
 0
 0
 0
 0
 0
 0
 0
 0
 0
 0
 0
 0
 0
 0
 0
 0
 0
 0
 0
 0
 0
 0
 0
 0
 0
 0
 0
 0
 0
 0
 3
 36
 62
 63
 46
 42
 59
 60
 56
 60
 58
 64
 38
 59
 62
 47
 56
 54
 49
 71
 54
 57
 50
 62
 54
 45
 63
 60
 58
 51
 61
 76
 70
 60
 72
 65
 69
 65
 60
 73
 62
 86
 65
 56
 54
 77
 71
 71
 77
 72
 79
 65
 76
 70
 80
 79
 83
 75
 79
 83
 68
 95
 96
 62
 101
 77
 86
 89
 80
 67
 95
 98
 95
 99
 88
 90
 88
 98
 106
 107
 90
 111
 103
 74
 91
 109
 86
 112
 112
 88
 117
 112
 121
 129
 144
 136
 126
 109
 117
 117
 132
 130
 146
 133
 135
 133
 127
 165
 134
 146
 146
 161
 169
 176
 153
 140
 176
 173
 186
 175
 166
 179
 179
 179
 172
 207
 181
 197
 186
 197
 201
 196
 195
 162
 184
 214
 178
 229
 209
 217
 202
 209
 209
 234
 225
 237
 250
 228
 233
 215
 225
 247
 235
 254
 259
 232
 236
 277
 239
 276
 269
 261
 260
 240
 238
 263
 313
 269
 283
 257
 275
 258
 291
 292
 287
 280
 258
 274
 276
 300
 327
 331
 296
 292
 282
 286
 286
 272
 331
 305
 329
 291
 305
 298
 283
 291
 300
 320
 274
 319
 296
 319
 268
 317
 328
 290
 297
 308
 294
 306
 297
 359
 307
 292
 298
 265
 292
 306
 351
 278
 293
 280
 294
 301
 310
 289
 325
 317
 310
 288
 283
 307
 306
 348
 303
 331
 290
 281
 316
 313
 268
 299
 311
 318
 274
 275
 265
 329
 263
 303
 298
 283
 283
 306
 292
 308
 303
 305
 306
 284
 294
 292
 262
 310
 278
 275
 326
 312
 284
 272
 254
 275
 307
 294
 271
 289
 318
 306
 252
 283
 267
 275
 278
 268
 311
 275
 295
 279
 298
 273
 310
 322
 321
 282
 318
 277
 300
 297
 272
 310
 264
 268
 276
 254
 272
 274
 280
 263
 270
 270
 266
 294
 275
 277
 250
 250
 288
 263
 262
 267
 236
 267
 291
 265
 263
 248
 246
 269
 286
 280
 262
 275
 258
 297
 229
 258
 253
 275
 284
 266
 253
 278
 274
 267
 243
 249
 294
 250
 275
 278
 281
 312
 282
 288
 248
 272
 283
 291
 277
 284
 297
 272
 279
 274
 281
 272
 301
 285
 318
 313
 334
 288
 312
 330
 322
 324
 298
 320
 335
 337
 313
 326
 329
 355
 328
 345
 364
 392
 357
 393
 401
 436
 395
 409
 386
 421
 403
 452
 441
 475
 461
 458
 428
 493
 441
 515
 531
 518
 572
 549
 580
 549
 575
 623
 568
 681
 619
 614
 684
 735
 690
 704
 766
 762
 786
 824
 870
 817
 831
 879
 900
 848
 880
 969
 927
 985
 969
 932
 1017
 971
 984
 1018
 1066
 1063
 1033
 1101
 1042
 1170
 1181
 1169
 1214
 1220
 1233
 1218
 1357
 1370
 1258
 1374
 1352
 1406
 1307
 1473
 1480
 1496
 1541
 1536
 1541
 1537
 1537
 1637
 1666
 1679
 1769
 1799
 1757
 1813
 1858
 1820
 1868
 1949
 1915
 1962
 1995
 2036
 2066
 2032
 2035
 2011
 1969
 2001
 2145
 2073
 2106
 2205
 2122
 2126
 2155
 2161
 2202
 2259
 2196
 2333
 2231
 2247
 2186
 2368
 2300
 2323
 2288
 2403
 2326
 2360
 2415
 2427
 2476
 2454
 2467
 2462
 2463
 2578
 2544
 2586
 2555
 2535
 2547
 2532
 2612
 2555
 2605
 2549
 2520
 2669
 2595
 2651
 2641
 2647
 2693
 2642
 2683
 2560
 2708
 2667
 2716
 2649
 2761
 2762
 2734
 2732
 2647
 2826
 2793
 2810
 2660
 2814
 2894
 2672
 2796
 2785
 2837
 2844
 2764
 2775
 2752
 2802
 2777
 2861
 2854
 2809
 2725
 2900
 2772
 2805
 2804
 2746
 2721
 2824
 2725
 2730
 2790
 2859
 2768
 2845
 2828
 2843
 2863
 2874
 2909
 2867
 2915
 2804
 2851
 2926
 2812
 2921
 2812
 2834
 2891
 2809
 2888
 2904
 2861
 2772
 2852
 3018
 2918
 2825
 2905
 2967
 2882
 2847
 2877
 2842
 2800
 2875
 2788
 2817
 2859
 2853
 2779
 2820
 2787
 2759
 2852
 2929
 2918
 2785
 2803
 2862
 2733
 2718
 2850
 2859
 2758
 2737
 2782
 2874
 2931
 2906
 2840
 2759
 2913
 2791
 2701
 2824
 2875
 2839
 2884
 2751
 2886
 2794
 2916
 2837
 2843
 2926
 2911
 2816
 2770
 2778
 2751
 2793
 2815
 2945
 2806
 2790
 2811
 2811
 2827
 2826
 2800
 2787
 2705
 2801
 2795
 2826
 2850
 2870
 2838
 2799
 2862
 2806
 2819
 2806
 2808
 2835
 2869
 2897
 2799
 2780
 2763
 2959
 2814
 2762
 2807
 2839
 2854
 2749
 2849
 2807
 2833
 2748
 2826
 2811
 2823
 2746
 2705
 2682
 2764
 2723
 2803
 2793
 2928
 2848
 2738
 2838
 2817
 2713
 2833
 2778
 2762
 2815
 2772
 2736
 2791
 2814
 2777
 2740
 2781
 2835
 2821
 2702
 2826
 2777
 2850
 2909
 2813
 2861
 2797
 2730
 2714
 2797
 2719
 2746
 2818
 2784
 2786
 2736
 2714
 2857
 2813
 2814
 2674
 2859
 2807
 2801
 2707
 2684
 2791
 2773
 2831
 2871
 2794
 2681
 2741
 2741
 2781
 2789
 2741
 2734
 2791
 2825
 2743
 2706
 2734
 2728
 2751
 2736
 2753
 2771
 2805
 2809
 2764
 2684
 2667
 2721
 2750
 2754
 2670
 2750
 2755
 2696
 2709
 2730
 2751
 2692
 2780
 2781
 2713
 2677
 2725
 2614
 2752
 2768
 2558
 2755
 2709
 2744
 2734
 2686
 2697
 2733
 2719
 2715
 2696
 2669
 2590
 2690
 2649
 2674
 2600
 2643
 2643
 2725
 2637
 2548
 2643
 2592
 2573
 2556
 2670
 2641
 2664
 2533
 2658
 2618
 2540
 2669
 2623
 2563
 2638
 2595
 2551
 2576
 2573
 2557
 2498
 2529
 2561
 2532
 2518
 2580
 2579
 2512
 2657
 2493
 2529
 2493
 2556
 2559
 2671
 2482
 2520
 2497
 2442
 2435
 2494
 2477
 2463
 2411
 2446
 2424
 2425
 2387
 2404
 2372
 2487
 2424
 2420
 2402
 2372
 2379
 2445
 2394
 2321
 2376
 2352
 2366
 2332
 2229
 2397
 2365
 2294
 2293
 2302
 2278
 2272
 2249
 2310
 2280
 2340
 2273
 2268
 2255
 2209
 2248
 2170
 2184
 2245
 2231
 2224
 2147
 2222
 2216
 2201
 2194
 2096
 2251
 2159
 2143
 2137
 2118
 2199
 2130
 2171
 2168
 2160
 2168
 2139
 2074
 2085
 2141
 2172
 2119
 2146
 2181
 2160
 2115
 2119
 2149
 2098
 2125
 2135
 2159
 2193
 2136
 2162
 2123
 2127
 2156
 2113
 2241
 2185
 2140
 2099
 2165
 1994
 2120
 2091
 2037
 2097
 2178
 2064
 2135
 2134
 2147
 2100
 2094
 2063
 2102
 2119
 2072
 2030
 2150
 2236
 2135
 2160
 2107
 2087
 2130
 2160
 2102
 2127
 2162
 2097
 2181
 2147
 2154
 2131
 2195
 2123
 2135
 2101
 2151
 2126
 2235
 2210
 2123
 2177
 2201
 2122
 2191
 2165
 2221
 2119
 2246
 2141
 2114
 2174
 2100
 2116
 2152
 2173
 2218
 2110
 2170
 2125
 2142
 2209
 2148
 2173
 2192
 2194
 2088
 2181
 2178
 2138
 2207
 2165
 2187
 2192
 2179
 2095
 2220
 2136
 2089
 2195
 2128
 2174
 2160
 2114
 2206
 2120
 2229
 2121
 2134
 2071
 2112
 2258
 2132
 2157
 2195
 2209
 2054
 2134
 2148
 2063
 2207
 2184
 2150
 2148
 2191
 2098
 2151
 2128
 2074
 2080
 2106
 2142
 2169
 2048
 2102
 2009
 2111
 2055
 2122
 2100
 2139
 2129
 2236
 2041
 2084
 2186
 2069
 2108
 2016
 2074
 2172
 2073
 2129
 2035
 2093
 2075
 1979
 2089
 2082
 2083
 2146
 2100
 2075
 2019
 2118
 2000
 2008
 2051
 2001
 2067
 2069
 2111
 2073
 2080
 2048
 1991
 2088
 1993
 1998
 2043
 2021
 1965
 1966
 2077
 2043
 2028
 2078
 1991
 2052
 1942
 2011
 1998
 2044
 1953
 2019
 1864
 1988
 1933
 2001
 1970
 1920
 1996
 2013
 1922
 2003
 1868
 1933
 1944
 1971
 1955
 1899
 1960
 1978
 1918
 2029
 1961
 1969
 1971
 1972
 2035
 1927
 1915
 1984
 1913
 1968
 1924
 1968
 1890
 1937
 1963
 1899
 1893
 1899
 1997
 1952
 1902
 1901
 1949
 1856
 1979
 1873
 1929
 1907
 1863
 1879
 1826
 1871
 1880
 1882
 1878
 1876
 1902
 1945
 1824
 1897
 1856
 1831
 1869
 1849
 1826
 1832
 1829
 1887
 1920
 1874
 1841
 1879
 1809
 1835
 1924
 1813
 1865
 1855
 1863
 1853
 1892
 1790
 1829
 1787
 1799
 1841
 1892
 1780
 1800
 1843
 1790
 1902
 1888
 1843
 1812
 1793
 1771
 1718
 1807
 1763
 1859
 1857
 1749
 1759
 1798
 1846
 1784
 1842
 1719
 1730
 1792
 1734
 1792
 1786
 1760
 1856
 1724
 1843
 1797
 1792
 1853
 1753
 1759
 1816
 1816
 1871
 1769
 1817
 1766
 1732
 1736
 1755
 1728
 1733
 1736
 1794
 1702
 1714
 1752
 1697
 1750
 1773
 1726
 1719
 1724
 1788
 1781
 1741
 1833
 1826
 1707
 1763
 1783
 1728
 1768
 1745
 1749
 1689
 1781
 1758
 1755
 1794
 1736
 1721
 1651
 1736
 1771
 1772
 1757
 1822
 1708
 1809
 1689
 1734
 1759
 1686
 1694
 1823
 1707
 1762
 1816
 1737
 1695
 1798
 1735
 1744
 1732
 1715
 1710
 1653
 1713
 1753
 1744
 1785
 1724
 1683
 1677
 1691
 1706
 1679
 1676
 1693
 1793
 1728
 1650
 1652
 1792
 1744
 1716
 1781
 1699
 1737
 1692
 1748
 1746
 1766
 1761
 1733
 1666
 1677
 1711
 1766
 1702
 1640
 1700
 1770
 1734
 1782
 1711
 1732
 1687
 1669
 1752
 1674
 1650
 1718
 1741
 1699
 1766
 1673
 1764
 1635
 1724
 1682
 1668
 1737
 1781
 1741
 1777
 1682
 1637
 1696
 1679
 1691
 1722
 1639
 1712
 1777
 1618
 1692
 1752
 1721
 1693
 1751
 1671
 1682
 1743
 1724
 1683
 1727
 1826
 1714
 1744
 1697
 1719
 1726
 1695
 1780
 1752
 1691
 1702
 1785
 1715
 1709
 1649
 1720
 1672
 1700
 1710
 1720
 1735
 1699
 1663
 1663
 1674
 1705
 1738
 1715
 1733
 1650
 1669
 1713
 1773
 1686
 1688
 1704
 1747
 1660
 1720
 1669
 1686
 1621
 1776
 1741
 1676
 1698
 1722
 1688
 1685
 1661
 1681
 1698
 1692
 1682
 1626
 1725
 1691
 1742
 1642
 1761
 1765
 1666
 1685
 1683
 1711
 1716
 1663
 1723
 1696
 1681
 1609
 1663
 1668
 1702
 1700
 1647
 1645
 1639
 1657
 1648
 1683
 1595
 1742
 1655
 1653
 1681
 1681
 1692
 1586
 1642
 1672
 1664
 1695
 1635
 1646
 1598
 1679
 1646
 1713
 1631
 1618
 1506
 1681
 1653
 1626
 1600
 1726
 1588
 1568
 1626
 1627
 1687
 1617
 1639
 1655
 1622
 1604
 1582
 1603
 1612
 1621
 1514
 1574
 1649
 1594
 1611
 1532
 1617
 1628
 1524
 1616
 1618
 1676
 1557
 1512
 1562
 1539
 1560
 1568
 1538
 1524
 1589
 1612
 1619
 1563
 1524
 1534
 1587
 1584
 1554
 1545
 1485
 1594
 1504
 1557
 1444
 1528
 1452
 1607
 1440
 1564
 1479
 1502
 1538
 1512
 1452
 1489
 1533
 1516
 1496
 1560
 1504
 1524
 1454
 1519
 1567
 1477
 1539
 1415
 1547
 1521
 1533
 1449
 1473
 1486
 1482
 1482
 1499
 1472
 1496
 1493
 1436
 1492
 1474
 1516
 1517
 1429
 1285
 1412
 1420
 1439
 1417
 1407
 1350
 1399
 1429
 1414
 1427
 1373
 1445
 1422
 1435
 1395
 1469
 1374
 1376
 1403
 1422
 1379
 1422
 1359
 1428
 1410
 1433
 1444
 1419
 1449
 1402
 1382
 1362
 1344
 1358
 1417
 1332
 1412
 1483
 1444
 1332
 1419
 1401
 1382
 1372
 1302
 1355
 1413
 1351
 1374
 1356
 1315
 1307
 1358
 1393
 1387
 1359
 1318
 1321
 1391
 1365
 1340
 1307
 1354
 1236
 1305
 1384
 1302
 1339
 1258
 1341
 1346
 1330
 1315
 1300
 1308
 1404
 1350
 1304
 1322
 1234
 1337
 1357
 1285
 1330
 1258
 1355
 1357
 1296
 1367
 1316
 1235
 1360
 1273
 1258
 1313
 1311
 1281
 1304
 1281
 1367
 1249
 1278
 1305
 1280
 1291
 1305
 1292
 1234
 1284
 1250
 1206
 1241
 1285
 1241
 1307
 1286
 1216
 1259
 1262
 1242
 1305
 1264
 1231
 1346
 1256
 1259
 1250
 1229
 1219
 1278
 1290
 1223
 1234
 1216
 1252
 1284
 1238
 1233
 1236
 1325
 1326
 1267
 1273
 1278
 1263
 1258
 1257
 1212
 1257
 1201
 1270
 1222
 1248
 1220
 1238
 1239
 1209
 1252
 1261
 1196
 1228
 1170
 1259
 1256
 1207
 1177
 1245
 1234
 1247
 1268
 1197
 1206
 1177
 1216
 1127
 1207
 1153
 1229
 1243
 1228
 1142
 1232
 1177
 1207
 1174
 1200
 1147
 1176
 1170
 1141
 1186
 1181
 1101
 1185
 1139
 1154
 1092
 1184
 1195
 1119
 1131
 1161
 1126
 1156
 1092
 1055
 1097
 1119
 1151
 1117
 1119
 1119
 1119
 1133
 1056
 1127
 1095
 1166
 1074
 1074
 1066
 1063
 1064
 1085
 1004
 1026
 1071
 1052
 1079
 994
 1041
 992
 1073
 988
 1017
 947
 1014
 1000
 997
 967
 1019
 960
 996
 942
 1059
 984
 992
 965
 947
 956
 979
 936
 874
 935
 915
 924
 894
 851
 896
 876
 911
 835
 900
 868
 888
 857
 846
 830
 876
 869
 843
 817
 883
 850
 890
 882
 773
 843
 766
 793
 837
 820
 790
 828
 754
 808
 791
 812
 758
 767
 751
 779
 831
 793
 716
 767
 751
 687
 770
 744
 785
 750
 804
 765
 729
 756
 754
 728
 755
 667
 727
 718
 716
 675
 706
 716
 712
 641
 682
 670
 677
 664
 679
 606
 662
 634
 639
 657
 643
 646
 673
 583
 663
 653
 655
 644
 649
 651
 596
 634
 605
 646
 614
 585
 644
 606
 631
 593
 561
 611
 588
 558
 579
 581
 582
 578
 579
 573
 570
 563
 612
 574
 544
 525
 529
 565
 531
 543
 539
 561
 525
 566
 519
 570
 528
 549
 543
 541
 532
 506
 510
 525
 548
 552
 544
 539
 527
 530
 555
 555
 556
 548
 510
 526
 529
 522
 502
 531
 516
 504
 516
 510
 487
 502
 496
 505
 512
 494
 443
 543
 479
 507
 478
 517
 495
 457
 508
 503
 497
 494
 446
 506
 518
 493
 502
 538
 524
 449
 514
 477
 490
 483
 468
 496
 493
 493
 493
 510
 464
 468
 470
 498
 448
 476
 453
 506
 484
 457
 478
 497
 432
 480
 484
 503
 476
 465
 448
 508
 408
 487
 465
 464
 454
 453
 488
 482
 430
 451
 427
 440
 477
 476
 450
 423
 442
 454
 408
 456
 398
 412
 442
 476
 393
 480
 395
 427
 432
 444
 411
 441
 466
 448
 433
 464
 461
 427
 451
 456
 418
 475
 465
 448
 413
 423
 462
 416
 457
 455
 426
 447
 448
 460
 395
 415
 428
 451
 420
 405
 433
 447
 403
 387
 399
 395
 437
 377
 407
 396
 378
 370
 368
 356
 372
 322
 365
 371
 366
 322
 301
 338
 313
 269
 296
 303
 309
 250
 292
 282
 306
 310
 303
 267
 290
 282
 290
 289
 297
 306
 283
 283
 270
 284
 310
 261
 254
 267
 254
 304
 303
 304
 287
 309
 292
 285
 312
 286
 262
 290
 311
 276
 270
 275
 300
 278
 276
 288
 265
 285
 271
 257
 262
 283
 295
 286
 276
 295
 289
 269
 240
 269
 269
 284
 277
 255
 250
 254
 266
 269
 294
 258
 293
 261
 298
 264
 287
 234
 284
 218
 266
 260
 265
 275
 262
 257
 257
 246
 260
 253
 255
 265
 247
 258
 281
 262
 254
 260
 256
 252
 261
 272
 270
 254
 221
 259
 253
 262
 244
 249
 271
 253
 259
 269
 226
 238
 276
 251
 252
 226
 262
 247
 254
 261
 231
 268
 253
 232
 252
 244
 240
 237
 225
 227
 241
 222
 237
 237
 239
 220
 219
 241
 267
 213
 247
 219
 221
 236
 224
 225
 262
 231
 206
 240
 237
 229
 230
 220
 242
 225
 224
 236
 227
 201
 228
 217
 226
 201
 232
 229
 215
 221
 203
 213
 231
 249
 229
 235
 221
 221
 194
 219
 198
 197
 227
 211
 194
 222
 193
 216
 203
 188
 203
 214
 208
 190
 179
 210
 231
 193
 228
 250
 199
 185
 187
 207
 204
 202
 189
 178
 205
 203
 186
 208
 202
 190
 173
 197
 206
 186
 191
 211
 197
 204
 221
 163
 196
 205
 176
 189
 180
 201
 208
 179
 181
 203
 167
 185
 192
 191
 183
 202
 168
 195
 203
 184
 195
 200
 166
 178
 198
 199
 174
 179
 187
 166
 170
 199
 171
 197
 181
 175
 152
 173
 168
 174
 183
 163
 196
 169
 173
 162
 183
 188
 157
 169
 166
 167
 166
 167
 190
 182
 179
 159
 171
 159
 187
 160
 182
 165
 175
 159
 174
 165
 142
 162
 170
 153
 167
 164
 177
 162
 170
 163
 176
 158
 176
 166
 172
 174
 185
 175
 146
 163
 154
 119
 154
 166
 143
 158
 153
 169
 143
 146
 150
 146
 164
 130
 132
 147
 168
 146
 159
 156
 144
 159
 145
 158
 138
 138
 162
 141
 141
 127
 116
 147
 140
 120
 145
 152
 155
 151
 132
 150
 140
 158
 138
 151
 140
 138
 139
 130
 142
 150
 131
 122
 131
 128
 136
 133
 121
 145
 139
 149
 146
 141
 151
 139
 126
 124
 123
 128
 140
 127
 141
 127
 128
 147
 126
 139
 131
 128
 130
 139
 128
 132
 130
 116
 135
 104
 139
 115
 124
 126
 150
 131
 145
 112
 111
 126
 130
 97
 126
 138
 132
 124
 107
 138
 111
 129
 131
 151
 128
 129
 108
 147
 109
 123
 119
 112
 128
 132
 129
 121
 109
 116
 109
 120
 135
 129
 116
 134
 123
 115
 103
 125
 97
 116
 123
 131
 133
 116
 117
 107
 119
 121
 114
 104
 117
 109
 117
 115
 132
 110
 129
 130
 101
 127
 112
 125
 122
 103
 123
 115
 125
 110
 112
 114
 117
 104
 120
 114
 111
 110
 119
 97
 125
 127
 102
 113
 102
 112
 118
 112
 99
 142
 127
 98
 109
 123
 115
 119
 118
 118
 120
 128
 122
 97
 118
 119
 132
 103
 89
 135
 121
 131
 111
 111
 113
 114
 103
 106
 103
 129
 104
 101
 118
 107
 119
 105
 106
 109
 103
 95
 109
 123
 101
 118
 109
 89
 89
 116
 91
 112
 109
 122
 122
 100
 95
 102
 115
 99
 90
 87
 95
 107
 86
 116
 114
 109
 98
 109
 124
 95
 93
 90
 115
 117
 117
 96
 87
 92
 126
 106
 93
 109
 100
 112
 100
 92
 115
 98
 127
 101
 109
 104
 85
 101
 106
 95
 85
 72
 91
 88
 108
 97
 107
 99
 101
 95
 89
 92
 102
 96
 100
 84
 93
 108
 90
 103
 95
 102
 108
 78
 104
 96
 92
 92
 99
 98
 113
 92
 108
 96
 84
 109
 97
 95
 88
 103
 102
 91
 85
 89
 116
 105
 106
 81
 88
 83
 118
 106
 128
 83
 97
 92
 95
 90
 92
 86
 109
 90
 92
 99
 81
 91
 75
 88
 104
 104
 97
 82
 92
 91
 95
 99
 87
 85
 94
 82
 80
 76
 104
 95
 82
 75
 85
 99
 83
 79
 90
 88
 87
 77
 79
 70
 98
 92
 102
 81
 90
 80
 106
 82
 88
 90
 69
 100
 87
 96
 91
 84
 82
 83
 73
 67
 79
 77
 94
 101
 90
 93
 84
 79
 83
 90
 65
 68
 81
 78
 71
 78
 70
 72
 76
 84
 81
 89
 74
 80
 84
 67
 84
 63
 73
 88
 89
 77
 73
 83
 81
 82
 70
 81
 84
 74
 95
 74
 92
 70
 78
 75
 71
 72
 57
 87
 78
 64
 72
 75
 80
 85
 60
 71
 68
 73
 71
 68
 81
 60
 85
 62
 71
 82
 62
 81
 71
 85
 68
 77
 74
 68
 72
 85
 77
 71
 55
 78
 78
 71
 70
 74
 66
 71
 69
 51
 68
 73
 79
 82
 76
 89
 73
 79
 70
 68
 65
 73
 71
 77
 74
 62
 72
 68
 60
 69
 52
 62
 71
 78
 67
 70
 65
 58
 56
 57
 62
 78
 50
 55
 72
 71
 59
 50
 81
 47
 63
 55
 62
 68
 75
 72
 64
 59
 78
 65
 63
 71
 77
 63
 71
 61
 69
 64
 60
 71
 59
 54
 79
 62
 56
 71
 65
 73
 48
 54
 54
 65
 70
 54
 58
 55
 63
 60
 65
 84
 57
 73
 58
 54
 62
 48
 49
 49
 63
 56
 64
 68
 61
 68
 70
 65
 67
 58
 67
 54
 59
 53
 55
 53
 53
 57
 58
 43
 47
 64
 49
 53
 74
 55
 60
 66
 59
 63
 54
 55
 56
 39
 63
 57
 54
 49
 50
 64
 62
 44
 45
 43
 55
 55
 55
 41
 53
 59
 46
 56
 43
 56
 50
 49
 59
 58
 58
 50
 47
 43
 51
 54
 67
 68
 43
 52
 55
 49
 63
 49
 42
 47
 41
 31
 60
 66
 61
 53
 50
 51
 51
 57
 52
 45
 54
 56
 41
 51
 55
 58
 37
 54
 49
 61
 43
 40
 52
 59
 44
 57
 50
 59
 53
 48
 55
 51
 42
 41
 50
 60
 32
 37
 40
 44
 42
 33
 54
 42
 50
 37
 41
 25
 47
 38
 40
 54
 45
 36
 40
 52
 43
 37
 47
 43
 48
 38
 42
 32
 44
 29
 46
 44
 46
 39
 38
 48
 29
 50
 40
 53
 56
 34
 46
 32
 49
 34
 47
 33
 42
 47
 31
 34
 42
 41
 30
 45
 38
 38
 37
 49
 33
 43
 41
 38
 46
 38
 43
 47
 41
 46
 53
 50
 46
 49
 31
 36
 42
 42
 37
 34
 36
 29
 43
 42
 27
 48
 38
 35
 38
 46
 38
 52
 30
 39
 41
 26
 38
 38
 30
 34
 28
 39
 31
 49
 43
 43
 29
 27
 37
 37
 36
 28
 38
 27
 25
 35
 38
 41
 37
 37
 41
 40
 27
 36
 32
 40
 43
 38
 38
 31
 29
 32
 30
 33
 30
 28
 33
 41
 31
 29
 30
 28
 36
 32
 26
 39
 31
 39
 33
 31
 27
 30
 36
 33
 41
 32
 39
 35
 28
 38
 27
 35
 33
 33
 40
 35
 24
 37
 35
 27
 36
 29
 25
 36
 36
 34
 26
 39
 29
 30
 30
 22
 27
 32
 30
 40
 31
 35
 35
 27
 38
 35
 41
 34
 32
 37
 32
 23
 32
 29
 31
 28
 26
 26
 29
 36
 38
 22
 21
 33
 26
 21
 25
 25
 35
 42
 31
 32
 37
 30
 29
 25
 27
 27
 21
 29
 31
 39
 30
 32
 29
 27
 21
 22
 20
 35
 27
 35
 31
 18
 34
 35
 31
 30
 34
 28
 27
 23
 28
 22
 18
 25
 21
 24
 20
 24
 20
 32
 22
 21
 26
 28
 19
 15
 25
 18
 23
 31
 22
 25
 28
 21
 31
 17
 19
 18
 23
 27
 23
 22
 27
 22
 30
 27
 24
 21
 21
 19
 23
 14
 26
 15
 23
 28
 23
 12
 26
 23
 19
 28
 22
 28
 17
 27
 27
 27
 32
 21
 21
 17
 20
 27
 23
 23
 24
 25
 22
 22
 20
 30
 30
 27
 16
 26
 22
 21
 19
 21
 27
 21
 27
 19
 25
 20
 16
 26
 28
 25
 18
 24
 27
 21
 26
 14
 16
 19
 15
 16
 25
 26
 24
 16
 25
 22
 24
 13
 20
 15
 19
 21
 15
 24
 24
 25
 18
 23
 24
 22
 34
 16
 25
 19
 22
 18
 17
 15
 18
 19
 15
 22
 17
 21
 27
 15
 18
 26
 26
 28
 20
 13
 19
 21
 24
 26
 17
 16
 13
 16
 15
 20
 17
 20
 22
 16
 13
 25
 12
 21
 23
 17
 21
 21
 24
 26
 11
 12
 20
 17
 16
 16
 18
 7
 26
 22
 14
 23
 21
 19
 16
 18
 21
 18
 13
 18
 11
 15
 18
 18
 20
 14
 13
 20
 16
 19
 22
 15
 23
 22
 13
 23
 13
 19
 6
 14
 14
 12
 11
 14
 11
 16
 16
 17
 20
 18
 11
 20
 21
 24
 17
 17
 16
 15
 10
 21
 20
 14
 14
 18
 21
 12
 21
 16
 15
 17
 17
 14
 17
 21
 18
 14
 12
 16
 23
 14
 20
 16
 15
 15
 16
 15
 20
 21
 14
 17
 27
 14
 21
 17
 15
 14
 17
 22
 15
 11
 14
 18
 17
 17
 16
 14
 16
 13
 23
 16
 10
 12
 12
 15
 14
 8
 13
 15
 15
 16
 14
 13
 10
 16
 15
 14
 11
 12
 18
 16
 16
 8
 14
 8
 12
 15
 12
 11
 19
 12
 9
 10
 14
 14
 9
 9
 18
 16
 13
 22
 11
 24
 11
 20
 9
 13
 15
 20
 13
 15
 9
 19
 8
 11
 10
 14
 3
 12
 13
 10
 20
 10
 11
 18
 13
 16
 8
 12
 6
 13
 7
 12
 11
 16
 9
 7
 16
 19
 12
 12
 12
 10
 9
 13
 13
 13
 12
 16
 11
 11
 15
 13
 8
 5
 7
 7
 13
 7
 20
 10
 12
 8
 11
 15
 16
 9
 20
 7
 11
 18
 16
 11
 17
 8
 7
 14
 9
 7
 12
 11
 9
 15
 15
 16
 10
 9
 16
 12
 11
 8
 20
 9
 12
 17
 11
 10
 10
 14
 11
 9
 10
 8
 5
 8
 15
 15
 11
 11
 14
 6
 10
 9
 14
 11
 12
 10
 7
 12
 11
 8
 8
 13
 12
 12
 5
 10
 13
 20
 6
 12
 8
 14
 9
 9
 13
 10
 7
 11
 5
 19
 6
 8
 10
 10
 7
 13
 16
 11
 7
 9
 10
 8
 9
 10
 13
 18
 4
 17
 7
 10
 11
 11
 8
 17
 8
 15
 5
 8
 5
 14
 6
 9
 14
 10
 11
 6
 9
 11
 14
 11
 8
 12
 13
 5
 11
 10
 7
 7
 19
 9
 9
 13
 11
 11
 12
 5
 15
 7
 6
 13
 7
 10
 9
 14
 8
 4
 11
 7
 11
 16
 1
 7
 7
 12
 10
 11
 6
 10
 9
 11
 5
 6
 4
 9
 6
 10
 11
 8
 8
 9
 13
 8
 11
 7
